0 0 0
1 0 0
2 0 0
3 0 0
4 0 0
5 0 0
6 0 0
7 0 0
8 0 0
9 0 0
10 0 0
11 0 0
12 0 0
13 0 0
14 0 0
15 0 0
16 0 0
17 0 0
18 0 0
19 0 0
20 0 0
21 0 0
22 0 0
23 0 0
24 0 0
25 0 0
26 0 0
27 0 0
28 0 0
29 0 0
30 0 0
31 0 0
32 0 0
33 0 0
34 0 0
35 0 0
36 0 0
37 0 0
38 0 0
39 0 0
40 0 0
41 0 0
42 0 0
43 0 0
44 0 0
45 0 0
46 0 0
47 0 0
48 0 0
49 0 0
50 0 0
51 0 0
52 0 0
53 0 0
54 0 0
55 0 0
56 0 0
57 0 0
58 0 0
59 0 0
60 0 0
61 0 0
62 0 0
63 0 0
64 0 0
65 0 0
66 0 0
67 0 0
68 0 0
69 0 0
70 0 0
71 0 0
72 0 0
73 0 0
74 0 0
75 0 0
76 0 0
77 0 0
78 0 0
79 0 0
80 0 0
81 0 0
82 0 0
83 0 0
84 0 0
85 0 0
86 0 0
87 0 0
88 0 0
89 0 0
90 0 0
91 0 0
92 0 0
93 0 0
94 0 0
95 0 0
96 0 0
97 0 0
98 0 0
99 0 0
100 0 0
101 0 0
102 0 0
103 0 0
104 0 0
105 0 0
106 0 0
107 0 0
108 0 0
109 0 0
110 0 0
111 0 0
112 0 0
113 0 0
114 0 0
115 0 0
116 0 0
117 0 0
118 0 0
119 0 0
120 0 0
121 0 0
122 0 0
123 0 0
124 0 0
125 0 0
126 0 0
127 0 0
128 0 0
129 0 0
130 0 0
131 0 0
132 0 0
133 0 0
134 0 0
135 0 0
136 0 0
137 0 0
138 0 0
139 0 0
140 0 0
141 0 0
142 0 0
143 0 0
144 0 0
145 0 0
146 0 0
147 0 0
148 0 0
149 0 0
150 0 0
151 0 0
152 0 0
153 0 0
154 0 0
155 0 0
156 0 0
157 0 0
158 0 0
159 0 0
160 0 0
161 0 0
162 0 0
163 0 0
164 0 0
165 0 0
166 0 0
167 0 0
168 0 0
169 0 0
170 0 0
171 0 0
172 0 0
173 0 0
174 0 0
175 0 0
176 0 0
177 0 0
178 0 0
179 0 0
180 0 0
181 0 0
182 0 0
183 0 0
184 0 0
185 0 0
186 0 0
187 0 0
188 0 0
189 0 0
190 0 0
191 0 0
192 0 0
193 0 0
194 0 0
195 0 0
196 0 0
197 0 0
198 0 0
199 0 0
200 0 0
201 0 0
202 0 0
203 0 0
204 0 0
205 0 0
206 0 0
207 0 0
208 0 0
209 0 0
210 0 0
211 0 0
212 0 0
213 0 0
214 0 0
215 0 0
216 0 0
217 0 0
218 0 0
219 0 0
220 0 0
221 0 0
222 0 0
223 0 0
224 0 0
225 0 0
226 0 0
227 0 0
228 0 0
229 0 0
230 0 1
231 0 1
232 0 1
233 0 1
234 0 1
235 0 1
236 0 1
237 0 1
238 0 1
239 0 1
240 0 1
241 0 1
242 0 1
243 0 1
244 0 1
245 0 1
246 0 1
247 0 1
248 0 1
249 0 1
250 0 1
251 0 1
252 0 0
253 0 0
254 0 0
255 0 0
256 0 0
257 0 0
258 0 0
259 0 0
260 0 0
261 0 0
262 0 0
263 0 0
264 0 0
265 0 0
266 0 0
267 0 0
268 0 0
269 0 0
270 0 0
271 0 0
272 0 0
273 0 0
274 0 0
275 0 0
276 0 0
277 0 0
278 0 0
279 0 0
280 0 0
281 0 0
282 0 0
283 0 0
284 0 0
285 0 0
286 0 0
287 0 0
288 0 1
289 0 1
290 0 1
291 0 1
292 0 1
293 0 1
294 0 1
295 0 1
296 1 1
297 1 1
298 1 1
299 1 1
300 1 1
301 1 1
302 1 1
303 1 1
304 1 1
305 1 1
306 1 1
307 1 1
308 1 1
309 1 1
310 1 1
311 1 1
312 1 1
313 1 1
314 1 1
315 1 1
316 1 1
317 1 1
318 1 1
319 1 1
320 1 1
321 1 1
322 1 1
323 1 1
324 1 1
325 1 1
326 1 1
327 1 1
328 1 1
329 1 1
330 1 1
331 1 1
332 1 1
333 1 1
334 1 1
335 1 1
336 1 1
337 1 1
338 1 1
339 1 1
340 1 1
341 1 1
342 1 1
343 1 1
344 1 1
345 1 1
346 1 1
347 1 1
348 1 1
349 1 1
350 1 1
351 1 1
352 1 1
353 1 1
354 1 1
355 1 1
356 1 1
357 1 1
358 1 1
359 1 1
360 1 1
361 1 1
362 1 1
363 1 1
364 1 1
365 1 1
366 1 1
367 1 1
368 1 1
369 1 1
370 1 1
371 1 1
372 1 1
373 1 1
374 1 1
375 1 1
376 1 1
377 1 1
378 1 1
379 1 1
380 1 1
381 1 1
382 1 1
383 1 1
384 1 1
385 1 1
386 1 1
387 1 1
388 1 1
389 1 1
390 1 1
391 1 1
392 1 1
393 1 1
394 1 1
395 1 2
396 1 2
397 1 2
398 1 2
399 1 2
400 1 2
401 1 2
402 1 2
403 1 2
404 1 2
405 1 2
406 1 2
407 1 2
408 1 2
409 1 2
410 1 2
411 1 2
412 1 2
413 1 2
414 1 2
415 1 2
416 1 2
417 1 2
418 1 2
419 1 2
420 1 2
421 1 2
422 1 2
423 1 2
424 1 3
425 1 3
426 1 3
427 1 3
428 1 3
429 1 3
430 1 3
431 1 3
432 1 3
433 1 3
434 1 3
435 1 3
436 1 3
437 1 3
438 1 3
439 1 3
440 1 3
441 1 3
442 1 3
443 1 3
444 1 4
445 2 4
446 2 4
447 2 5
448 2 5
449 2 5
450 2 5
451 2 5
452 2 5
453 2 5
454 2 5
455 2 5
456 2 5
457 2 5
458 2 5
459 2 5
460 2 5
461 2 5
462 2 6
463 2 5
464 2 5
465 2 5
466 2 6
467 2 6
468 2 6
469 2 6
470 2 6
471 2 6
472 2 6
473 2 6
474 2 6
475 2 6
476 2 6
477 2 6
478 2 7
479 2 7
480 2 7
481 2 7
482 2 7
483 2 7
484 2 7
485 2 7
486 2 7
487 2 7
488 2 7
489 2 7
490 2 7
491 2 7
492 2 7
493 2 7
494 2 7
495 2 7
496 2 7
497 2 7
498 2 7
499 2 7
500 2 7
501 2 7
502 2 7
503 2 7
504 2 7
505 2 7
506 2 8
507 2 8
508 2 8
509 2 8
510 2 8
511 2 8
512 2 8
513 2 8
514 2 8
515 2 8
516 2 8
517 2 9
518 2 9
519 2 9
520 2 9
521 2 9
522 2 9
523 2 9
524 2 9
525 2 9
526 2 9
527 2 9
528 2 9
529 2 9
530 2 9
531 2 9
532 2 9
533 2 9
534 2 9
535 2 9
536 2 9
537 2 9
538 2 10
539 2 10
540 2 10
541 3 10
542 3 9
543 3 9
544 3 10
545 3 10
546 3 10
547 3 10
548 3 10
549 3 10
550 3 10
551 3 10
552 3 10
553 3 10
554 3 11
555 3 11
556 3 11
557 3 11
558 3 12
559 3 12
560 3 12
561 3 12
562 3 12
563 3 12
564 3 12
565 3 13
566 3 13
567 3 13
568 3 13
569 3 13
570 3 13
571 3 13
572 3 14
573 3 14
574 3 14
575 3 14
576 3 14
577 3 14
578 3 14
579 3 14
580 3 15
581 3 15
582 3 15
583 3 16
584 3 16
585 3 16
586 3 16
587 3 16
588 3 16
589 3 17
590 3 17
591 4 17
592 4 18
593 4 18
594 4 18
595 4 18
596 4 18
597 4 19
598 4 19
599 4 19
600 4 19
601 4 19
602 4 19
603 4 19
604 4 20
605 4 20
606 4 20
607 4 20
608 4 20
609 4 20
610 4 21
611 4 21
612 4 21
613 4 21
614 4 21
615 4 21
616 4 21
617 4 21
618 4 22
619 4 22
620 4 22
621 4 22
622 4 22
623 4 22
624 4 22
625 4 22
626 4 23
627 4 23
628 4 23
629 4 23
630 4 23
631 4 23
632 4 24
633 4 24
634 4 24
635 4 24
636 4 24
637 4 25
638 4 25
639 4 25
640 4 25
641 4 25
642 4 25
643 4 25
644 4 25
645 4 26
646 4 26
647 4 26
648 4 26
649 5 26
650 5 26
651 5 27
652 5 27
653 5 27
654 5 27
655 5 27
656 5 28
657 5 28
658 5 28
659 5 28
660 5 28
661 5 28
662 5 28
663 5 29
664 5 29
665 5 29
666 5 29
667 5 29
668 5 29
669 5 30
670 5 30
671 5 30
672 5 30
673 5 30
674 5 30
675 5 30
676 5 31
677 5 31
678 5 31
679 5 31
680 5 31
681 5 31
682 5 32
683 6 32
684 6 32
685 6 32
686 6 32
687 6 32
688 6 32
689 6 32
690 6 33
691 6 33
692 6 33
693 6 33
694 6 33
695 6 33
696 6 34
697 6 34
698 6 34
699 6 34
700 6 34
701 6 34
702 6 34
703 6 35
704 7 35
705 7 35
706 7 35
707 7 35
708 7 35
709 7 36
710 7 36
711 7 36
712 7 36
713 7 36
714 7 36
715 7 36
716 7 36
717 8 36
718 8 37
719 8 37
720 8 37
721 8 37
722 8 37
723 8 37
724 8 37
725 8 37
726 8 37
727 8 38
728 8 38
729 8 38
730 8 38
731 8 38
732 9 38
733 9 38
734 9 38
735 9 39
736 9 39
737 9 39
738 10 39
739 10 39
740 11 39
741 11 40
742 11 40
743 11 40
744 12 40
745 12 40
746 12 40
747 12 40
748 12 41
749 13 41
750 13 41
751 13 41
752 13 41
753 13 41
754 13 41
755 13 41
756 14 41
757 14 41
758 14 41
759 14 42
760 14 42
761 15 42
762 17 42
763 17 42
764 18 42
765 18 42
766 18 42
767 18 42
768 22 42
769 26 43
770 33 43
771 33 43
772 33 43
773 33 43
774 36 43
775 36 43
776 39 44
777 41 44
778 42 44
779 43 44
780 44 44
781 100 44
