0 0 0
1 0 0
2 0 0
3 0 0
4 0 0
5 0 0
6 0 0
7 0 0
8 0 0
9 0 0
10 0 0
11 0 0
12 0 0
13 0 0
14 0 0
15 0 0
16 0 0
17 0 0
18 0 0
19 0 0
20 0 0
21 0 0
22 0 0
23 0 0
24 0 0
25 0 0
26 0 0
27 0 0
28 0 0
29 0 0
30 0 0
31 0 0
32 0 0
33 0 0
34 0 0
35 0 0
36 0 0
37 0 0
38 0 0
39 0 0
40 0 0
41 0 0
42 0 0
43 0 0
44 0 0
45 0 0
46 0 0
47 0 0
48 0 0
49 0 0
50 0 0
51 0 0
52 0 0
53 0 0
54 0 0
55 0 0
56 0 0
57 0 0
58 0 0
59 0 0
60 0 0
61 0 0
62 0 0
63 0 0
64 0 0
65 0 0
66 0 0
67 0 0
68 0 0
69 0 0
70 0 0
71 0 0
72 0 0
73 0 0
74 0 0
75 0 0
76 0 0
77 0 0
78 0 0
79 0 0
80 0 0
81 0 0
82 0 0
83 0 0
84 0 0
85 0 0
86 0 0
87 0 0
88 0 0
89 0 0
90 0 0
91 0 0
92 0 0
93 0 0
94 0 0
95 0 0
96 0 0
97 0 0
98 0 0
99 0 0
100 0 0
101 0 0
102 0 0
103 0 0
104 0 0
105 0 0
106 0 0
107 0 0
108 0 0
109 0 0
110 0 0
111 0 0
112 0 0
113 0 0
114 0 0
115 0 33
116 0 33
117 0 33
118 0 33
119 0 33
120 0 33
121 0 33
122 0 33
123 0 33
124 0 33
125 0 33
126 0 33
127 0 33
128 0 33
129 0 33
130 0 33
131 0 33
132 0 33
133 0 33
134 0 33
135 0 33
136 0 33
137 0 33
138 0 33
139 0 33
140 0 33
141 0 33
142 0 33
143 0 33
144 0 33
145 0 33
146 0 33
147 0 33
148 0 33
149 0 33
150 0 33
151 0 33
152 0 33
153 0 33
154 0 33
155 0 33
156 0 33
157 0 33
158 0 33
159 0 33
160 0 33
161 0 33
162 0 33
163 0 33
164 0 33
165 0 33
166 0 33
167 0 33
168 0 33
169 0 33
170 0 33
171 0 33
172 0 33
173 0 33
174 0 33
175 0 33
176 0 33
177 0 33
178 0 33
179 0 50
180 0 50
181 0 50
182 0 50
183 0 60
184 0 60
185 0 60
186 0 60
187 0 60
188 0 60
189 0 60
190 0 60
191 0 60
192 0 50
193 0 50
194 0 50
195 0 50
196 0 57
197 0 57
198 0 57
199 0 57
200 0 57
201 0 62
202 0 62
203 0 66
204 0 66
205 0 66
206 0 66
207 0 66
208 0 66
209 0 66
210 0 66
211 0 66
212 0 66
213 0 66
214 0 66
215 0 66
216 0 66
217 0 66
218 0 66
219 0 66
220 0 66
221 0 66
222 0 66
223 0 66
224 0 66
225 0 66
226 0 66
227 0 66
228 0 66
229 0 66
230 0 66
231 0 66
232 0 66
233 0 66
234 0 66
235 0 66
236 0 66
237 0 66
238 0 66
239 0 66
240 0 66
241 0 66
242 0 66
243 0 66
244 0 66
245 0 66
246 0 66
247 0 66
248 0 70
249 0 70
250 0 70
251 0 70
252 0 70
253 0 70
254 0 70
255 0 70
256 0 70
257 0 70
258 0 70
259 0 70
260 0 70
261 0 70
262 0 70
263 0 70
264 0 70
265 0 70
266 0 70
267 0 70
268 0 70
269 0 70
270 0 70
271 0 70
272 0 70
273 0 72
274 0 72
275 0 72
276 0 72
277 0 72
278 0 72
279 0 72
280 0 72
281 0 72
282 0 72
283 0 72
284 0 72
285 0 72
286 0 72
287 0 72
288 0 72
289 0 72
290 0 72
291 0 72
292 0 72
293 0 72
294 0 72
295 0 72
296 0 72
297 0 72
298 0 72
299 0 72
300 0 72
301 0 75
302 0 75
303 0 75
304 0 75
305 0 75
306 0 75
307 0 75
308 0 75
309 0 75
310 0 75
311 0 75
312 0 75
313 0 75
314 0 75
315 0 75
316 0 75
317 0 75
318 0 75
319 0 75
320 0 75
321 0 75
322 0 75
323 0 75
324 0 75
325 0 75
326 0 75
327 0 75
328 0 75
329 0 75
330 0 75
331 0 75
332 0 75
333 0 75
334 0 75
335 0 75
336 0 75
337 0 75
338 0 75
339 0 75
340 0 75
341 0 75
342 0 75
343 0 75
344 0 75
345 0 75
346 0 75
347 0 75
348 0 75
349 0 75
350 0 75
351 0 75
352 0 75
353 0 75
354 0 75
355 0 75
356 0 75
357 0 75
358 0 75
359 0 75
360 0 75
361 0 75
362 0 75
363 0 75
364 0 75
365 0 75
366 0 75
367 0 75
368 0 75
369 0 75
370 0 75
371 0 75
372 0 75
373 0 75
374 0 75
375 0 76
376 0 76
377 0 78
378 0 78
379 0 78
380 0 78
381 0 78
382 0 80
383 0 80
384 0 80
385 0 80
386 0 80
387 0 80
388 0 80
389 0 80
390 0 80
391 0 80
392 0 80
393 0 80
394 0 80
395 0 80
396 0 80
397 0 80
398 0 80
399 0 80
400 0 80
401 0 81
402 0 81
403 0 81
404 0 81
405 0 81
406 0 81
407 0 81
408 0 81
409 0 81
410 0 81
411 0 81
412 0 81
413 0 81
414 0 76
415 0 76
416 0 76
417 0 76
418 0 76
419 0 72
420 0 72
421 0 72
422 0 72
423 0 72
424 0 72
425 0 72
426 0 72
427 0 72
428 0 72
429 0 72
430 0 68
431 0 68
432 0 68
433 0 68
434 0 68
435 0 68
436 0 68
437 0 70
438 0 70
439 0 70
440 0 70
441 0 70
442 0 70
443 0 70
444 0 70
445 0 70
446 0 70
447 0 70
448 0 70
449 0 70
450 0 70
451 0 70
452 0 70
453 0 70
454 0 70
455 0 70
456 0 70
457 0 70
458 0 70
459 0 70
460 0 70
461 0 70
462 0 70
463 0 66
464 0 66
465 0 63
466 0 63
467 0 63
468 0 63
469 0 63
470 0 63
471 0 63
472 0 63
473 0 63
474 0 63
475 0 63
476 0 63
477 0 63
478 0 63
479 0 63
480 0 63
481 0 63
482 0 63
483 0 63
484 0 63
485 0 63
486 0 63
487 0 63
488 0 63
489 0 63
490 0 63
491 0 63
492 0 63
493 0 63
494 0 63
495 0 63
496 0 63
497 0 63
498 0 63
499 0 63
500 0 63
501 0 63
502 0 63
503 0 63
504 0 63
505 0 63
506 0 63
507 0 63
508 0 63
509 0 63
510 0 63
511 0 63
512 0 63
513 0 63
514 0 63
515 0 63
516 0 63
517 0 63
518 0 63
519 0 63
520 0 63
521 0 60
522 0 60
523 0 60
524 0 60
525 0 60
526 0 60
527 0 60
528 0 60
529 0 60
530 0 60
531 0 60
532 0 60
533 0 58
534 0 58
535 0 58
536 0 58
537 0 58
538 0 58
539 0 58
540 0 58
541 0 58
542 0 58
543 0 58
544 0 60
545 0 60
546 0 60
547 0 60
548 0 60
549 0 60
550 0 60
551 0 60
552 0 60
553 0 60
554 0 60
555 0 60
556 0 60
557 0 60
558 0 60
559 0 60
560 0 57
561 0 57
562 0 55
563 0 55
564 0 55
565 0 55
566 0 55
567 0 53
568 0 53
569 0 53
570 0 53
571 0 53
572 0 53
573 0 53
574 0 53
575 0 53
576 0 53
577 0 53
578 0 53
579 0 53
580 0 53
581 0 53
582 0 53
583 0 53
584 0 53
585 0 53
586 0 53
587 0 53
588 0 53
589 0 53
590 0 53
591 0 53
592 0 51
593 0 51
594 0 53
595 0 53
596 0 53
597 0 51
598 0 51
599 0 51
600 0 51
601 0 51
602 0 51
603 0 51
604 0 51
605 0 51
606 0 50
607 0 50
608 0 50
609 0 50
610 0 50
611 0 50
612 0 50
613 0 50
614 0 50
615 0 50
616 0 50
617 0 50
618 0 50
619 0 50
620 0 48
621 0 48
622 0 48
623 0 48
624 0 48
625 0 48
626 0 48
627 0 48
628 0 48
629 0 47
630 0 47
631 0 47
632 0 47
633 0 47
634 0 47
635 0 47
636 0 47
637 0 47
638 0 47
639 0 47
640 0 47
641 0 47
642 0 47
643 0 47
644 0 47
645 0 47
646 0 47
647 0 47
648 0 45
649 0 47
650 0 45
651 0 45
652 0 45
653 0 45
654 0 45
655 0 44
656 0 44
657 0 44
658 0 46
659 0 46
660 0 46
661 0 46
662 0 46
663 0 46
664 0 46
665 0 46
666 0 46
667 0 46
668 0 45
669 0 45
670 0 45
671 0 46
672 0 46
673 0 46
674 0 46
675 0 46
676 0 46
677 0 46
678 0 46
679 0 46
680 0 46
681 0 46
682 0 46
683 0 46
684 0 45
685 0 45
686 0 45
687 0 45
688 0 45
689 0 45
690 0 45
691 0 45
692 0 44
693 0 44
694 0 44
695 0 43
696 0 43
697 0 43
698 0 43
699 0 43
700 0 43
701 0 43
702 0 43
703 0 43
704 0 43
705 0 42
706 0 42
707 0 42
708 0 42
709 0 42
710 0 42
711 0 42
712 0 43
713 0 42
714 0 42
715 0 42
716 0 42
717 0 42
718 0 42
719 0 42
720 0 42
721 0 42
722 0 42
723 0 42
724 0 42
725 0 42
726 0 42
727 0 42
728 0 42
729 0 42
730 0 42
731 0 42
732 0 42
733 0 42
734 0 42
735 0 42
736 0 42
737 0 42
738 0 42
739 0 42
740 0 42
741 0 42
742 0 42
743 0 42
744 0 42
745 0 42
746 0 42
747 0 42
748 0 42
749 0 42
750 0 42
751 0 42
752 0 42
753 0 42
754 0 42
755 0 43
756 0 43
757 0 43
758 0 43
759 0 43
760 0 43
761 0 43
762 0 43
763 0 43
764 0 42
765 0 42
766 0 42
767 0 42
768 0 44
769 0 45
770 0 45
771 0 45
772 0 45
773 0 45
774 0 45
775 0 45
776 0 45
777 0 46
778 0 46
779 0 46
780 0 46
781 0 45
782 0 45
783 0 45
784 0 45
785 0 45
786 0 44
787 0 44
788 0 44
789 0 44
790 0 44
791 0 44
792 0 44
793 0 44
794 0 45
795 0 45
796 0 45
797 0 44
798 0 44
799 0 44
800 0 44
801 0 44
802 0 44
803 0 44
804 0 44
805 0 44
806 0 43
807 0 43
808 0 43
809 0 43
810 0 43
811 0 43
812 0 43
813 0 43
814 0 43
815 0 43
816 0 43
817 0 43
818 0 43
819 0 43
820 0 43
821 0 43
822 0 42
823 0 42
824 0 42
825 0 42
826 0 42
827 0 41
828 0 41
829 0 41
830 0 41
831 0 41
832 0 41
833 0 41
834 0 41
835 0 41
836 0 41
837 0 41
838 0 41
839 0 41
840 0 41
841 0 41
842 0 41
843 0 41
844 0 41
845 0 41
846 0 41
847 0 41
848 0 41
849 0 41
850 0 41
851 0 41
852 0 41
853 0 41
854 0 41
855 0 41
856 0 41
857 0 41
858 0 41
859 0 40
860 0 40
861 0 40
862 0 40
863 0 40
864 0 40
865 0 40
866 0 40
867 0 40
868 0 40
869 0 40
870 0 40
871 0 40
872 0 39
873 0 39
874 0 39
875 0 39
876 0 39
877 0 39
878 0 39
879 0 39
880 0 39
881 0 39
882 0 39
883 0 39
884 0 39
885 0 39
886 0 39
887 0 39
888 0 39
889 0 39
890 0 39
891 0 39
892 0 39
893 0 39
894 0 39
895 0 39
896 0 39
897 0 40
898 0 40
899 0 40
900 0 40
901 0 40
902 0 40
903 0 40
904 0 40
905 0 40
906 0 40
907 0 40
908 0 40
909 0 40
910 0 40
911 0 40
912 0 40
913 0 40
914 0 40
915 0 40
916 0 40
917 0 40
918 0 40
919 0 40
920 0 39
921 0 39
922 0 39
923 0 39
924 0 39
925 0 38
926 0 38
927 0 38
928 0 38
929 0 38
930 0 38
931 0 38
932 0 38
933 0 38
934 0 38
935 0 38
936 0 37
937 0 38
938 0 38
939 0 38
940 0 38
941 0 38
942 0 38
943 0 38
944 0 38
945 0 38
946 0 38
947 0 38
948 0 38
949 0 38
950 0 38
951 0 38
952 0 38
953 0 38
954 0 38
955 0 38
956 0 38
957 0 38
958 0 38
959 0 38
960 0 38
961 0 38
962 0 37
963 0 37
964 0 37
965 0 37
966 0 36
967 0 36
968 0 36
969 0 36
970 0 36
971 0 36
972 0 36
973 0 36
974 0 37
975 0 37
976 0 37
977 0 37
978 0 37
979 0 37
980 0 37
981 0 37
982 0 37
983 0 37
984 0 37
985 0 37
986 0 37
987 0 37
988 0 37
989 0 37
990 0 37
991 0 37
992 0 37
993 0 37
994 0 37
995 0 37
996 0 37
997 0 37
998 0 37
999 0 36
1000 0 36
1001 0 36
1002 0 36
1003 0 36
1004 0 36
1005 0 36
1006 0 36
1007 0 36
1008 0 36
1009 0 36
1010 0 36
1011 0 36
1012 0 36
1013 0 36
1014 0 36
1015 0 36
1016 0 36
1017 0 36
1018 0 36
1019 0 36
1020 0 35
1021 0 35
1022 0 35
1023 0 35
1024 0 35
1025 0 34
1026 0 34
1027 0 34
1028 0 34
1029 0 34
1030 0 34
1031 0 34
1032 0 34
1033 0 33
1034 0 33
1035 0 33
1036 0 33
1037 0 33
1038 0 34
1039 1 34
1040 1 34
1041 1 34
1042 1 34
1043 1 34
1044 1 34
1045 1 34
1046 1 34
1047 1 34
1048 1 34
1049 1 34
1050 1 34
1051 1 34
1052 1 34
1053 1 34
1054 1 34
1055 1 34
1056 1 34
1057 1 34
1058 1 34
1059 1 34
1060 1 34
1061 1 34
1062 1 34
1063 1 34
1064 1 34
1065 1 34
1066 1 34
1067 1 34
1068 1 34
1069 1 34
1070 1 33
1071 1 33
1072 1 33
1073 1 33
1074 1 33
1075 1 33
1076 1 33
1077 1 33
1078 1 33
1079 1 33
1080 1 33
1081 1 34
1082 1 34
1083 1 34
1084 1 34
1085 1 34
1086 1 33
1087 1 33
1088 1 33
1089 1 33
1090 1 32
1091 1 32
1092 1 32
1093 1 32
1094 1 32
1095 1 32
1096 1 32
1097 1 32
1098 1 32
1099 1 32
1100 1 32
1101 1 32
1102 1 32
1103 1 32
1104 1 32
1105 1 32
1106 1 32
1107 1 32
1108 1 32
1109 1 32
1110 1 32
1111 1 32
1112 1 32
1113 1 32
1114 1 31
1115 1 31
1116 1 31
1117 1 31
1118 1 31
1119 1 31
1120 1 31
1121 1 31
1122 1 31
1123 1 31
1124 1 31
1125 1 31
1126 1 31
1127 1 31
1128 1 31
1129 1 31
1130 1 31
1131 1 31
1132 1 31
1133 1 31
1134 1 31
1135 1 32
1136 1 32
1137 1 32
1138 1 32
1139 1 32
1140 1 32
1141 1 32
1142 1 32
1143 1 32
1144 1 32
1145 1 32
1146 1 32
1147 1 32
1148 1 32
1149 1 32
1150 1 32
1151 1 32
1152 1 32
1153 1 32
1154 1 32
1155 1 32
1156 1 32
1157 1 32
1158 1 32
1159 1 32
1160 1 32
1161 1 32
1162 1 32
1163 1 32
1164 1 32
1165 1 31
1166 1 31
1167 1 31
1168 1 31
1169 1 31
1170 1 31
1171 1 30
1172 1 30
1173 1 31
1174 1 31
1175 1 31
1176 1 31
1177 1 30
1178 1 30
1179 1 30
1180 1 30
1181 1 30
1182 1 30
1183 1 30
1184 1 30
1185 1 30
1186 1 30
1187 1 30
1188 1 30
1189 1 30
1190 1 30
1191 1 30
1192 1 30
1193 1 30
1194 1 30
1195 1 30
1196 1 29
1197 1 29
1198 1 29
1199 1 29
1200 1 29
1201 1 29
1202 1 29
1203 1 29
1204 1 29
1205 1 29
1206 1 28
1207 1 28
1208 1 28
1209 1 28
1210 1 28
1211 1 28
1212 1 28
1213 1 28
1214 1 28
1215 1 28
1216 1 28
1217 1 28
1218 1 27
1219 1 27
1220 1 27
1221 1 27
1222 1 28
1223 1 28
1224 1 28
1225 1 28
1226 1 28
1227 1 28
1228 1 28
1229 1 28
1230 1 28
1231 1 28
1232 1 28
1233 1 28
1234 1 28
1235 1 28
1236 1 28
1237 1 28
1238 1 28
1239 1 28
1240 1 28
1241 1 28
1242 1 28
1243 1 28
1244 1 28
1245 1 28
1246 1 28
1247 1 28
1248 1 29
1249 1 29
1250 1 29
1251 1 29
1252 1 29
1253 1 29
1254 1 29
1255 1 29
1256 1 29
1257 1 29
1258 1 29
1259 1 29
1260 1 29
1261 1 29
1262 1 29
1263 1 29
1264 1 29
1265 1 29
1266 1 29
1267 1 29
1268 1 29
1269 1 29
1270 1 29
1271 1 29
1272 1 29
1273 1 29
1274 1 29
1275 1 29
1276 1 29
1277 1 29
1278 1 29
1279 1 29
1280 1 29
1281 1 29
1282 1 29
1283 1 29
1284 1 29
1285 1 29
1286 1 29
1287 1 29
1288 1 29
1289 1 29
1290 1 29
1291 1 29
1292 1 29
1293 1 29
1294 1 29
1295 1 29
1296 1 29
1297 1 29
1298 1 29
1299 1 29
1300 1 29
1301 1 29
1302 1 29
1303 1 28
1304 1 28
1305 1 28
1306 1 28
1307 1 28
1308 1 28
1309 1 28
1310 1 28
1311 1 28
1312 1 28
1313 1 28
1314 1 28
1315 1 28
1316 1 28
1317 1 28
1318 1 28
1319 1 28
1320 1 28
1321 1 28
1322 1 28
1323 1 28
1324 1 28
1325 1 28
1326 1 28
1327 1 28
1328 1 28
1329 1 28
1330 1 28
1331 1 28
1332 1 28
1333 1 27
1334 1 27
1335 1 27
1336 1 27
1337 1 27
1338 1 27
1339 1 27
1340 1 27
1341 1 27
1342 1 27
1343 1 27
1344 1 27
1345 1 27
1346 1 27
1347 1 27
1348 1 27
1349 1 27
1350 1 27
1351 1 27
1352 1 27
1353 1 27
1354 1 28
1355 1 28
1356 1 28
1357 1 28
1358 1 28
1359 1 28
1360 1 28
1361 1 28
1362 2 28
1363 2 28
1364 2 27
1365 2 28
1366 2 28
1367 2 28
1368 2 28
1369 2 28
1370 2 27
1371 2 27
1372 2 27
1373 2 27
1374 2 27
1375 2 27
1376 2 27
1377 2 27
1378 2 27
1379 2 27
1380 2 27
1381 2 27
1382 2 26
1383 2 26
1384 2 26
1385 2 26
1386 2 26
1387 2 26
1388 2 26
1389 2 26
1390 2 26
1391 2 26
1392 2 26
1393 2 26
1394 2 26
1395 2 26
1396 2 26
1397 2 26
1398 2 26
1399 2 26
1400 2 25
1401 2 25
1402 2 25
1403 2 25
1404 2 25
1405 2 25
1406 2 25
1407 2 25
1408 2 25
1409 2 25
1410 2 25
1411 2 25
1412 2 25
1413 2 25
1414 2 25
1415 2 25
1416 2 25
1417 2 25
1418 2 25
1419 2 25
1420 2 25
1421 2 25
1422 2 25
1423 2 25
1424 2 25
1425 2 25
1426 2 25
1427 2 25
1428 2 25
1429 2 25
1430 2 24
1431 2 24
1432 2 24
1433 2 25
1434 2 25
1435 2 25
1436 2 25
1437 2 25
1438 2 25
1439 2 25
1440 2 25
1441 2 25
1442 2 25
1443 2 25
1444 2 25
1445 2 25
1446 2 25
1447 2 25
1448 2 25
1449 2 25
1450 2 25
1451 2 25
1452 2 25
1453 2 25
1454 2 25
1455 2 25
1456 2 25
1457 2 25
1458 2 25
1459 2 25
1460 2 25
1461 2 25
1462 2 25
1463 2 25
1464 2 25
1465 2 25
1466 2 25
1467 2 24
1468 2 24
1469 2 24
1470 2 24
1471 2 24
1472 2 24
1473 2 24
1474 2 24
1475 2 24
1476 2 24
1477 2 24
1478 2 24
1479 2 24
1480 2 24
1481 2 24
1482 2 24
1483 2 24
1484 2 24
1485 2 24
1486 2 24
1487 2 24
1488 2 24
1489 2 24
1490 2 24
1491 2 24
1492 2 24
1493 2 24
1494 2 24
1495 2 24
1496 2 24
1497 2 24
1498 2 24
1499 2 24
1500 2 24
1501 2 24
1502 2 24
1503 2 24
1504 2 24
1505 2 24
1506 2 24
1507 2 24
1508 2 24
1509 2 24
1510 2 24
1511 2 24
1512 2 24
1513 2 24
1514 2 24
1515 2 24
1516 2 24
1517 2 24
1518 2 24
1519 2 24
1520 2 24
1521 2 24
1522 2 24
1523 2 24
1524 2 24
1525 2 24
1526 2 24
1527 2 24
1528 2 24
1529 2 24
1530 2 24
1531 2 24
1532 3 24
1533 3 24
1534 3 24
1535 3 24
1536 3 24
1537 3 25
1538 3 25
1539 3 25
1540 3 25
1541 3 25
1542 3 25
1543 3 24
1544 3 24
1545 3 24
1546 3 24
1547 3 24
1548 3 24
1549 3 25
1550 3 25
1551 3 25
1552 3 24
1553 3 24
1554 3 24
1555 3 24
1556 3 24
1557 3 24
1558 3 24
1559 3 24
1560 3 24
1561 3 24
1562 3 24
1563 3 24
1564 3 24
1565 3 24
1566 3 24
1567 3 24
1568 3 24
1569 3 24
1570 3 24
1571 3 24
1572 3 24
1573 3 24
1574 3 24
1575 3 24
1576 3 24
1577 3 24
1578 3 24
1579 3 24
1580 3 24
1581 3 24
1582 3 24
1583 3 24
1584 3 23
1585 3 23
1586 3 23
1587 3 23
1588 3 23
1589 3 23
1590 3 24
1591 3 24
1592 3 24
1593 3 24
1594 4 24
1595 4 23
1596 4 24
1597 4 24
1598 4 24
1599 4 24
1600 4 24
1601 4 23
1602 4 23
1603 4 23
1604 4 23
1605 4 23
1606 4 24
1607 4 24
1608 4 23
1609 4 24
1610 4 24
1611 4 24
1612 4 24
1613 4 23
1614 4 23
1615 4 23
1616 5 23
1617 5 23
1618 5 23
1619 5 23
1620 5 23
1621 5 23
1622 5 23
1623 5 23
1624 5 23
1625 5 23
1626 5 23
1627 5 23
1628 5 23
1629 5 23
1630 5 23
1631 5 23
1632 5 23
1633 5 23
1634 5 23
1635 5 23
1636 5 23
1637 5 23
1638 5 23
1639 5 22
1640 5 22
1641 6 23
1642 6 23
1643 6 23
1644 6 23
1645 6 23
1646 6 23
1647 6 23
1648 6 23
1649 6 23
1650 6 23
1651 6 23
1652 6 23
1653 6 23
1654 6 23
1655 6 23
1656 6 23
1657 6 23
1658 6 23
1659 6 23
1660 6 23
1661 6 23
1662 6 23
1663 6 23
1664 6 23
1665 6 23
1666 6 23
1667 6 23
1668 6 23
1669 6 23
1670 6 23
1671 7 23
1672 7 24
1673 7 24
1674 7 24
1675 7 24
1676 7 24
1677 7 24
1678 7 24
1679 7 24
1680 7 24
1681 7 24
1682 7 25
1683 7 25
1684 7 25
1685 7 25
1686 7 25
1687 7 25
1688 7 25
1689 7 25
1690 7 26
1691 7 26
1692 7 26
1693 8 26
1694 8 26
1695 8 27
1696 8 27
1697 8 27
1698 8 27
1699 8 27
1700 8 27
1701 8 27
1702 8 27
1703 8 27
1704 9 27
1705 9 27
1706 9 27
1707 9 27
1708 9 27
1709 9 27
1710 9 27
1711 10 27
1712 10 27
1713 10 27
1714 10 27
1715 11 27
1716 12 27
1717 12 27
1718 13 27
1719 17 27
1720 18 28
1721 19 28
1722 21 28
1723 21 28
1724 21 29
1725 21 29
1726 21 29
1727 21 29
1728 22 29
1729 22 29
1730 22 29
1731 22 29
1732 23 29
1733 24 30
1734 26 30
1735 26 30
1736 26 30
1737 30 30
1738 30 30
1739 32 30
1740 38 30
1741 38 30
1742 39 30
1743 41 31
1744 51 31
1745 52 31
1746 98 31
1747 99 31
1748 100 31
