0 0 0
1 0 0
2 0 0
3 0 0
4 0 0
5 0 0
6 0 0
7 0 0
8 0 0
9 0 0
10 0 0
11 0 0
12 0 0
13 0 0
14 0 0
15 0 0
16 0 0
17 0 0
18 0 0
19 0 0
20 0 0
21 0 0
22 0 0
23 0 0
24 0 0
25 0 0
26 0 0
27 0 0
28 0 0
29 0 0
30 0 0
31 0 0
32 0 0
33 0 0
34 0 0
35 0 0
36 0 0
37 0 0
38 0 0
39 0 0
40 0 0
41 0 0
42 0 0
43 0 0
44 0 0
45 0 0
46 0 0
47 0 0
48 0 0
49 0 0
50 0 0
51 0 0
52 0 0
53 0 0
54 0 0
55 0 0
56 0 0
57 0 0
58 0 0
59 0 0
60 0 0
61 0 0
62 0 0
63 0 0
64 0 0
65 0 0
66 0 0
67 0 0
68 0 0
69 0 0
70 0 0
71 0 0
72 0 0
73 0 0
74 0 0
75 0 0
76 0 0
77 0 0
78 0 0
79 0 0
80 0 0
81 0 0
82 0 0
83 0 0
84 0 0
85 0 0
86 0 0
87 0 0
88 0 0
89 0 0
90 0 0
91 0 0
92 0 0
93 0 0
94 0 0
95 0 0
96 0 0
97 0 11
98 0 11
99 0 11
100 0 11
101 0 11
102 0 11
103 0 11
104 0 11
105 0 10
106 0 10
107 0 10
108 0 10
109 0 9
110 0 9
111 0 9
112 0 9
113 0 16
114 0 16
115 0 16
116 0 23
117 0 23
118 0 23
119 0 23
120 0 23
121 0 23
122 0 23
123 0 23
124 0 23
125 0 23
126 0 23
127 0 23
128 0 23
129 0 23
130 0 23
131 0 23
132 0 23
133 0 23
134 0 21
135 0 21
136 0 21
137 0 21
138 0 21
139 0 21
140 0 21
141 0 21
142 0 21
143 0 21
144 0 21
145 0 21
146 0 21
147 0 21
148 0 21
149 0 21
150 0 21
151 0 21
152 0 21
153 0 21
154 0 21
155 0 21
156 0 21
157 0 21
158 0 21
159 0 21
160 0 21
161 0 21
162 0 21
163 0 21
164 0 21
165 0 21
166 0 21
167 0 21
168 0 21
169 0 21
170 0 21
171 0 21
172 0 21
173 0 26
174 0 26
175 0 26
176 0 26
177 0 26
178 0 26
179 0 26
180 0 26
181 0 26
182 0 26
183 0 26
184 0 26
185 0 26
186 0 26
187 0 26
188 0 26
189 0 26
190 0 26
191 0 26
192 0 26
193 0 26
194 0 26
195 0 26
196 0 26
197 0 26
198 0 26
199 0 26
200 0 26
201 0 26
202 0 26
203 0 26
204 0 26
205 0 26
206 0 26
207 0 26
208 0 26
209 0 26
210 0 26
211 0 26
212 0 26
213 0 26
214 0 26
215 0 26
216 0 26
217 0 26
218 0 26
219 0 26
220 0 26
221 0 26
222 0 26
223 0 25
224 0 25
225 0 25
226 0 25
227 0 25
228 0 25
229 0 25
230 0 25
231 0 25
232 0 25
233 0 25
234 0 25
235 0 25
236 0 25
237 0 25
238 0 23
239 0 23
240 0 23
241 0 23
242 0 23
243 0 23
244 0 23
245 0 23
246 0 23
247 0 23
248 0 23
249 0 23
250 0 23
251 0 23
252 0 23
253 0 23
254 0 23
255 0 23
256 0 23
257 0 23
258 0 23
259 0 23
260 0 23
261 0 22
262 0 22
263 0 22
264 0 22
265 0 22
266 0 22
267 0 22
268 0 22
269 0 22
270 0 22
271 0 22
272 0 22
273 0 22
274 0 22
275 0 22
276 0 22
277 0 22
278 0 22
279 0 22
280 0 22
281 0 22
282 0 22
283 0 22
284 0 22
285 0 22
286 0 22
287 0 22
288 0 22
289 0 22
290 0 22
291 0 22
292 0 22
293 0 22
294 0 22
295 0 22
296 0 22
297 0 22
298 0 22
299 0 22
300 0 22
301 0 22
302 0 22
303 0 22
304 0 22
305 0 22
306 0 22
307 0 22
308 0 22
309 0 22
310 0 22
311 0 22
312 0 22
313 0 22
314 0 22
315 0 22
316 0 22
317 0 22
318 0 21
319 0 21
320 0 21
321 0 21
322 0 21
323 0 20
324 0 20
325 0 20
326 0 20
327 0 20
328 0 20
329 0 20
330 0 20
331 0 20
332 0 20
333 0 20
334 0 20
335 0 20
336 0 20
337 0 20
338 0 20
339 0 20
340 1 19
341 1 22
342 1 22
343 1 21
344 1 21
345 1 21
346 1 21
347 1 21
348 1 21
349 1 21
350 1 25
351 1 25
352 1 25
353 1 24
354 1 24
355 1 24
356 1 24
357 1 24
358 1 23
359 1 23
360 1 23
361 1 23
362 1 23
363 1 23
364 1 23
365 1 23
366 1 23
367 1 23
368 1 23
369 1 23
370 1 23
371 1 23
372 1 23
373 1 25
374 1 25
375 1 25
376 1 25
377 1 25
378 1 25
379 1 25
380 1 25
381 1 25
382 1 25
383 1 25
384 1 24
385 1 24
386 1 23
387 1 23
388 1 23
389 1 22
390 1 22
391 1 21
392 1 21
393 1 21
394 1 21
395 1 21
396 1 21
397 1 21
398 1 21
399 1 21
400 1 21
401 1 21
402 1 21
403 1 21
404 1 20
405 1 20
406 1 20
407 1 20
408 1 20
409 1 20
410 1 20
411 1 20
412 1 20
413 1 20
414 1 20
415 1 20
416 1 20
417 1 20
418 1 20
419 1 20
420 1 19
421 1 19
422 1 19
423 1 18
424 1 18
425 1 18
426 1 18
427 1 18
428 1 18
429 1 18
430 1 18
431 1 18
432 1 18
433 1 18
434 1 18
435 1 18
436 1 18
437 1 18
438 1 18
439 1 21
440 1 21
441 1 21
442 1 21
443 1 21
444 1 21
445 1 21
446 1 21
447 1 21
448 1 20
449 1 20
450 1 20
451 1 20
452 1 20
453 1 20
454 1 20
455 2 20
456 2 20
457 2 21
458 2 21
459 2 21
460 2 21
461 2 21
462 2 21
463 2 21
464 2 21
465 2 21
466 2 23
467 2 23
468 2 22
469 2 22
470 2 22
471 2 22
472 2 22
473 2 22
474 2 23
475 2 23
476 2 23
477 2 22
478 2 22
479 2 24
480 2 24
481 2 26
482 2 26
483 2 26
484 2 26
485 2 26
486 2 26
487 2 26
488 2 25
489 2 25
490 2 25
491 2 25
492 2 25
493 2 25
494 2 25
495 2 25
496 2 25
497 2 25
498 2 25
499 2 25
500 2 25
501 2 25
502 2 25
503 2 25
504 2 26
505 2 26
506 2 26
507 2 26
508 2 26
509 2 26
510 2 26
511 2 26
512 2 26
513 2 26
514 2 26
515 2 26
516 2 26
517 2 26
518 2 26
519 2 26
520 2 27
521 2 27
522 2 27
523 2 27
524 2 27
525 2 28
526 2 28
527 2 28
528 2 29
529 2 29
530 2 29
531 3 29
532 3 29
533 3 31
534 3 32
535 3 33
536 3 33
537 3 33
538 3 33
539 3 33
540 3 33
541 3 33
542 3 33
543 3 33
544 3 34
545 3 34
546 3 34
547 3 34
548 3 35
549 3 35
550 3 35
551 3 35
552 3 35
553 3 35
554 3 34
555 3 34
556 3 34
557 3 34
558 3 34
559 3 35
560 4 35
561 4 35
562 4 34
563 4 34
564 4 34
565 4 34
566 4 34
567 4 34
568 4 35
569 4 35
570 4 35
571 4 35
572 4 35
573 4 35
574 4 35
575 4 34
576 4 34
577 4 34
578 4 34
579 4 34
580 4 34
581 4 35
582 5 35
583 5 36
584 5 36
585 5 36
586 5 36
587 5 36
588 5 36
589 5 36
590 5 36
591 5 36
592 5 36
593 5 36
594 5 36
595 5 35
596 5 35
597 5 36
598 5 37
599 5 37
600 5 37
601 5 37
602 5 37
603 5 37
604 6 37
605 6 37
606 6 37
607 6 36
608 6 36
609 6 36
610 6 36
611 6 36
612 6 37
613 6 37
614 6 37
615 6 38
616 6 38
617 6 38
618 6 38
619 7 38
620 7 38
621 7 38
622 7 39
623 7 39
624 7 39
625 7 39
626 7 39
627 7 39
628 7 39
629 7 39
630 7 39
631 7 39
632 8 40
633 8 40
634 8 40
635 8 40
636 8 41
637 8 41
638 8 41
639 8 42
640 8 42
641 8 42
642 8 42
643 8 42
644 8 42
645 8 42
646 8 43
647 8 44
648 9 44
649 9 44
650 9 44
651 9 44
652 9 44
653 9 44
654 10 45
655 10 45
656 10 46
657 10 45
658 11 45
659 11 45
660 11 45
661 11 46
662 11 46
663 11 46
664 11 46
665 11 47
666 11 47
667 12 47
668 12 47
669 12 47
670 13 47
671 13 47
672 13 47
673 13 47
674 13 47
675 13 47
676 13 48
677 13 48
678 14 48
679 14 48
680 14 48
681 14 48
682 14 48
683 14 48
684 16 48
685 17 48
686 17 49
687 17 49
688 18 50
689 18 50
690 19 50
691 19 50
692 20 50
693 22 50
694 24 51
695 30 51
696 31 52
697 32 52
698 33 52
699 34 52
700 35 52
701 43 52
702 49 53
703 100 53
