0 0 0
1 0 0
2 0 0
3 0 0
4 0 0
5 0 0
6 0 0
7 0 0
8 0 0
9 0 0
10 0 0
11 0 0
12 0 0
13 0 0
14 0 0
15 0 0
16 0 0
17 0 0
18 0 0
19 0 0
20 0 0
21 0 0
22 0 0
23 0 0
24 0 0
25 0 0
26 0 0
27 0 0
28 0 0
29 0 0
30 0 0
31 0 0
32 0 0
33 0 0
34 0 0
35 0 0
36 0 0
37 0 0
38 0 0
39 0 0
40 0 0
41 0 0
42 0 0
43 0 0
44 0 0
45 0 0
46 0 0
47 0 0
48 0 0
49 0 0
50 0 0
51 0 0
52 0 0
53 0 0
54 0 0
55 0 0
56 0 0
57 0 0
58 0 0
59 0 0
60 0 0
61 0 0
62 0 0
63 0 0
64 0 0
65 0 0
66 0 0
67 0 0
68 0 0
69 0 0
70 0 0
71 0 0
72 0 0
73 0 0
74 0 0
75 0 0
76 0 0
77 0 0
78 0 0
79 0 0
80 0 0
81 0 0
82 0 0
83 0 0
84 0 0
85 0 0
86 0 0
87 0 0
88 0 0
89 0 0
90 0 0
91 0 0
92 0 0
93 0 0
94 0 0
95 0 0
96 0 0
97 0 11
98 0 11
99 0 11
100 0 11
101 0 11
102 0 11
103 0 11
104 0 11
105 0 10
106 0 10
107 0 10
108 0 10
109 0 9
110 0 9
111 0 9
112 0 9
113 0 16
114 0 16
115 0 16
116 0 23
117 0 23
118 0 23
119 0 23
120 0 23
121 0 23
122 0 23
123 0 23
124 0 23
125 0 23
126 0 23
127 0 23
128 0 23
129 0 23
130 0 23
131 0 23
132 0 23
133 0 23
134 0 21
135 0 21
136 0 21
137 0 21
138 0 21
139 0 21
140 0 21
141 0 21
142 0 21
143 0 21
144 0 21
145 0 21
146 0 21
147 0 21
148 0 21
149 0 21
150 0 21
151 0 21
152 0 21
153 0 21
154 0 21
155 0 21
156 0 21
157 0 21
158 0 21
159 0 21
160 0 21
161 0 21
162 0 21
163 0 21
164 0 21
165 0 21
166 0 21
167 0 21
168 0 21
169 0 21
170 0 21
171 0 21
172 0 21
173 0 26
174 0 26
175 0 26
176 0 26
177 0 26
178 0 26
179 0 26
180 0 26
181 0 26
182 0 26
183 0 26
184 0 26
185 0 26
186 0 26
187 0 26
188 0 26
189 0 26
190 0 26
191 0 26
192 0 26
193 0 26
194 0 26
195 0 26
196 0 26
197 0 26
198 0 26
199 0 26
200 0 26
201 0 26
202 0 26
203 0 26
204 0 26
205 0 26
206 0 26
207 0 26
208 0 26
209 0 26
210 0 26
211 0 26
212 0 26
213 0 26
214 0 26
215 0 26
216 0 26
217 0 26
218 0 26
219 0 26
220 0 26
221 0 26
222 0 26
223 0 25
224 0 25
225 0 25
226 0 25
227 0 25
228 0 25
229 0 25
230 0 25
231 0 25
232 0 25
233 0 25
234 0 25
235 0 25
236 0 25
237 0 25
238 0 23
239 0 23
240 0 23
241 0 23
242 0 23
243 0 23
244 0 23
245 0 23
246 0 23
247 0 23
248 0 23
249 0 23
250 0 23
251 0 23
252 0 23
253 0 23
254 0 23
255 0 23
256 0 23
257 0 23
258 0 23
259 0 23
260 0 23
261 0 22
262 0 22
263 0 22
264 0 22
265 0 22
266 0 22
267 0 22
268 0 22
269 0 22
270 0 22
271 0 22
272 0 22
273 0 22
274 0 22
275 0 22
276 0 22
277 0 22
278 0 22
279 0 22
280 0 22
281 0 22
282 0 22
283 0 22
284 0 22
285 0 22
286 0 22
287 0 22
288 0 22
289 0 22
290 0 22
291 0 22
292 0 22
293 0 22
294 0 22
295 0 22
296 0 22
297 0 22
298 0 22
299 0 22
300 0 22
301 0 22
302 0 22
303 0 22
304 0 22
305 0 22
306 0 22
307 0 22
308 0 22
309 0 22
310 0 22
311 0 22
312 0 22
313 0 22
314 0 22
315 0 22
316 0 22
317 0 22
318 0 21
319 0 21
320 0 21
321 0 21
322 0 21
323 0 20
324 0 20
325 0 20
326 0 20
327 0 20
328 0 20
329 0 20
330 0 20
331 0 20
332 0 20
333 0 20
334 0 20
335 0 20
336 0 20
337 0 20
338 0 20
339 0 20
340 1 19
341 1 18
342 1 18
343 1 17
344 1 17
345 1 17
346 1 17
347 1 17
348 1 17
349 1 17
350 1 20
351 1 20
352 1 20
353 1 24
354 1 24
355 1 24
356 1 24
357 1 24
358 1 23
359 1 23
360 1 23
361 1 23
362 1 23
363 1 23
364 1 23
365 1 23
366 1 23
367 1 23
368 1 23
369 1 23
370 1 23
371 1 23
372 1 23
373 1 22
374 1 22
375 1 22
376 1 22
377 1 22
378 1 22
379 1 22
380 1 22
381 1 22
382 1 21
383 1 21
384 1 20
385 1 20
386 1 23
387 1 23
388 1 23
389 1 22
390 1 22
391 1 21
392 1 21
393 1 21
394 1 21
395 1 21
396 1 21
397 1 21
398 1 21
399 1 21
400 1 21
401 1 21
402 1 21
403 1 21
404 1 20
405 1 20
406 1 20
407 1 20
408 1 20
409 1 20
410 1 20
411 1 20
412 1 20
413 1 20
414 1 20
415 1 20
416 1 20
417 1 20
418 1 20
419 1 20
420 1 19
421 1 19
422 1 19
423 1 21
424 1 21
425 1 21
426 1 21
427 1 21
428 1 21
429 1 21
430 1 21
431 1 21
432 1 21
433 1 21
434 1 21
435 1 21
436 1 21
437 1 21
438 1 21
439 1 23
440 1 23
441 1 23
442 1 23
443 1 23
444 1 23
445 1 23
446 1 23
447 1 23
448 1 25
449 1 25
450 1 25
451 1 25
452 1 25
453 1 25
454 1 25
455 2 25
456 2 25
457 2 26
458 2 26
459 2 26
460 2 26
461 2 26
462 2 26
463 2 26
464 2 26
465 2 26
466 2 25
467 2 25
468 2 27
469 2 27
470 2 27
471 2 27
472 2 26
473 2 26
474 2 28
475 2 27
476 2 27
477 2 29
478 2 29
479 2 28
480 2 28
481 2 30
482 2 30
483 2 30
484 2 30
485 2 30
486 2 30
487 2 30
488 2 31
489 2 32
490 2 32
491 2 32
492 2 32
493 2 32
494 2 32
495 2 32
496 2 32
497 2 32
498 2 32
499 2 32
500 2 32
501 2 32
502 2 32
503 2 32
504 2 33
505 2 33
506 2 33
507 2 33
508 2 33
509 2 33
510 2 33
511 2 33
512 2 33
513 2 33
514 2 33
515 2 33
516 2 33
517 2 33
518 2 33
519 2 33
520 2 33
521 2 33
522 2 33
523 2 33
524 2 34
525 2 33
526 2 33
527 2 33
528 2 35
529 2 35
530 2 35
531 3 35
532 3 35
533 3 36
534 3 37
535 3 38
536 3 38
537 3 38
538 3 38
539 3 38
540 3 38
541 3 38
542 3 38
543 3 38
544 3 39
545 3 39
546 3 39
547 3 39
548 3 40
549 3 40
550 3 40
551 3 40
552 3 40
553 3 40
554 3 39
555 3 39
556 3 40
557 3 40
558 3 40
559 3 41
560 4 41
561 4 41
562 4 40
563 4 40
564 4 40
565 4 40
566 4 40
567 4 40
568 4 41
569 4 41
570 4 42
571 4 42
572 4 42
573 4 42
574 4 42
575 4 43
576 4 43
577 4 43
578 4 43
579 4 43
580 4 43
581 4 44
582 5 44
583 5 45
584 5 45
585 5 45
586 5 45
587 5 44
588 5 44
589 5 45
590 5 45
591 5 46
592 5 46
593 5 46
594 5 46
595 5 47
596 5 47
597 5 48
598 5 48
599 5 48
600 5 49
601 5 49
602 5 50
603 5 50
604 6 50
605 6 50
606 6 50
607 6 51
608 6 51
609 6 51
610 6 51
611 6 51
612 6 51
613 6 51
614 6 51
615 6 52
616 6 52
617 6 52
618 6 52
619 7 52
620 7 52
621 7 52
622 7 53
623 7 53
624 7 53
625 7 53
626 7 53
627 7 53
628 7 53
629 7 53
630 7 53
631 7 53
632 8 54
633 8 54
634 8 54
635 8 54
636 8 55
637 8 55
638 8 55
639 8 55
640 8 55
641 8 55
642 8 56
643 8 56
644 8 56
645 8 56
646 8 56
647 8 56
648 9 57
649 9 57
650 9 57
651 9 57
652 9 57
653 9 57
654 10 57
655 10 58
656 10 58
657 10 59
658 11 59
659 11 59
660 11 59
661 11 59
662 11 60
663 11 60
664 11 60
665 11 60
666 11 60
667 12 60
668 12 60
669 12 60
670 13 60
671 13 60
672 13 60
673 13 60
674 13 61
675 13 61
676 13 61
677 13 61
678 14 61
679 14 61
680 14 61
681 14 62
682 14 62
683 14 62
684 16 62
685 17 62
686 17 62
687 17 63
688 18 63
689 18 63
690 19 63
691 19 63
692 20 64
693 22 64
694 24 64
695 30 64
696 31 65
697 32 65
698 33 65
699 34 65
700 35 65
701 43 65
702 49 66
703 100 66
