0 0 0
1 0 0
2 0 0
3 0 0
4 0 0
5 0 0
6 0 0
7 0 0
8 0 0
9 0 0
10 0 0
11 0 0
12 0 0
13 0 0
14 0 0
15 0 0
16 0 0
17 0 0
18 0 0
19 0 0
20 0 0
21 0 0
22 0 0
23 0 0
24 0 0
25 0 0
26 0 0
27 0 0
28 0 0
29 0 0
30 0 0
31 0 0
32 0 0
33 0 100
34 0 100
35 0 100
36 0 100
37 0 100
38 0 100
39 0 100
40 0 100
41 0 100
42 0 100
43 0 100
44 0 100
45 0 100
46 0 100
47 0 100
48 0 100
49 0 100
50 0 100
51 0 100
52 0 100
53 0 100
54 0 100
55 0 100
56 0 100
57 0 100
58 0 100
59 0 100
60 0 100
61 0 100
62 0 100
63 0 100
64 0 100
65 0 100
66 0 100
67 0 100
68 0 100
69 0 100
70 0 100
71 0 100
72 0 100
73 0 100
74 0 100
75 0 100
76 0 100
77 0 100
78 0 100
79 0 100
80 0 100
81 0 100
82 0 100
83 0 100
84 0 100
85 0 100
86 0 100
87 0 100
88 0 100
89 0 100
90 0 100
91 0 100
92 0 100
93 0 100
94 0 100
95 0 100
96 0 100
97 0 100
98 0 100
99 0 100
100 0 100
101 0 100
102 0 100
103 0 100
104 0 100
105 0 100
106 0 100
107 0 100
108 0 100
109 0 100
110 0 100
111 0 100
112 0 100
113 0 100
114 0 100
115 0 100
116 0 100
117 0 100
118 0 100
119 0 100
120 0 100
121 0 100
122 0 100
123 0 100
124 0 100
125 0 100
126 0 100
127 0 100
128 0 100
129 0 100
130 0 100
131 0 100
132 0 100
133 0 100
134 0 100
135 0 100
136 0 100
137 0 100
138 0 100
139 0 100
140 0 100
141 0 100
142 0 100
143 0 100
144 0 100
145 0 100
146 0 100
147 0 100
148 0 100
149 0 100
150 0 100
151 0 100
152 0 100
153 0 100
154 0 100
155 0 100
156 0 100
157 0 100
158 0 100
159 0 100
160 0 100
161 0 100
162 0 100
163 0 100
164 0 100
165 0 100
166 0 100
167 0 100
168 0 100
169 0 100
170 0 100
171 0 100
172 0 75
173 0 75
174 0 75
175 0 75
176 0 75
177 0 75
178 0 75
179 0 75
180 0 75
181 0 75
182 0 75
183 0 75
184 0 75
185 0 75
186 0 75
187 0 75
188 0 75
189 0 75
190 0 75
191 0 75
192 0 80
193 0 80
194 0 80
195 0 80
196 0 80
197 0 80
198 0 80
199 0 80
200 0 80
201 0 80
202 0 80
203 0 80
204 0 80
205 0 80
206 0 80
207 0 80
208 0 80
209 0 80
210 0 80
211 0 80
212 0 80
213 0 80
214 0 80
215 0 80
216 0 80
217 0 80
218 0 80
219 0 80
220 0 80
221 0 66
222 0 66
223 0 66
224 0 66
225 0 66
226 0 66
227 0 66
228 0 66
229 0 66
230 0 66
231 0 66
232 0 66
233 0 66
234 0 66
235 0 66
236 0 66
237 0 57
238 0 57
239 0 57
240 0 57
241 0 57
242 0 57
243 0 50
244 0 50
245 0 50
246 0 50
247 0 50
248 0 55
249 0 55
250 0 55
251 0 55
252 0 55
253 0 55
254 0 55
255 0 55
256 0 55
257 0 55
258 0 55
259 0 55
260 0 55
261 0 55
262 0 55
263 0 55
264 0 55
265 0 55
266 0 55
267 0 55
268 0 55
269 0 55
270 0 55
271 0 60
272 0 60
273 0 60
274 0 60
275 0 60
276 0 60
277 0 60
278 0 60
279 0 60
280 0 60
281 0 60
282 0 54
283 0 54
284 0 54
285 0 54
286 0 54
287 0 54
288 0 54
289 0 54
290 0 54
291 0 54
292 0 54
293 0 54
294 0 54
295 0 54
296 0 54
297 0 54
298 0 54
299 0 54
300 0 54
301 0 54
302 0 54
303 0 54
304 0 50
305 0 50
306 0 50
307 0 50
308 0 50
309 0 50
310 0 50
311 0 50
312 0 53
313 0 53
314 0 50
315 0 50
316 0 50
317 0 50
318 0 50
319 0 50
320 0 50
321 0 50
322 0 50
323 0 50
324 0 50
325 0 50
326 0 50
327 0 53
328 0 53
329 0 53
330 0 53
331 0 53
332 0 53
333 0 53
334 0 53
335 0 53
336 0 53
337 0 53
338 0 53
339 0 53
340 0 53
341 0 50
342 0 50
343 0 50
344 0 50
345 0 50
346 0 50
347 0 50
348 0 50
349 0 50
350 0 50
351 0 50
352 0 50
353 0 50
354 0 50
355 0 50
356 0 50
357 0 50
358 0 50
359 0 50
360 0 50
361 0 50
362 0 52
363 0 52
364 1 52
365 1 52
366 1 52
367 1 55
368 1 55
369 1 55
370 1 55
371 1 55
372 1 55
373 1 55
374 1 55
375 1 55
376 1 52
377 1 52
378 1 52
379 1 52
380 1 52
381 1 52
382 1 52
383 1 52
384 1 52
385 1 52
386 1 52
387 1 52
388 1 52
389 1 52
390 1 52
391 1 52
392 1 52
393 1 52
394 1 52
395 1 52
396 1 52
397 1 52
398 1 52
399 1 52
400 1 52
401 1 52
402 1 52
403 1 52
404 1 52
405 1 52
406 1 52
407 1 50
408 1 50
409 1 50
410 1 50
411 1 50
412 1 50
413 1 50
414 1 50
415 1 50
416 1 50
417 1 50
418 1 50
419 1 50
420 1 50
421 1 50
422 1 50
423 1 50
424 1 50
425 1 47
426 1 47
427 1 47
428 1 47
429 1 47
430 1 47
431 1 47
432 1 47
433 1 47
434 1 47
435 1 47
436 1 47
437 1 47
438 1 47
439 1 47
440 1 47
441 1 47
442 1 47
443 1 47
444 1 47
445 1 47
446 1 47
447 1 47
448 1 47
449 1 47
450 1 47
451 1 47
452 1 47
453 1 47
454 1 47
455 1 47
456 1 47
457 1 47
458 1 47
459 1 47
460 1 47
461 1 47
462 1 45
463 1 45
464 1 45
465 1 45
466 1 45
467 1 45
468 1 45
469 1 45
470 1 45
471 1 45
472 1 45
473 1 45
474 1 45
475 1 45
476 1 45
477 1 45
478 1 45
479 1 45
480 1 45
481 1 45
482 1 45
483 1 45
484 1 45
485 1 45
486 1 45
487 1 45
488 1 45
489 1 45
490 1 45
491 1 45
492 1 45
493 1 45
494 1 45
495 1 45
496 1 45
497 1 45
498 1 45
499 1 45
500 1 45
501 1 45
502 1 43
503 1 43
504 1 41
505 1 41
506 1 41
507 1 41
508 1 41
509 1 41
510 1 41
511 1 41
512 1 41
513 1 40
514 1 40
515 1 40
516 1 40
517 1 40
518 1 40
519 1 40
520 1 40
521 1 40
522 1 42
523 1 42
524 1 42
525 1 42
526 1 42
527 1 42
528 1 42
529 1 42
530 1 42
531 1 42
532 1 42
533 1 42
534 1 42
535 1 42
536 1 42
537 1 42
538 1 42
539 1 44
540 1 44
541 1 44
542 1 44
543 1 44
544 1 44
545 1 44
546 1 44
547 1 42
548 1 42
549 1 41
550 1 41
551 1 41
552 1 41
553 1 41
554 1 41
555 1 41
556 1 41
557 1 41
558 1 41
559 1 41
560 1 41
561 1 41
562 1 43
563 1 41
564 1 41
565 1 41
566 1 41
567 1 41
568 1 41
569 1 41
570 1 41
571 1 41
572 1 41
573 1 41
574 1 41
575 1 41
576 1 41
577 1 41
578 1 41
579 1 41
580 1 40
581 1 40
582 1 40
583 2 40
584 2 39
585 2 39
586 2 39
587 2 39
588 2 38
589 2 38
590 2 38
591 2 38
592 2 38
593 2 38
594 2 38
595 2 38
596 2 38
597 2 38
598 2 38
599 2 38
600 2 38
601 2 38
602 2 38
603 2 38
604 2 38
605 2 40
606 2 40
607 2 40
608 2 40
609 2 40
610 2 40
611 2 40
612 2 41
613 2 41
614 2 41
615 2 41
616 2 41
617 2 41
618 2 41
619 2 41
620 2 41
621 2 41
622 2 43
623 2 43
624 2 43
625 2 42
626 2 42
627 2 42
628 2 42
629 2 42
630 2 42
631 2 42
632 2 42
633 2 42
634 2 42
635 2 42
636 2 42
637 2 42
638 2 42
639 2 42
640 2 42
641 2 42
642 2 42
643 2 42
644 2 42
645 2 42
646 2 42
647 2 42
648 2 42
649 2 42
650 2 42
651 2 41
652 2 41
653 2 41
654 2 41
655 2 41
656 2 41
657 2 41
658 2 41
659 2 41
660 2 40
661 2 40
662 2 40
663 2 40
664 2 40
665 2 40
666 2 40
667 2 40
668 2 40
669 2 40
670 2 40
671 2 40
672 2 40
673 2 40
674 2 40
675 2 40
676 2 40
677 2 40
678 2 40
679 2 40
680 2 40
681 2 40
682 2 39
683 2 39
684 2 39
685 2 39
686 2 39
687 2 39
688 2 39
689 2 40
690 2 40
691 2 40
692 2 40
693 2 40
694 2 41
695 2 40
696 2 40
697 2 40
698 2 40
699 2 40
700 2 42
701 2 42
702 2 42
703 2 42
704 2 42
705 2 42
706 2 42
707 2 42
708 2 42
709 2 42
710 2 42
711 2 42
712 2 42
713 2 42
714 2 42
715 2 42
716 2 42
717 2 42
718 2 41
719 2 41
720 2 41
721 2 41
722 2 41
723 2 41
724 2 41
725 2 41
726 2 41
727 2 41
728 2 40
729 2 40
730 2 40
731 2 40
732 2 40
733 2 40
734 2 41
735 2 41
736 2 41
737 2 41
738 2 41
739 2 40
740 2 40
741 2 40
742 2 40
743 2 40
744 2 40
745 2 40
746 2 40
747 2 40
748 2 40
749 2 40
750 2 40
751 2 40
752 2 40
753 2 40
754 2 41
755 2 41
756 2 41
757 2 41
758 2 41
759 2 41
760 2 41
761 2 41
762 2 41
763 2 41
764 2 41
765 2 41
766 2 41
767 2 41
768 2 41
769 2 41
770 2 41
771 2 41
772 2 41
773 2 41
774 2 41
775 2 41
776 2 41
777 2 41
778 2 41
779 3 41
780 3 41
781 3 41
782 3 41
783 3 40
784 3 40
785 3 40
786 3 40
787 3 40
788 3 41
789 3 41
790 3 41
791 3 41
792 3 41
793 3 41
794 3 41
795 3 40
796 3 40
797 3 40
798 3 40
799 3 40
800 3 40
801 3 40
802 3 40
803 3 41
804 3 41
805 3 41
806 3 41
807 3 41
808 3 41
809 3 41
810 3 41
811 3 41
812 3 41
813 3 41
814 3 41
815 3 41
816 3 41
817 3 41
818 3 41
819 3 41
820 3 41
821 3 41
822 3 41
823 3 41
824 3 41
825 3 41
826 3 41
827 3 41
828 3 41
829 3 41
830 3 41
831 3 41
832 3 41
833 3 41
834 3 41
835 3 41
836 3 41
837 3 41
838 3 41
839 3 41
840 3 41
841 3 41
842 3 41
843 3 41
844 3 41
845 3 41
846 3 41
847 3 41
848 3 40
849 3 40
850 3 40
851 3 40
852 3 40
853 3 40
854 3 40
855 3 40
856 3 40
857 3 40
858 3 40
859 3 41
860 3 41
861 3 41
862 3 41
863 3 41
864 3 41
865 3 41
866 3 41
867 3 41
868 3 40
869 3 40
870 3 40
871 3 39
872 3 39
873 3 39
874 3 39
875 3 39
876 3 39
877 3 39
878 3 39
879 3 39
880 3 39
881 3 39
882 3 39
883 3 39
884 3 39
885 3 39
886 3 39
887 3 39
888 3 39
889 3 39
890 3 39
891 3 39
892 3 39
893 3 39
894 3 39
895 3 39
896 3 39
897 3 39
898 3 39
899 3 39
900 3 39
901 3 39
902 3 39
903 3 39
904 3 39
905 3 39
906 3 39
907 3 39
908 3 40
909 3 40
910 3 40
911 3 39
912 3 39
913 3 39
914 3 39
915 3 39
916 3 40
917 3 40
918 3 40
919 3 40
920 3 40
921 3 40
922 3 39
923 3 39
924 3 39
925 3 39
926 3 39
927 3 39
928 3 39
929 3 40
930 3 40
931 3 40
932 3 40
933 3 40
934 3 40
935 3 40
936 3 40
937 3 40
938 3 40
939 3 40
940 3 40
941 3 40
942 3 40
943 3 40
944 3 40
945 3 39
946 3 39
947 3 39
948 3 39
949 3 39
950 3 39
951 3 39
952 4 39
953 4 39
954 4 39
955 4 39
956 4 38
957 4 38
958 4 38
959 4 39
960 4 39
961 4 39
962 4 39
963 4 39
964 4 38
965 4 38
966 4 38
967 4 38
968 4 38
969 4 38
970 4 37
971 4 37
972 4 37
973 4 37
974 4 37
975 4 37
976 4 37
977 4 37
978 4 37
979 4 37
980 4 37
981 4 37
982 4 38
983 4 38
984 4 38
985 4 37
986 4 37
987 4 37
988 4 37
989 4 37
990 4 37
991 4 36
992 4 36
993 4 36
994 4 36
995 4 36
996 4 36
997 4 36
998 4 36
999 4 36
1000 4 36
1001 4 36
1002 4 36
1003 4 36
1004 4 36
1005 4 36
1006 4 36
1007 4 36
1008 4 36
1009 4 35
1010 4 35
1011 4 35
1012 4 35
1013 4 35
1014 4 35
1015 4 35
1016 4 35
1017 4 35
1018 4 36
1019 4 36
1020 4 36
1021 4 36
1022 4 36
1023 4 36
1024 4 35
1025 4 35
1026 4 35
1027 4 34
1028 4 34
1029 4 34
1030 4 34
1031 4 34
1032 4 34
1033 4 33
1034 4 33
1035 4 33
1036 4 33
1037 4 33
1038 4 33
1039 4 33
1040 4 33
1041 4 33
1042 4 33
1043 4 33
1044 4 32
1045 4 32
1046 4 32
1047 4 32
1048 4 32
1049 4 32
1050 4 32
1051 4 31
1052 4 31
1053 4 31
1054 4 31
1055 4 31
1056 4 31
1057 4 31
1058 4 31
1059 4 31
1060 4 31
1061 4 31
1062 5 31
1063 5 31
1064 5 31
1065 5 32
1066 5 32
1067 5 32
1068 5 32
1069 5 32
1070 5 31
1071 5 31
1072 5 31
1073 5 31
1074 5 31
1075 5 31
1076 5 31
1077 5 31
1078 5 31
1079 5 30
1080 5 30
1081 5 30
1082 5 30
1083 5 30
1084 5 30
1085 5 30
1086 5 30
1087 5 30
1088 5 30
1089 5 30
1090 5 30
1091 5 30
1092 5 30
1093 5 30
1094 5 30
1095 5 30
1096 5 30
1097 5 30
1098 5 30
1099 5 30
1100 5 30
1101 5 30
1102 5 30
1103 5 30
1104 5 30
1105 5 30
1106 5 30
1107 5 29
1108 5 29
1109 5 29
1110 5 29
1111 5 29
1112 5 29
1113 5 29
1114 5 29
1115 5 29
1116 5 29
1117 5 29
1118 5 29
1119 5 29
1120 5 29
1121 5 29
1122 5 29
1123 5 29
1124 5 29
1125 5 29
1126 5 29
1127 5 29
1128 5 29
1129 5 30
1130 5 30
1131 5 30
1132 5 30
1133 5 30
1134 5 30
1135 5 30
1136 5 30
1137 6 30
1138 6 30
1139 6 30
1140 6 30
1141 6 30
1142 6 30
1143 6 30
1144 6 30
1145 6 30
1146 6 30
1147 6 30
1148 6 30
1149 6 30
1150 6 30
1151 6 30
1152 6 30
1153 6 29
1154 6 29
1155 6 29
1156 6 29
1157 6 29
1158 6 29
1159 6 29
1160 6 29
1161 6 29
1162 6 29
1163 6 29
1164 6 29
1165 6 29
1166 6 29
1167 6 29
1168 6 29
1169 6 29
1170 6 29
1171 6 29
1172 6 29
1173 6 29
1174 6 29
1175 6 28
1176 6 28
1177 6 28
1178 6 28
1179 6 29
1180 6 29
1181 6 29
1182 6 29
1183 6 29
1184 6 29
1185 6 28
1186 6 28
1187 6 28
1188 6 28
1189 6 28
1190 6 28
1191 6 29
1192 6 29
1193 6 28
1194 6 28
1195 6 28
1196 6 28
1197 6 28
1198 6 28
1199 6 28
1200 6 28
1201 6 28
1202 6 28
1203 6 28
1204 6 28
1205 6 28
1206 6 28
1207 6 28
1208 6 28
1209 6 28
1210 6 28
1211 6 28
1212 6 28
1213 7 28
1214 7 28
1215 7 29
1216 7 29
1217 7 29
1218 7 29
1219 7 29
1220 7 29
1221 7 29
1222 7 29
1223 7 29
1224 7 29
1225 7 29
1226 7 29
1227 7 29
1228 7 29
1229 7 29
1230 7 29
1231 7 29
1232 7 29
1233 7 29
1234 7 30
1235 7 30
1236 7 29
1237 7 29
1238 7 29
1239 7 29
1240 7 29
1241 7 29
1242 7 29
1243 7 29
1244 7 29
1245 7 29
1246 7 29
1247 7 29
1248 7 30
1249 7 30
1250 7 30
1251 7 30
1252 7 30
1253 7 30
1254 7 30
1255 7 30
1256 7 30
1257 7 30
1258 7 30
1259 7 30
1260 7 30
1261 7 30
1262 7 30
1263 8 30
1264 8 30
1265 8 30
1266 8 30
1267 8 30
1268 8 30
1269 8 30
1270 8 30
1271 8 30
1272 8 30
1273 8 30
1274 8 30
1275 8 30
1276 8 30
1277 8 30
1278 8 30
1279 8 30
1280 8 30
1281 8 30
1282 8 30
1283 8 30
1284 8 30
1285 8 30
1286 8 30
1287 8 30
1288 8 30
1289 8 30
1290 8 30
1291 8 30
1292 8 30
1293 8 30
1294 8 30
1295 8 29
1296 8 29
1297 8 29
1298 8 30
1299 8 30
1300 8 30
1301 8 30
1302 8 30
1303 8 30
1304 8 30
1305 8 30
1306 8 30
1307 8 30
1308 8 30
1309 8 30
1310 8 30
1311 8 30
1312 8 31
1313 8 30
1314 8 30
1315 8 30
1316 8 30
1317 8 31
1318 8 31
1319 8 31
1320 8 31
1321 8 31
1322 8 31
1323 8 31
1324 8 31
1325 8 31
1326 9 31
1327 9 31
1328 9 31
1329 9 31
1330 9 31
1331 9 31
1332 9 31
1333 9 31
1334 9 31
1335 9 31
1336 9 31
1337 9 31
1338 9 31
1339 9 31
1340 9 31
1341 9 31
1342 9 31
1343 9 31
1344 9 31
1345 9 31
1346 9 31
1347 9 31
1348 9 31
1349 9 31
1350 10 31
1351 10 31
1352 10 30
1353 10 30
1354 10 30
1355 10 30
1356 10 30
1357 10 30
1358 10 30
1359 10 30
1360 10 30
1361 10 30
1362 10 30
1363 10 30
1364 10 30
1365 10 30
1366 10 30
1367 10 30
1368 10 30
1369 10 30
1370 10 30
1371 10 30
1372 10 30
1373 10 30
1374 10 30
1375 10 29
1376 10 29
1377 10 29
1378 10 29
1379 10 29
1380 10 29
1381 10 29
1382 10 29
1383 10 29
1384 10 30
1385 10 29
1386 11 29
1387 11 29
1388 11 29
1389 11 29
1390 11 29
1391 11 29
1392 11 29
1393 11 29
1394 11 29
1395 11 29
1396 11 29
1397 11 30
1398 11 30
1399 11 30
1400 11 30
1401 11 30
1402 11 30
1403 11 30
1404 11 30
1405 11 29
1406 11 29
1407 11 29
1408 11 29
1409 11 29
1410 11 29
1411 11 29
1412 11 29
1413 11 29
1414 11 29
1415 11 29
1416 11 29
1417 11 29
1418 11 29
1419 11 29
1420 11 29
1421 12 29
1422 12 29
1423 12 29
1424 12 29
1425 12 29
1426 12 29
1427 12 29
1428 12 29
1429 12 29
1430 12 30
1431 12 30
1432 12 30
1433 12 30
1434 12 30
1435 12 30
1436 12 30
1437 12 30
1438 12 29
1439 12 29
1440 12 29
1441 12 29
1442 12 29
1443 13 30
1444 13 30
1445 13 30
1446 13 30
1447 13 30
1448 13 30
1449 13 30
1450 13 30
1451 13 30
1452 13 30
1453 13 30
1454 13 30
1455 13 30
1456 13 30
1457 13 30
1458 13 30
1459 13 30
1460 13 30
1461 13 30
1462 13 29
1463 13 29
1464 13 29
1465 13 29
1466 13 29
1467 13 29
1468 13 29
1469 13 29
1470 13 29
1471 13 29
1472 13 29
1473 13 29
1474 13 29
1475 14 29
1476 14 29
1477 14 29
1478 14 29
1479 14 29
1480 14 29
1481 14 29
1482 14 29
1483 14 29
1484 14 29
1485 14 29
1486 14 29
1487 14 29
1488 14 29
1489 14 29
1490 14 29
1491 14 29
1492 14 29
1493 15 28
1494 15 28
1495 15 28
1496 15 29
1497 15 29
1498 15 29
1499 15 29
1500 15 29
1501 15 29
1502 15 29
1503 15 29
1504 15 29
1505 15 29
1506 15 29
1507 15 29
1508 15 28
1509 15 28
1510 15 28
1511 15 28
1512 15 28
1513 15 28
1514 15 28
1515 15 28
1516 15 28
1517 15 28
1518 15 28
1519 16 28
1520 16 28
1521 16 28
1522 16 28
1523 16 28
1524 16 28
1525 16 28
1526 16 28
1527 16 27
1528 16 27
1529 16 27
1530 16 27
1531 16 27
1532 17 27
1533 17 27
1534 17 27
1535 17 27
1536 17 27
1537 17 27
1538 17 27
1539 17 27
1540 17 27
1541 17 27
1542 17 27
1543 17 26
1544 17 26
1545 17 26
1546 17 26
1547 17 26
1548 17 26
1549 17 26
1550 18 26
1551 18 26
1552 18 26
1553 18 26
1554 18 26
1555 18 26
1556 18 26
1557 18 26
1558 18 26
1559 18 26
1560 18 26
1561 18 26
1562 18 25
1563 18 25
1564 19 25
1565 19 25
1566 19 25
1567 19 25
1568 19 25
1569 19 25
1570 19 25
1571 19 25
1572 19 25
1573 19 25
1574 19 25
1575 19 25
1576 19 25
1577 19 25
1578 19 25
1579 20 25
1580 20 25
1581 20 25
1582 20 25
1583 20 25
1584 20 25
1585 20 25
1586 20 25
1587 20 25
1588 21 25
1589 21 24
1590 21 24
1591 21 24
1592 22 24
1593 22 25
1594 22 25
1595 22 25
1596 22 24
1597 22 24
1598 22 25
1599 22 25
1600 22 24
1601 22 24
1602 22 24
1603 22 25
1604 22 25
1605 23 25
1606 23 25
1607 23 24
1608 23 24
1609 23 24
1610 24 24
1611 24 24
1612 24 24
1613 24 24
1614 24 24
1615 25 24
1616 25 24
1617 25 24
1618 25 24
1619 25 24
1620 25 24
1621 25 24
1622 25 24
1623 25 24
1624 25 24
1625 26 24
1626 26 24
1627 26 24
1628 26 24
1629 26 24
1630 26 24
1631 27 24
1632 27 24
1633 27 24
1634 27 24
1635 27 24
1636 27 24
1637 27 24
1638 27 24
1639 27 24
1640 27 24
1641 27 23
1642 28 23
1643 28 23
1644 29 23
1645 30 23
1646 30 23
1647 30 23
1648 30 23
1649 30 23
1650 31 23
1651 31 23
1652 31 23
1653 32 23
1654 33 23
1655 33 23
1656 33 23
1657 34 23
1658 34 23
1659 37 23
1660 37 23
1661 38 23
1662 38 23
1663 38 23
1664 39 23
1665 40 23
1666 40 23
1667 43 23
1668 44 23
1669 44 23
1670 44 23
1671 44 23
1672 45 24
1673 45 24
1674 45 24
1675 45 24
1676 46 23
1677 46 23
1678 46 23
1679 48 24
1680 48 23
1681 49 23
1682 50 24
1683 51 24
1684 52 24
1685 53 24
1686 53 24
1687 59 24
1688 64 24
1689 93 24
1690 93 24
1691 100 24
