0 0 0
1 0 0
2 0 0
3 0 0
4 0 0
5 0 0
6 0 0
7 0 0
8 0 0
9 0 0
10 0 0
11 0 0
12 0 0
13 0 0
14 0 0
15 0 0
16 0 0
17 0 0
18 0 0
19 0 0
20 0 0
21 0 0
22 0 0
23 0 0
24 0 0
25 0 0
26 0 0
27 0 0
28 0 0
29 0 0
30 0 0
31 0 0
32 0 0
33 0 0
34 0 0
35 0 0
36 0 0
37 0 0
38 0 0
39 0 0
40 0 0
41 0 0
42 0 0
43 0 0
44 0 0
45 0 0
46 0 0
47 0 0
48 0 0
49 0 0
50 0 0
51 0 0
52 0 0
53 0 0
54 0 0
55 0 0
56 0 0
57 0 0
58 0 0
59 0 0
60 0 0
61 0 0
62 0 0
63 0 0
64 0 0
65 0 0
66 0 0
67 0 0
68 0 0
69 0 0
70 0 0
71 0 0
72 0 0
73 0 0
74 0 0
75 0 0
76 0 0
77 0 0
78 0 0
79 0 0
80 0 0
81 0 0
82 0 0
83 0 0
84 0 0
85 0 0
86 0 0
87 0 0
88 0 0
89 0 0
90 0 0
91 0 0
92 0 0
93 0 0
94 0 0
95 0 0
96 0 0
97 0 0
98 0 0
99 0 0
100 0 0
101 0 0
102 0 0
103 0 0
104 0 0
105 0 0
106 0 0
107 0 0
108 0 0
109 0 0
110 0 0
111 0 0
112 0 0
113 0 0
114 0 0
115 0 0
116 0 0
117 0 0
118 0 0
119 0 0
120 0 0
121 0 0
122 0 0
123 0 0
124 0 0
125 0 0
126 0 0
127 0 0
128 0 0
129 0 0
130 0 0
131 0 0
132 0 0
133 0 0
134 0 0
135 0 0
136 0 0
137 0 0
138 0 0
139 0 0
140 0 0
141 0 0
142 0 0
143 0 0
144 0 0
145 0 0
146 0 0
147 0 0
148 0 0
149 0 0
150 0 0
151 0 0
152 0 0
153 0 0
154 0 0
155 0 0
156 0 0
157 0 0
158 0 0
159 0 0
160 0 0
161 0 0
162 0 0
163 0 0
164 0 0
165 0 0
166 0 0
167 0 0
168 0 0
169 0 0
170 0 0
171 0 0
172 0 0
173 0 0
174 0 0
175 0 0
176 0 0
177 0 0
178 0 0
179 0 0
180 0 0
181 0 0
182 0 0
183 0 0
184 0 0
185 0 0
186 0 0
187 0 0
188 0 0
189 0 0
190 0 0
191 0 0
192 0 0
193 0 0
194 0 0
195 0 0
196 0 0
197 0 0
198 0 0
199 0 0
200 0 0
201 0 0
202 0 0
203 0 0
204 0 0
205 0 0
206 0 0
207 0 0
208 0 0
209 0 0
210 0 0
211 0 0
212 0 0
213 0 0
214 0 0
215 0 0
216 0 0
217 0 0
218 0 0
219 0 0
220 0 0
221 0 0
222 0 0
223 0 0
224 0 0
225 0 0
226 0 0
227 0 0
228 0 0
229 0 0
230 0 0
231 0 0
232 0 0
233 0 0
234 0 0
235 0 0
236 0 0
237 0 0
238 0 0
239 0 0
240 0 0
241 0 0
242 0 0
243 0 0
244 0 0
245 0 0
246 0 0
247 0 0
248 0 0
249 0 0
250 0 0
251 0 0
252 0 0
253 0 0
254 0 0
255 0 0
256 0 0
257 0 0
258 0 0
259 0 0
260 0 0
261 0 0
262 0 0
263 0 0
264 0 0
265 0 0
266 0 0
267 0 0
268 0 0
269 0 0
270 0 0
271 0 0
272 0 0
273 0 0
274 0 0
275 0 0
276 0 0
277 0 0
278 0 0
279 0 0
280 0 0
281 0 0
282 0 0
283 0 0
284 0 0
285 0 0
286 0 0
287 0 0
288 0 0
289 0 0
290 0 0
291 0 0
292 0 0
293 0 0
294 0 0
295 0 0
296 0 0
297 0 0
298 0 0
299 0 0
300 0 0
301 0 0
302 0 0
303 0 0
304 0 0
305 0 0
306 0 0
307 0 0
308 0 0
309 0 0
310 0 0
311 0 0
312 0 0
313 0 0
314 0 0
315 0 0
316 0 0
317 0 0
318 0 0
319 0 0
320 0 0
321 0 0
322 0 0
323 0 0
324 0 0
325 0 0
326 0 0
327 0 6
328 0 6
329 0 6
330 0 6
331 0 6
332 0 6
333 0 6
334 0 6
335 0 6
336 0 6
337 0 6
338 0 6
339 0 6
340 0 6
341 0 6
342 0 6
343 0 6
344 0 6
345 0 6
346 0 6
347 0 6
348 0 6
349 0 6
350 0 6
351 0 6
352 0 6
353 0 6
354 0 6
355 0 6
356 0 6
357 0 6
358 0 6
359 0 6
360 0 6
361 0 6
362 0 5
363 0 5
364 1 5
365 1 5
366 1 5
367 1 5
368 1 5
369 1 5
370 1 5
371 1 5
372 1 5
373 1 5
374 1 5
375 1 5
376 1 5
377 1 5
378 1 5
379 1 5
380 1 5
381 1 5
382 1 5
383 1 5
384 1 5
385 1 5
386 1 5
387 1 5
388 1 5
389 1 5
390 1 5
391 1 5
392 1 5
393 1 5
394 1 5
395 1 5
396 1 5
397 1 5
398 1 5
399 1 5
400 1 5
401 1 5
402 1 5
403 1 5
404 1 5
405 1 5
406 1 5
407 1 5
408 1 5
409 1 5
410 1 5
411 1 5
412 1 5
413 1 5
414 1 5
415 1 5
416 1 5
417 1 5
418 1 5
419 1 5
420 1 5
421 1 5
422 1 5
423 1 5
424 1 5
425 1 4
426 1 4
427 1 4
428 1 4
429 1 4
430 1 4
431 1 4
432 1 4
433 1 4
434 1 4
435 1 4
436 1 4
437 1 4
438 1 4
439 1 4
440 1 4
441 1 4
442 1 4
443 1 4
444 1 4
445 1 4
446 1 4
447 1 4
448 1 4
449 1 4
450 1 4
451 1 4
452 1 4
453 1 4
454 1 4
455 1 4
456 1 4
457 1 4
458 1 4
459 1 4
460 1 4
461 1 4
462 1 4
463 1 4
464 1 4
465 1 4
466 1 4
467 1 4
468 1 4
469 1 4
470 1 4
471 1 4
472 1 4
473 1 4
474 1 4
475 1 4
476 1 4
477 1 4
478 1 4
479 1 4
480 1 4
481 1 4
482 1 4
483 1 4
484 1 4
485 1 4
486 1 4
487 1 4
488 1 4
489 1 4
490 1 4
491 1 4
492 1 4
493 1 4
494 1 4
495 1 4
496 1 4
497 1 4
498 1 4
499 1 4
500 1 4
501 1 4
502 1 4
503 1 4
504 1 4
505 1 4
506 1 4
507 1 4
508 1 4
509 1 4
510 1 4
511 1 4
512 1 4
513 1 4
514 1 4
515 1 4
516 1 4
517 1 4
518 1 4
519 1 4
520 1 4
521 1 4
522 1 7
523 1 7
524 1 7
525 1 7
526 1 7
527 1 7
528 1 7
529 1 7
530 1 7
531 1 7
532 1 7
533 1 7
534 1 7
535 1 7
536 1 7
537 1 7
538 1 7
539 1 7
540 1 7
541 1 7
542 1 7
543 1 7
544 1 7
545 1 7
546 1 7
547 1 7
548 1 7
549 1 6
550 1 6
551 1 6
552 1 6
553 1 6
554 1 6
555 1 6
556 1 6
557 1 6
558 1 6
559 1 6
560 1 6
561 1 6
562 1 6
563 1 6
564 1 6
565 1 6
566 1 6
567 1 6
568 1 6
569 1 6
570 1 6
571 1 6
572 1 6
573 1 6
574 1 6
575 1 6
576 1 6
577 1 6
578 1 6
579 1 6
580 1 6
581 1 6
582 1 6
583 2 6
584 2 6
585 2 6
586 2 6
587 2 6
588 2 5
589 2 5
590 2 5
591 2 5
592 2 5
593 2 5
594 2 5
595 2 5
596 2 5
597 2 5
598 2 5
599 2 5
600 2 5
601 2 5
602 2 5
603 2 5
604 2 5
605 2 5
606 2 5
607 2 5
608 2 5
609 2 5
610 2 5
611 2 5
612 2 5
613 2 5
614 2 5
615 2 5
616 2 5
617 2 5
618 2 5
619 2 5
620 2 5
621 2 5
622 2 5
623 2 5
624 2 5
625 2 5
626 2 5
627 2 5
628 2 5
629 2 5
630 2 5
631 2 5
632 2 5
633 2 5
634 2 5
635 2 5
636 2 5
637 2 5
638 2 5
639 2 5
640 2 5
641 2 5
642 2 5
643 2 5
644 2 5
645 2 5
646 2 5
647 2 5
648 2 5
649 2 5
650 2 5
651 2 5
652 2 5
653 2 5
654 2 5
655 2 5
656 2 5
657 2 5
658 2 5
659 2 5
660 2 5
661 2 5
662 2 5
663 2 5
664 2 5
665 2 5
666 2 5
667 2 5
668 2 5
669 2 5
670 2 5
671 2 5
672 2 5
673 2 5
674 2 5
675 2 5
676 2 5
677 2 5
678 2 5
679 2 5
680 2 5
681 2 5
682 2 4
683 2 4
684 2 4
685 2 4
686 2 4
687 2 4
688 2 4
689 2 4
690 2 4
691 2 4
692 2 4
693 2 4
694 2 4
695 2 4
696 2 4
697 2 4
698 2 4
699 2 4
700 2 4
701 2 4
702 2 4
703 2 4
704 2 4
705 2 4
706 2 4
707 2 4
708 2 4
709 2 4
710 2 4
711 2 4
712 2 4
713 2 4
714 2 4
715 2 4
716 2 4
717 2 4
718 2 4
719 2 4
720 2 4
721 2 4
722 2 4
723 2 4
724 2 4
725 2 4
726 2 4
727 2 4
728 2 4
729 2 4
730 2 4
731 2 4
732 2 4
733 2 4
734 2 4
735 2 4
736 2 4
737 2 4
738 2 4
739 2 4
740 2 4
741 2 4
742 2 4
743 2 4
744 2 4
745 2 4
746 2 4
747 2 4
748 2 4
749 2 4
750 2 4
751 2 4
752 2 4
753 2 4
754 2 3
755 2 3
756 2 3
757 2 3
758 2 3
759 2 3
760 2 3
761 2 3
762 2 3
763 2 3
764 2 3
765 2 3
766 2 3
767 2 3
768 2 3
769 2 3
770 2 3
771 2 3
772 2 3
773 2 3
774 2 3
775 2 3
776 2 3
777 2 3
778 2 3
779 3 3
780 3 3
781 3 3
782 3 3
783 3 5
784 3 5
785 3 5
786 3 5
787 3 5
788 3 5
789 3 5
790 3 5
791 3 5
792 3 5
793 3 5
794 3 5
795 3 5
796 3 5
797 3 5
798 3 5
799 3 5
800 3 5
801 3 5
802 3 5
803 3 7
804 3 7
805 3 7
806 3 7
807 3 7
808 3 7
809 3 7
810 3 7
811 3 7
812 3 7
813 3 7
814 3 7
815 3 7
816 3 7
817 3 7
818 3 7
819 3 7
820 3 7
821 3 7
822 3 7
823 3 7
824 3 7
825 3 7
826 3 7
827 3 7
828 3 7
829 3 7
830 3 7
831 3 7
832 3 7
833 3 7
834 3 7
835 3 7
836 3 7
837 3 7
838 3 7
839 3 7
840 3 7
841 3 7
842 3 7
843 3 7
844 3 7
845 3 7
846 3 7
847 3 7
848 3 7
849 3 7
850 3 7
851 3 7
852 3 7
853 3 7
854 3 7
855 3 7
856 3 7
857 3 7
858 3 7
859 3 6
860 3 6
861 3 6
862 3 6
863 3 6
864 3 6
865 3 6
866 3 6
867 3 6
868 3 6
869 3 6
870 3 6
871 3 6
872 3 6
873 3 6
874 3 6
875 3 6
876 3 6
877 3 6
878 3 6
879 3 6
880 3 6
881 3 6
882 3 6
883 3 6
884 3 6
885 3 6
886 3 6
887 3 6
888 3 6
889 3 6
890 3 6
891 3 6
892 3 6
893 3 6
894 3 6
895 3 6
896 3 6
897 3 6
898 3 6
899 3 6
900 3 6
901 3 6
902 3 6
903 3 6
904 3 6
905 3 6
906 3 6
907 3 6
908 3 8
909 3 8
910 3 8
911 3 7
912 3 7
913 3 7
914 3 7
915 3 7
916 3 7
917 3 7
918 3 7
919 3 7
920 3 7
921 3 7
922 3 7
923 3 7
924 3 7
925 3 7
926 3 7
927 3 7
928 3 7
929 3 8
930 3 8
931 3 8
932 3 8
933 3 8
934 3 8
935 3 8
936 3 8
937 3 8
938 3 8
939 3 8
940 3 8
941 3 8
942 3 8
943 3 8
944 3 8
945 3 8
946 3 8
947 3 8
948 3 8
949 3 8
950 3 8
951 3 8
952 4 8
953 4 8
954 4 8
955 4 8
956 4 8
957 4 8
958 4 8
959 4 9
960 4 9
961 4 9
962 4 9
963 4 9
964 4 9
965 4 9
966 4 9
967 4 9
968 4 9
969 4 9
970 4 9
971 4 9
972 4 9
973 4 9
974 4 9
975 4 9
976 4 9
977 4 9
978 4 9
979 4 9
980 4 9
981 4 9
982 4 10
983 4 10
984 4 10
985 4 10
986 4 10
987 4 10
988 4 10
989 4 10
990 4 10
991 4 10
992 4 10
993 4 10
994 4 10
995 4 10
996 4 10
997 4 10
998 4 10
999 4 10
1000 4 10
1001 4 10
1002 4 10
1003 4 10
1004 4 10
1005 4 10
1006 4 10
1007 4 10
1008 4 10
1009 4 9
1010 4 9
1011 4 9
1012 4 9
1013 4 9
1014 4 9
1015 4 10
1016 4 10
1017 4 10
1018 4 12
1019 4 12
1020 4 12
1021 4 12
1022 4 12
1023 4 12
1024 4 13
1025 4 14
1026 4 14
1027 4 13
1028 4 13
1029 4 13
1030 4 13
1031 4 13
1032 4 13
1033 4 13
1034 4 13
1035 4 13
1036 4 13
1037 4 13
1038 4 13
1039 4 13
1040 4 13
1041 4 13
1042 4 13
1043 4 13
1044 4 13
1045 4 14
1046 4 14
1047 4 14
1048 4 14
1049 4 15
1050 4 15
1051 4 15
1052 4 15
1053 4 15
1054 4 15
1055 4 15
1056 4 16
1057 4 16
1058 4 16
1059 4 16
1060 4 16
1061 4 17
1062 5 17
1063 5 17
1064 5 17
1065 5 17
1066 5 18
1067 5 19
1068 5 19
1069 5 19
1070 5 18
1071 5 18
1072 5 19
1073 5 19
1074 5 19
1075 5 19
1076 5 19
1077 5 19
1078 5 19
1079 5 20
1080 5 20
1081 5 20
1082 5 20
1083 5 20
1084 5 20
1085 5 20
1086 5 20
1087 5 20
1088 5 20
1089 5 20
1090 5 20
1091 5 20
1092 5 20
1093 5 20
1094 5 20
1095 5 20
1096 5 20
1097 5 20
1098 5 20
1099 5 20
1100 5 20
1101 5 20
1102 5 20
1103 5 20
1104 5 20
1105 5 20
1106 5 20
1107 5 21
1108 5 21
1109 5 21
1110 5 22
1111 5 22
1112 5 22
1113 5 22
1114 5 22
1115 5 22
1116 5 22
1117 5 22
1118 5 22
1119 5 22
1120 5 22
1121 5 22
1122 5 22
1123 5 22
1124 5 22
1125 5 22
1126 5 22
1127 5 22
1128 5 22
1129 5 22
1130 5 22
1131 5 22
1132 5 22
1133 5 22
1134 5 22
1135 5 22
1136 5 22
1137 6 22
1138 6 23
1139 6 23
1140 6 23
1141 6 23
1142 6 23
1143 6 23
1144 6 23
1145 6 24
1146 6 24
1147 6 24
1148 6 24
1149 6 24
1150 6 24
1151 6 24
1152 6 24
1153 6 25
1154 6 26
1155 6 26
1156 6 26
1157 6 26
1158 6 26
1159 6 26
1160 6 26
1161 6 26
1162 6 26
1163 6 26
1164 6 26
1165 6 26
1166 6 26
1167 6 26
1168 6 26
1169 6 26
1170 6 26
1171 6 26
1172 6 26
1173 6 27
1174 6 27
1175 6 27
1176 6 27
1177 6 27
1178 6 27
1179 6 27
1180 6 27
1181 6 27
1182 6 28
1183 6 28
1184 6 28
1185 6 28
1186 6 28
1187 6 28
1188 6 28
1189 6 28
1190 6 28
1191 6 29
1192 6 29
1193 6 30
1194 6 30
1195 6 30
1196 6 30
1197 6 30
1198 6 30
1199 6 30
1200 6 30
1201 6 30
1202 6 30
1203 6 30
1204 6 30
1205 6 30
1206 6 30
1207 6 30
1208 6 31
1209 6 31
1210 6 31
1211 6 31
1212 6 31
1213 7 32
1214 7 32
1215 7 32
1216 7 32
1217 7 32
1218 7 32
1219 7 32
1220 7 32
1221 7 32
1222 7 32
1223 7 32
1224 7 32
1225 7 33
1226 7 33
1227 7 33
1228 7 33
1229 7 33
1230 7 33
1231 7 33
1232 7 34
1233 7 34
1234 7 34
1235 7 34
1236 7 35
1237 7 35
1238 7 35
1239 7 35
1240 7 36
1241 7 36
1242 7 36
1243 7 36
1244 7 36
1245 7 36
1246 7 36
1247 7 36
1248 7 37
1249 7 37
1250 7 37
1251 7 37
1252 7 38
1253 7 38
1254 7 38
1255 7 38
1256 7 38
1257 7 38
1258 7 38
1259 7 38
1260 7 38
1261 7 38
1262 7 38
1263 8 38
1264 8 38
1265 8 38
1266 8 38
1267 8 39
1268 8 39
1269 8 39
1270 8 39
1271 8 39
1272 8 39
1273 8 39
1274 8 39
1275 8 39
1276 8 39
1277 8 39
1278 8 39
1279 8 39
1280 8 39
1281 8 39
1282 8 39
1283 8 39
1284 8 39
1285 8 39
1286 8 39
1287 8 39
1288 8 39
1289 8 39
1290 8 39
1291 8 40
1292 8 39
1293 8 39
1294 8 39
1295 8 40
1296 8 40
1297 8 40
1298 8 40
1299 8 40
1300 8 40
1301 8 40
1302 8 41
1303 8 41
1304 8 41
1305 8 41
1306 8 41
1307 8 41
1308 8 41
1309 8 41
1310 8 41
1311 8 41
1312 8 41
1313 8 42
1314 8 42
1315 8 42
1316 8 42
1317 8 42
1318 8 42
1319 8 42
1320 8 42
1321 8 43
1322 8 43
1323 8 43
1324 8 43
1325 8 43
1326 9 43
1327 9 43
1328 9 44
1329 9 44
1330 9 44
1331 9 43
1332 9 43
1333 9 44
1334 9 44
1335 9 44
1336 9 44
1337 9 45
1338 9 45
1339 9 45
1340 9 45
1341 9 45
1342 9 45
1343 9 45
1344 9 45
1345 9 45
1346 9 45
1347 9 45
1348 9 45
1349 9 45
1350 10 46
1351 10 46
1352 10 46
1353 10 46
1354 10 47
1355 10 47
1356 10 47
1357 10 47
1358 10 47
1359 10 47
1360 10 47
1361 10 47
1362 10 47
1363 10 48
1364 10 48
1365 10 48
1366 10 48
1367 10 48
1368 10 48
1369 10 48
1370 10 48
1371 10 48
1372 10 48
1373 10 48
1374 10 48
1375 10 49
1376 10 49
1377 10 49
1378 10 49
1379 10 49
1380 10 50
1381 10 50
1382 10 50
1383 10 50
1384 10 50
1385 10 51
1386 11 51
1387 11 51
1388 11 51
1389 11 51
1390 11 52
1391 11 52
1392 11 52
1393 11 52
1394 11 52
1395 11 52
1396 11 52
1397 11 52
1398 11 52
1399 11 52
1400 11 52
1401 11 53
1402 11 53
1403 11 53
1404 11 53
1405 11 53
1406 11 53
1407 11 54
1408 11 54
1409 11 54
1410 11 54
1411 11 54
1412 11 54
1413 11 54
1414 11 54
1415 11 55
1416 11 55
1417 11 55
1418 11 55
1419 11 55
1420 11 55
1421 12 55
1422 12 55
1423 12 55
1424 12 55
1425 12 55
1426 12 55
1427 12 55
1428 12 55
1429 12 55
1430 12 56
1431 12 56
1432 12 56
1433 12 56
1434 12 56
1435 12 56
1436 12 56
1437 12 56
1438 12 56
1439 12 56
1440 12 56
1441 12 56
1442 12 56
1443 13 56
1444 13 57
1445 13 57
1446 13 57
1447 13 57
1448 13 57
1449 13 57
1450 13 57
1451 13 57
1452 13 57
1453 13 57
1454 13 57
1455 13 57
1456 13 57
1457 13 58
1458 13 58
1459 13 58
1460 13 58
1461 13 58
1462 13 58
1463 13 58
1464 13 58
1465 13 58
1466 13 58
1467 13 59
1468 13 59
1469 13 59
1470 13 59
1471 13 59
1472 13 59
1473 13 59
1474 13 59
1475 14 59
1476 14 59
1477 14 60
1478 14 60
1479 14 60
1480 14 60
1481 14 60
1482 14 60
1483 14 60
1484 14 61
1485 14 61
1486 14 61
1487 14 61
1488 14 61
1489 14 61
1490 14 61
1491 14 62
1492 14 62
1493 15 62
1494 15 62
1495 15 62
1496 15 62
1497 15 62
1498 15 62
1499 15 62
1500 15 62
1501 15 62
1502 15 62
1503 15 62
1504 15 62
1505 15 62
1506 15 62
1507 15 63
1508 15 63
1509 15 63
1510 15 63
1511 15 63
1512 15 63
1513 15 63
1514 15 63
1515 15 63
1516 15 63
1517 15 63
1518 15 63
1519 16 64
1520 16 64
1521 16 64
1522 16 64
1523 16 64
1524 16 64
1525 16 64
1526 16 64
1527 16 64
1528 16 64
1529 16 64
1530 16 64
1531 16 64
1532 17 64
1533 17 64
1534 17 64
1535 17 65
1536 17 65
1537 17 65
1538 17 65
1539 17 65
1540 17 65
1541 17 65
1542 17 65
1543 17 65
1544 17 65
1545 17 66
1546 17 66
1547 17 66
1548 17 66
1549 17 66
1550 18 66
1551 18 66
1552 18 66
1553 18 66
1554 18 66
1555 18 66
1556 18 66
1557 18 66
1558 18 66
1559 18 66
1560 18 66
1561 18 67
1562 18 67
1563 18 67
1564 19 67
1565 19 67
1566 19 67
1567 19 67
1568 19 67
1569 19 67
1570 19 67
1571 19 67
1572 19 67
1573 19 67
1574 19 68
1575 19 68
1576 19 68
1577 19 68
1578 19 68
1579 20 68
1580 20 68
1581 20 68
1582 20 68
1583 20 68
1584 20 68
1585 20 68
1586 20 68
1587 20 69
1588 21 69
1589 21 69
1590 21 69
1591 21 69
1592 22 69
1593 22 69
1594 22 69
1595 22 69
1596 22 69
1597 22 69
1598 22 69
1599 22 70
1600 22 70
1601 22 70
1602 22 70
1603 22 70
1604 22 70
1605 23 70
1606 23 70
1607 23 70
1608 23 70
1609 23 70
1610 24 70
1611 24 70
1612 24 70
1613 24 70
1614 24 70
1615 25 70
1616 25 70
1617 25 70
1618 25 70
1619 25 70
1620 25 70
1621 25 71
1622 25 71
1623 25 71
1624 25 71
1625 26 71
1626 26 71
1627 26 71
1628 26 71
1629 26 71
1630 26 71
1631 27 71
1632 27 71
1633 27 71
1634 27 71
1635 27 71
1636 27 71
1637 27 71
1638 27 71
1639 27 71
1640 27 71
1641 27 71
1642 28 71
1643 28 72
1644 29 72
1645 30 72
1646 30 72
1647 30 72
1648 30 72
1649 30 72
1650 31 72
1651 31 72
1652 31 72
1653 32 72
1654 33 72
1655 33 72
1656 33 72
1657 34 72
1658 34 72
1659 37 72
1660 37 72
1661 38 72
1662 38 72
1663 38 72
1664 39 72
1665 40 73
1666 40 73
1667 43 73
1668 44 73
1669 44 73
1670 44 73
1671 44 73
1672 45 73
1673 45 73
1674 45 73
1675 45 73
1676 46 73
1677 46 73
1678 46 73
1679 48 73
1680 48 73
1681 49 73
1682 50 73
1683 51 73
1684 52 73
1685 53 74
1686 53 74
1687 59 74
1688 64 74
1689 93 74
1690 93 74
1691 100 74
