0 0 0
1 0 0
2 0 0
3 0 0
4 0 0
5 0 0
6 0 0
7 0 0
8 0 0
9 0 0
10 0 0
11 0 0
12 0 0
13 0 0
14 0 0
15 0 0
16 0 0
17 0 0
18 0 0
19 0 0
20 0 0
21 0 0
22 0 0
23 0 0
24 0 0
25 0 0
26 0 0
27 0 0
28 0 0
29 0 0
30 0 0
31 0 0
32 0 0
33 0 0
34 0 0
35 0 0
36 0 0
37 0 0
38 0 0
39 0 0
40 0 0
41 0 0
42 0 0
43 0 0
44 0 0
45 0 0
46 0 0
47 0 0
48 0 0
49 0 0
50 0 0
51 0 0
52 0 0
53 0 0
54 0 0
55 0 0
56 0 0
57 0 0
58 0 0
59 0 0
60 0 0
61 0 0
62 0 0
63 0 0
64 0 0
65 0 0
66 0 0
67 0 0
68 0 0
69 0 0
70 0 0
71 0 0
72 0 0
73 0 0
74 0 0
75 0 0
76 0 0
77 0 0
78 0 0
79 0 0
80 0 0
81 0 0
82 0 0
83 0 0
84 0 0
85 0 0
86 0 0
87 0 0
88 0 0
89 0 0
90 0 0
91 0 0
92 0 0
93 0 0
94 0 0
95 0 0
96 0 0
97 0 0
98 0 0
99 0 0
100 0 0
101 0 0
102 0 0
103 0 0
104 0 0
105 0 0
106 0 0
107 0 0
108 0 0
109 0 0
110 0 0
111 0 0
112 0 0
113 0 0
114 0 0
115 0 0
116 0 0
117 0 0
118 0 0
119 0 0
120 0 0
121 0 0
122 0 0
123 0 0
124 0 0
125 0 0
126 0 0
127 0 0
128 0 0
129 0 0
130 0 0
131 0 0
132 0 0
133 0 0
134 0 0
135 0 0
136 0 0
137 0 0
138 0 0
139 0 0
140 0 0
141 0 0
142 0 0
143 0 0
144 0 0
145 0 0
146 0 0
147 0 0
148 0 0
149 0 0
150 0 0
151 0 0
152 0 0
153 0 0
154 0 0
155 0 0
156 0 0
157 0 0
158 0 0
159 0 0
160 0 0
161 0 0
162 0 0
163 0 0
164 0 0
165 0 0
166 0 0
167 0 0
168 0 0
169 0 0
170 0 0
171 0 0
172 0 0
173 0 0
174 0 0
175 0 0
176 0 0
177 0 0
178 0 0
179 0 0
180 0 0
181 0 0
182 0 0
183 0 0
184 0 0
185 0 0
186 0 0
187 0 0
188 0 0
189 0 0
190 0 0
191 0 0
192 0 0
193 0 0
194 0 0
195 0 0
196 0 0
197 0 0
198 0 0
199 0 0
200 0 0
201 0 0
202 0 0
203 0 0
204 0 0
205 0 0
206 0 0
207 0 0
208 0 0
209 0 0
210 0 0
211 0 0
212 0 0
213 0 0
214 0 0
215 0 0
216 0 0
217 0 0
218 0 0
219 0 0
220 0 0
221 0 0
222 0 0
223 0 0
224 0 0
225 0 0
226 0 0
227 0 0
228 0 0
229 0 0
230 0 0
231 0 0
232 0 0
233 0 0
234 0 0
235 0 0
236 0 0
237 0 0
238 0 0
239 0 0
240 0 0
241 0 0
242 0 0
243 0 0
244 0 0
245 0 0
246 0 0
247 0 0
248 0 0
249 0 0
250 0 0
251 0 0
252 0 0
253 0 0
254 0 0
255 0 0
256 0 0
257 0 0
258 0 0
259 0 0
260 0 0
261 0 0
262 0 0
263 0 0
264 0 0
265 0 0
266 0 0
267 0 0
268 0 0
269 0 0
270 0 0
271 0 0
272 0 0
273 0 0
274 0 0
275 0 0
276 0 0
277 0 0
278 0 0
279 0 0
280 0 0
281 0 0
282 0 0
283 0 0
284 0 0
285 0 0
286 0 0
287 0 0
288 0 0
289 0 0
290 0 0
291 0 0
292 0 0
293 0 0
294 0 0
295 0 0
296 0 0
297 0 0
298 0 0
299 0 0
300 0 0
301 0 0
302 0 0
303 0 0
304 0 0
305 0 0
306 0 0
307 0 0
308 0 0
309 0 0
310 0 0
311 0 0
312 0 0
313 0 0
314 0 0
315 0 0
316 0 0
317 0 0
318 0 0
319 0 0
320 0 0
321 0 0
322 0 0
323 0 0
324 0 0
325 0 0
326 0 0
327 0 6
328 0 6
329 0 6
330 0 6
331 0 6
332 0 6
333 0 6
334 0 6
335 0 6
336 0 6
337 0 6
338 0 6
339 0 6
340 0 6
341 0 6
342 0 6
343 0 6
344 0 6
345 0 6
346 0 6
347 0 6
348 0 6
349 0 6
350 0 6
351 0 6
352 0 6
353 0 6
354 0 6
355 0 6
356 0 6
357 0 6
358 0 6
359 0 6
360 0 6
361 0 6
362 0 5
363 0 5
364 1 5
365 1 5
366 1 5
367 1 11
368 1 11
369 1 11
370 1 11
371 1 11
372 1 11
373 1 11
374 1 11
375 1 11
376 1 10
377 1 10
378 1 10
379 1 10
380 1 10
381 1 10
382 1 10
383 1 10
384 1 10
385 1 10
386 1 10
387 1 10
388 1 10
389 1 10
390 1 10
391 1 10
392 1 10
393 1 10
394 1 10
395 1 10
396 1 10
397 1 10
398 1 10
399 1 10
400 1 10
401 1 10
402 1 10
403 1 10
404 1 10
405 1 10
406 1 10
407 1 10
408 1 10
409 1 10
410 1 10
411 1 10
412 1 10
413 1 10
414 1 10
415 1 10
416 1 10
417 1 10
418 1 10
419 1 10
420 1 10
421 1 10
422 1 10
423 1 10
424 1 10
425 1 9
426 1 9
427 1 9
428 1 9
429 1 9
430 1 9
431 1 9
432 1 9
433 1 9
434 1 9
435 1 9
436 1 9
437 1 9
438 1 9
439 1 9
440 1 9
441 1 9
442 1 9
443 1 9
444 1 9
445 1 9
446 1 9
447 1 9
448 1 9
449 1 9
450 1 9
451 1 9
452 1 9
453 1 9
454 1 9
455 1 9
456 1 9
457 1 9
458 1 9
459 1 9
460 1 9
461 1 9
462 1 9
463 1 9
464 1 9
465 1 9
466 1 9
467 1 9
468 1 9
469 1 9
470 1 9
471 1 9
472 1 9
473 1 9
474 1 9
475 1 9
476 1 9
477 1 9
478 1 9
479 1 9
480 1 9
481 1 9
482 1 9
483 1 9
484 1 9
485 1 9
486 1 9
487 1 9
488 1 9
489 1 9
490 1 9
491 1 9
492 1 9
493 1 9
494 1 9
495 1 9
496 1 9
497 1 9
498 1 9
499 1 9
500 1 9
501 1 9
502 1 13
503 1 13
504 1 12
505 1 12
506 1 12
507 1 12
508 1 12
509 1 12
510 1 12
511 1 12
512 1 12
513 1 12
514 1 12
515 1 12
516 1 12
517 1 12
518 1 12
519 1 12
520 1 12
521 1 12
522 1 15
523 1 15
524 1 15
525 1 15
526 1 15
527 1 15
528 1 15
529 1 15
530 1 15
531 1 15
532 1 15
533 1 15
534 1 15
535 1 15
536 1 15
537 1 15
538 1 15
539 1 18
540 1 18
541 1 18
542 1 18
543 1 18
544 1 18
545 1 18
546 1 18
547 1 17
548 1 17
549 1 17
550 1 17
551 1 17
552 1 17
553 1 17
554 1 17
555 1 17
556 1 17
557 1 17
558 1 17
559 1 17
560 1 17
561 1 17
562 1 16
563 1 16
564 1 16
565 1 16
566 1 16
567 1 16
568 1 16
569 1 16
570 1 16
571 1 16
572 1 16
573 1 16
574 1 16
575 1 16
576 1 16
577 1 16
578 1 16
579 1 16
580 1 15
581 1 15
582 1 15
583 2 15
584 2 18
585 2 18
586 2 18
587 2 18
588 2 20
589 2 20
590 2 20
591 2 20
592 2 20
593 2 20
594 2 20
595 2 20
596 2 20
597 2 20
598 2 20
599 2 20
600 2 20
601 2 20
602 2 20
603 2 20
604 2 20
605 2 20
606 2 20
607 2 20
608 2 20
609 2 20
610 2 20
611 2 20
612 2 19
613 2 19
614 2 19
615 2 19
616 2 19
617 2 19
618 2 19
619 2 19
620 2 19
621 2 19
622 2 18
623 2 18
624 2 18
625 2 18
626 2 18
627 2 18
628 2 18
629 2 18
630 2 18
631 2 18
632 2 18
633 2 18
634 2 18
635 2 18
636 2 18
637 2 18
638 2 18
639 2 18
640 2 18
641 2 18
642 2 18
643 2 18
644 2 18
645 2 18
646 2 18
647 2 18
648 2 18
649 2 18
650 2 18
651 2 17
652 2 17
653 2 17
654 2 17
655 2 17
656 2 17
657 2 17
658 2 17
659 2 17
660 2 17
661 2 17
662 2 17
663 2 17
664 2 17
665 2 17
666 2 17
667 2 17
668 2 17
669 2 17
670 2 17
671 2 17
672 2 17
673 2 17
674 2 17
675 2 17
676 2 17
677 2 17
678 2 17
679 2 17
680 2 17
681 2 17
682 2 17
683 2 17
684 2 17
685 2 17
686 2 17
687 2 17
688 2 17
689 2 19
690 2 19
691 2 19
692 2 19
693 2 19
694 2 18
695 2 18
696 2 18
697 2 18
698 2 18
699 2 18
700 2 17
701 2 17
702 2 17
703 2 17
704 2 17
705 2 17
706 2 17
707 2 17
708 2 17
709 2 17
710 2 17
711 2 17
712 2 17
713 2 17
714 2 17
715 2 17
716 2 17
717 2 17
718 2 19
719 2 19
720 2 19
721 2 19
722 2 19
723 2 19
724 2 19
725 2 19
726 2 19
727 2 19
728 2 21
729 2 21
730 2 21
731 2 21
732 2 21
733 2 21
734 2 20
735 2 20
736 2 20
737 2 20
738 2 20
739 2 20
740 2 22
741 2 22
742 2 22
743 2 22
744 2 22
745 2 22
746 2 22
747 2 22
748 2 22
749 2 22
750 2 22
751 2 22
752 2 22
753 2 22
754 2 21
755 2 21
756 2 21
757 2 21
758 2 21
759 2 21
760 2 21
761 2 21
762 2 21
763 2 21
764 2 21
765 2 21
766 2 21
767 2 21
768 2 21
769 2 21
770 2 21
771 2 21
772 2 21
773 2 21
774 2 21
775 2 21
776 2 21
777 2 21
778 2 21
779 3 21
780 3 21
781 3 21
782 3 21
783 3 21
784 3 21
785 3 21
786 3 21
787 3 21
788 3 22
789 3 22
790 3 22
791 3 22
792 3 22
793 3 22
794 3 22
795 3 22
796 3 22
797 3 22
798 3 22
799 3 22
800 3 22
801 3 22
802 3 22
803 3 23
804 3 23
805 3 23
806 3 23
807 3 23
808 3 23
809 3 23
810 3 23
811 3 23
812 3 23
813 3 23
814 3 23
815 3 23
816 3 23
817 3 23
818 3 23
819 3 23
820 3 23
821 3 23
822 3 23
823 3 23
824 3 23
825 3 23
826 3 23
827 3 23
828 3 23
829 3 23
830 3 23
831 3 23
832 3 23
833 3 23
834 3 23
835 3 23
836 3 23
837 3 23
838 3 23
839 3 23
840 3 23
841 3 23
842 3 23
843 3 23
844 3 23
845 3 23
846 3 23
847 3 23
848 3 22
849 3 22
850 3 22
851 3 22
852 3 22
853 3 22
854 3 22
855 3 22
856 3 22
857 3 22
858 3 22
859 3 22
860 3 22
861 3 22
862 3 22
863 3 22
864 3 22
865 3 22
866 3 22
867 3 22
868 3 22
869 3 22
870 3 21
871 3 21
872 3 21
873 3 21
874 3 21
875 3 21
876 3 21
877 3 21
878 3 21
879 3 21
880 3 21
881 3 21
882 3 21
883 3 21
884 3 21
885 3 21
886 3 21
887 3 21
888 3 21
889 3 21
890 3 21
891 3 21
892 3 21
893 3 21
894 3 21
895 3 21
896 3 21
897 3 21
898 3 21
899 3 21
900 3 21
901 3 21
902 3 21
903 3 21
904 3 21
905 3 21
906 3 21
907 3 21
908 3 20
909 3 20
910 3 20
911 3 20
912 3 20
913 3 20
914 3 20
915 3 20
916 3 20
917 3 20
918 3 21
919 3 21
920 3 21
921 3 21
922 3 21
923 3 21
924 3 21
925 3 21
926 3 21
927 3 21
928 3 21
929 3 22
930 3 22
931 3 22
932 3 22
933 3 22
934 3 22
935 3 22
936 3 22
937 3 22
938 3 22
939 3 22
940 3 22
941 3 22
942 3 22
943 3 22
944 3 22
945 3 22
946 3 22
947 3 22
948 3 22
949 3 22
950 3 22
951 3 22
952 4 22
953 4 22
954 4 22
955 4 23
956 4 22
957 4 22
958 4 22
959 4 23
960 4 23
961 4 23
962 4 23
963 4 23
964 4 23
965 4 24
966 4 24
967 4 24
968 4 24
969 4 24
970 4 24
971 4 24
972 4 25
973 4 25
974 4 25
975 4 25
976 4 25
977 4 25
978 4 25
979 4 25
980 4 25
981 4 25
982 4 26
983 4 26
984 4 26
985 4 25
986 4 25
987 4 26
988 4 26
989 4 26
990 4 26
991 4 27
992 4 27
993 4 27
994 4 27
995 4 27
996 4 27
997 4 27
998 4 27
999 4 27
1000 4 27
1001 4 27
1002 4 27
1003 4 27
1004 4 27
1005 4 27
1006 4 27
1007 4 27
1008 4 27
1009 4 27
1010 4 27
1011 4 27
1012 4 27
1013 4 27
1014 4 27
1015 4 28
1016 4 28
1017 4 28
1018 4 28
1019 4 28
1020 4 28
1021 4 28
1022 4 28
1023 4 28
1024 4 28
1025 4 28
1026 4 28
1027 4 29
1028 4 28
1029 4 28
1030 4 28
1031 4 28
1032 4 28
1033 4 28
1034 4 28
1035 4 28
1036 4 28
1037 4 28
1038 4 27
1039 4 27
1040 4 27
1041 4 27
1042 4 27
1043 4 27
1044 4 28
1045 4 29
1046 4 29
1047 4 29
1048 4 29
1049 4 29
1050 4 29
1051 4 29
1052 4 29
1053 4 29
1054 4 29
1055 4 29
1056 4 30
1057 4 30
1058 4 30
1059 4 31
1060 4 31
1061 4 30
1062 5 30
1063 5 30
1064 5 30
1065 5 30
1066 5 30
1067 5 31
1068 5 31
1069 5 31
1070 5 30
1071 5 30
1072 5 30
1073 5 31
1074 5 31
1075 5 31
1076 5 31
1077 5 31
1078 5 31
1079 5 31
1080 5 31
1081 5 31
1082 5 31
1083 5 31
1084 5 31
1085 5 31
1086 5 31
1087 5 31
1088 5 31
1089 5 31
1090 5 31
1091 5 31
1092 5 31
1093 5 31
1094 5 31
1095 5 32
1096 5 32
1097 5 32
1098 5 32
1099 5 32
1100 5 32
1101 5 32
1102 5 32
1103 5 32
1104 5 32
1105 5 32
1106 5 32
1107 5 32
1108 5 32
1109 5 32
1110 5 33
1111 5 33
1112 5 33
1113 5 33
1114 5 33
1115 5 33
1116 5 33
1117 5 33
1118 5 33
1119 5 33
1120 5 33
1121 5 33
1122 5 33
1123 5 33
1124 5 33
1125 5 33
1126 5 33
1127 5 33
1128 5 33
1129 5 32
1130 5 32
1131 5 32
1132 5 32
1133 5 32
1134 5 32
1135 5 32
1136 5 32
1137 6 32
1138 6 33
1139 6 33
1140 6 33
1141 6 33
1142 6 33
1143 6 33
1144 6 33
1145 6 33
1146 6 33
1147 6 33
1148 6 33
1149 6 34
1150 6 34
1151 6 34
1152 6 34
1153 6 35
1154 6 35
1155 6 36
1156 6 36
1157 6 36
1158 6 36
1159 6 36
1160 6 36
1161 6 36
1162 6 36
1163 6 36
1164 6 36
1165 6 36
1166 6 36
1167 6 36
1168 6 36
1169 6 36
1170 6 36
1171 6 36
1172 6 36
1173 6 36
1174 6 36
1175 6 37
1176 6 37
1177 6 37
1178 6 37
1179 6 36
1180 6 36
1181 6 36
1182 6 36
1183 6 36
1184 6 36
1185 6 37
1186 6 37
1187 6 37
1188 6 37
1189 6 37
1190 6 37
1191 6 38
1192 6 38
1193 6 38
1194 6 38
1195 6 38
1196 6 38
1197 6 38
1198 6 38
1199 6 38
1200 6 38
1201 6 38
1202 6 38
1203 6 38
1204 6 38
1205 6 38
1206 6 38
1207 6 38
1208 6 38
1209 6 38
1210 6 38
1211 6 38
1212 6 38
1213 7 39
1214 7 39
1215 7 39
1216 7 39
1217 7 39
1218 7 39
1219 7 39
1220 7 39
1221 7 39
1222 7 39
1223 7 39
1224 7 39
1225 7 40
1226 7 39
1227 7 39
1228 7 39
1229 7 39
1230 7 39
1231 7 39
1232 7 40
1233 7 40
1234 7 40
1235 7 40
1236 7 41
1237 7 41
1238 7 41
1239 7 41
1240 7 41
1241 7 40
1242 7 40
1243 7 40
1244 7 40
1245 7 40
1246 7 40
1247 7 41
1248 7 41
1249 7 41
1250 7 41
1251 7 41
1252 7 41
1253 7 41
1254 7 41
1255 7 41
1256 7 41
1257 7 41
1258 7 41
1259 7 41
1260 7 42
1261 7 42
1262 7 42
1263 8 42
1264 8 42
1265 8 42
1266 8 42
1267 8 41
1268 8 41
1269 8 41
1270 8 41
1271 8 41
1272 8 41
1273 8 41
1274 8 41
1275 8 41
1276 8 41
1277 8 41
1278 8 41
1279 8 41
1280 8 41
1281 8 41
1282 8 41
1283 8 41
1284 8 41
1285 8 41
1286 8 41
1287 8 41
1288 8 41
1289 8 41
1290 8 42
1291 8 42
1292 8 41
1293 8 41
1294 8 41
1295 8 42
1296 8 42
1297 8 42
1298 8 42
1299 8 42
1300 8 42
1301 8 42
1302 8 42
1303 8 42
1304 8 42
1305 8 42
1306 8 42
1307 8 42
1308 8 42
1309 8 42
1310 8 42
1311 8 42
1312 8 43
1313 8 42
1314 8 42
1315 8 43
1316 8 43
1317 8 43
1318 8 43
1319 8 43
1320 8 43
1321 8 43
1322 8 43
1323 8 43
1324 8 44
1325 8 44
1326 9 44
1327 9 44
1328 9 44
1329 9 44
1330 9 44
1331 9 45
1332 9 45
1333 9 45
1334 9 45
1335 9 45
1336 9 45
1337 9 45
1338 9 45
1339 9 45
1340 9 45
1341 9 45
1342 9 46
1343 9 46
1344 9 46
1345 9 46
1346 9 46
1347 9 46
1348 9 46
1349 9 46
1350 10 46
1351 10 46
1352 10 46
1353 10 46
1354 10 47
1355 10 47
1356 10 46
1357 10 46
1358 10 47
1359 10 47
1360 10 47
1361 10 47
1362 10 47
1363 10 47
1364 10 47
1365 10 47
1366 10 47
1367 10 47
1368 10 47
1369 10 48
1370 10 47
1371 10 47
1372 10 47
1373 10 47
1374 10 47
1375 10 48
1376 10 48
1377 10 48
1378 10 48
1379 10 48
1380 10 48
1381 10 49
1382 10 49
1383 10 48
1384 10 48
1385 10 48
1386 11 48
1387 11 49
1388 11 49
1389 11 49
1390 11 50
1391 11 50
1392 11 50
1393 11 50
1394 11 50
1395 11 50
1396 11 50
1397 11 49
1398 11 50
1399 11 50
1400 11 50
1401 11 50
1402 11 50
1403 11 50
1404 11 50
1405 11 50
1406 11 50
1407 11 51
1408 11 51
1409 11 51
1410 11 51
1411 11 51
1412 11 51
1413 11 51
1414 11 51
1415 11 52
1416 11 52
1417 11 52
1418 11 52
1419 11 52
1420 11 52
1421 12 52
1422 12 52
1423 12 52
1424 12 52
1425 12 52
1426 12 52
1427 12 52
1428 12 52
1429 12 51
1430 12 52
1431 12 52
1432 12 52
1433 12 52
1434 12 52
1435 12 52
1436 12 52
1437 12 52
1438 12 52
1439 12 52
1440 12 52
1441 12 52
1442 12 52
1443 13 53
1444 13 53
1445 13 53
1446 13 53
1447 13 53
1448 13 53
1449 13 53
1450 13 53
1451 13 53
1452 13 53
1453 13 53
1454 13 53
1455 13 53
1456 13 53
1457 13 53
1458 13 53
1459 13 53
1460 13 53
1461 13 53
1462 13 53
1463 13 53
1464 13 52
1465 13 52
1466 13 52
1467 13 52
1468 13 52
1469 13 52
1470 13 52
1471 13 52
1472 13 52
1473 13 53
1474 13 53
1475 14 53
1476 14 53
1477 14 52
1478 14 53
1479 14 53
1480 14 53
1481 14 53
1482 14 53
1483 14 53
1484 14 54
1485 14 53
1486 14 53
1487 14 53
1488 14 53
1489 14 53
1490 14 53
1491 14 54
1492 14 54
1493 15 54
1494 15 54
1495 15 54
1496 15 53
1497 15 54
1498 15 54
1499 15 54
1500 15 54
1501 15 54
1502 15 54
1503 15 54
1504 15 54
1505 15 54
1506 15 54
1507 15 54
1508 15 55
1509 15 55
1510 15 55
1511 15 55
1512 15 55
1513 15 55
1514 15 55
1515 15 55
1516 15 55
1517 15 55
1518 15 55
1519 16 56
1520 16 56
1521 16 56
1522 16 56
1523 16 56
1524 16 56
1525 16 56
1526 16 56
1527 16 55
1528 16 55
1529 16 55
1530 16 55
1531 16 55
1532 17 55
1533 17 55
1534 17 56
1535 17 56
1536 17 56
1537 17 56
1538 17 56
1539 17 56
1540 17 56
1541 17 56
1542 17 56
1543 17 57
1544 17 57
1545 17 57
1546 17 57
1547 17 57
1548 17 57
1549 17 57
1550 18 57
1551 18 57
1552 18 57
1553 18 57
1554 18 57
1555 18 57
1556 18 58
1557 18 58
1558 18 58
1559 18 58
1560 18 58
1561 18 58
1562 18 58
1563 18 58
1564 19 58
1565 19 58
1566 19 58
1567 19 58
1568 19 58
1569 19 58
1570 19 58
1571 19 58
1572 19 58
1573 19 59
1574 19 59
1575 19 59
1576 19 59
1577 19 59
1578 19 59
1579 20 59
1580 20 59
1581 20 59
1582 20 59
1583 20 59
1584 20 59
1585 20 59
1586 20 60
1587 20 60
1588 21 59
1589 21 60
1590 21 60
1591 21 60
1592 22 59
1593 22 60
1594 22 60
1595 22 60
1596 22 60
1597 22 60
1598 22 60
1599 22 60
1600 22 60
1601 22 60
1602 22 60
1603 22 60
1604 22 60
1605 23 60
1606 23 60
1607 23 60
1608 23 60
1609 23 60
1610 24 60
1611 24 60
1612 24 61
1613 24 61
1614 24 61
1615 25 61
1616 25 61
1617 25 61
1618 25 61
1619 25 61
1620 25 61
1621 25 61
1622 25 61
1623 25 61
1624 25 61
1625 26 61
1626 26 62
1627 26 62
1628 26 62
1629 26 62
1630 26 62
1631 27 62
1632 27 62
1633 27 62
1634 27 62
1635 27 62
1636 27 62
1637 27 62
1638 27 62
1639 27 62
1640 27 62
1641 27 62
1642 28 62
1643 28 63
1644 29 63
1645 30 63
1646 30 63
1647 30 63
1648 30 63
1649 30 63
1650 31 63
1651 31 63
1652 31 63
1653 32 63
1654 33 63
1655 33 63
1656 33 63
1657 34 63
1658 34 63
1659 37 63
1660 37 63
1661 38 64
1662 38 64
1663 38 64
1664 39 64
1665 40 64
1666 40 64
1667 43 64
1668 44 64
1669 44 64
1670 44 64
1671 44 64
1672 45 64
1673 45 64
1674 45 64
1675 45 64
1676 46 64
1677 46 64
1678 46 65
1679 48 65
1680 48 64
1681 49 65
1682 50 65
1683 51 65
1684 52 65
1685 53 65
1686 53 65
1687 59 64
1688 64 65
1689 93 65
1690 93 65
1691 100 65
