0 0 0
1 0 0
2 0 0
3 0 0
4 0 0
5 0 0
6 0 0
7 0 0
8 0 0
9 0 0
10 0 0
11 0 0
12 0 0
13 0 0
14 0 0
15 0 0
16 0 0
17 0 0
18 0 0
19 0 0
20 0 0
21 0 0
22 0 0
23 0 0
24 0 0
25 0 0
26 0 0
27 0 0
28 0 0
29 0 0
30 0 0
31 0 0
32 0 0
33 0 0
34 0 0
35 0 0
36 0 0
37 0 0
38 0 0
39 0 0
40 0 0
41 0 0
42 0 0
43 0 0
44 0 0
45 0 0
46 0 0
47 0 0
48 0 0
49 0 0
50 0 0
51 0 0
52 0 0
53 0 0
54 0 0
55 0 0
56 0 0
57 0 0
58 0 0
59 0 0
60 0 0
61 0 0
62 0 0
63 0 0
64 0 0
65 0 0
66 0 0
67 0 0
68 0 0
69 0 0
70 0 0
71 0 0
72 0 0
73 0 0
74 0 0
75 0 0
76 0 0
77 0 0
78 0 0
79 0 0
80 0 0
81 0 0
82 0 0
83 0 0
84 0 0
85 0 0
86 0 0
87 0 0
88 0 0
89 0 0
90 0 0
91 0 0
92 0 0
93 0 0
94 0 0
95 0 0
96 0 0
97 0 0
98 0 0
99 0 0
100 0 0
101 0 0
102 0 0
103 0 0
104 0 0
105 0 0
106 0 0
107 0 0
108 0 0
109 0 0
110 0 0
111 0 0
112 0 0
113 0 0
114 0 0
115 0 0
116 0 0
117 0 0
118 0 0
119 0 0
120 0 0
121 0 0
122 0 0
123 0 0
124 0 0
125 0 0
126 0 0
127 0 0
128 0 0
129 0 0
130 0 0
131 0 0
132 0 0
133 0 0
134 0 0
135 0 0
136 0 0
137 0 0
138 0 0
139 0 0
140 0 0
141 0 0
142 0 0
143 0 0
144 0 0
145 0 0
146 0 0
147 0 0
148 0 0
149 0 0
150 0 0
151 0 0
152 0 0
153 0 0
154 0 0
155 0 0
156 0 0
157 0 0
158 0 0
159 0 0
160 0 0
161 0 0
162 0 0
163 0 0
164 0 0
165 0 0
166 0 0
167 0 0
168 0 0
169 0 0
170 0 0
171 0 0
172 0 0
173 0 0
174 0 0
175 0 0
176 0 0
177 0 0
178 0 0
179 0 0
180 0 0
181 0 0
182 0 0
183 0 0
184 0 0
185 0 0
186 0 0
187 0 0
188 0 0
189 0 0
190 0 0
191 0 0
192 0 0
193 0 0
194 0 0
195 0 0
196 0 0
197 0 0
198 0 0
199 0 0
200 0 0
201 0 0
202 0 0
203 0 0
204 0 0
205 0 0
206 0 0
207 0 0
208 0 0
209 0 0
210 0 0
211 0 0
212 0 0
213 0 0
214 0 0
215 0 0
216 0 0
217 0 0
218 0 0
219 0 0
220 0 0
221 0 0
222 0 0
223 0 0
224 0 0
225 0 0
226 0 0
227 0 0
228 0 0
229 0 0
230 0 0
231 0 0
232 0 0
233 0 0
234 0 0
235 0 0
236 0 0
237 0 0
238 0 0
239 0 0
240 0 0
241 0 0
242 0 0
243 0 0
244 0 1
245 0 1
246 0 1
247 0 1
248 0 1
249 0 1
250 0 1
251 0 1
252 0 1
253 0 1
254 0 1
255 0 1
256 0 1
257 0 1
258 0 1
259 0 1
260 0 1
261 0 1
262 0 1
263 0 1
264 0 1
265 0 1
266 0 1
267 0 1
268 0 1
269 0 1
270 0 1
271 0 1
272 0 1
273 0 1
274 0 1
275 0 1
276 0 1
277 0 1
278 0 1
279 0 1
280 0 1
281 0 1
282 0 1
283 0 1
284 0 1
285 0 1
286 0 1
287 0 1
288 0 1
289 0 1
290 0 1
291 0 1
292 0 1
293 0 1
294 0 1
295 0 1
296 0 1
297 0 1
298 0 1
299 0 1
300 0 1
301 0 1
302 0 1
303 0 1
304 0 1
305 0 1
306 0 1
307 0 1
308 0 1
309 0 1
310 0 1
311 0 1
312 0 1
313 0 1
314 0 1
315 0 1
316 0 1
317 0 1
318 0 1
319 0 1
320 0 1
321 0 1
322 0 1
323 0 1
324 0 0
325 0 0
326 0 0
327 0 0
328 0 0
329 0 0
330 0 0
331 0 0
332 0 0
333 0 0
334 0 0
335 0 0
336 0 0
337 0 0
338 0 0
339 0 0
340 0 0
341 0 0
342 0 0
343 0 0
344 0 0
345 0 1
346 0 1
347 0 1
348 0 1
349 0 1
350 0 1
351 0 1
352 0 1
353 0 1
354 0 1
355 0 1
356 0 1
357 0 1
358 0 1
359 0 1
360 0 1
361 0 1
362 0 1
363 0 1
364 0 1
365 0 1
366 0 1
367 0 1
368 0 1
369 0 1
370 0 1
371 0 1
372 0 1
373 0 1
374 0 1
375 0 1
376 0 1
377 0 1
378 0 1
379 0 1
380 0 1
381 0 1
382 0 1
383 0 1
384 0 1
385 0 1
386 0 1
387 0 1
388 0 1
389 0 1
390 0 1
391 0 1
392 0 1
393 0 1
394 0 1
395 0 1
396 0 1
397 0 1
398 0 1
399 0 1
400 0 1
401 0 1
402 0 1
403 0 1
404 0 1
405 0 1
406 0 1
407 0 1
408 0 1
409 0 1
410 0 1
411 0 1
412 0 1
413 0 1
414 0 1
415 0 1
416 0 1
417 0 1
418 0 1
419 0 1
420 0 1
421 0 1
422 0 1
423 0 1
424 0 1
425 0 1
426 0 1
427 0 1
428 0 1
429 0 1
430 0 1
431 0 1
432 0 1
433 0 1
434 0 1
435 0 1
436 0 1
437 0 1
438 0 1
439 0 1
440 0 1
441 0 1
442 0 1
443 0 1
444 0 1
445 0 1
446 0 1
447 0 1
448 0 1
449 0 1
450 0 1
451 0 1
452 0 1
453 0 1
454 0 1
455 0 1
456 0 1
457 0 1
458 0 1
459 0 1
460 0 1
461 0 1
462 0 1
463 0 1
464 0 1
465 0 1
466 0 1
467 0 1
468 0 1
469 0 1
470 0 1
471 0 1
472 0 1
473 0 1
474 0 1
475 0 1
476 0 1
477 0 1
478 0 1
479 0 1
480 0 1
481 0 1
482 0 1
483 0 1
484 0 1
485 0 1
486 0 1
487 0 1
488 0 1
489 0 1
490 0 1
491 0 1
492 0 1
493 0 1
494 0 1
495 0 1
496 0 1
497 0 1
498 0 1
499 0 1
500 0 1
501 0 1
502 0 1
503 0 1
504 0 1
505 0 1
506 0 1
507 0 1
508 0 1
509 0 1
510 0 1
511 0 1
512 0 1
513 0 1
514 0 1
515 0 1
516 0 1
517 0 1
518 0 1
519 0 1
520 0 1
521 0 1
522 0 1
523 0 1
524 0 1
525 0 1
526 0 1
527 0 1
528 0 1
529 0 1
530 0 1
531 0 1
532 0 1
533 0 1
534 0 1
535 0 1
536 0 1
537 0 1
538 0 2
539 0 2
540 0 2
541 0 2
542 0 2
543 0 2
544 0 2
545 0 3
546 0 2
547 0 2
548 0 2
549 0 2
550 0 2
551 0 2
552 0 2
553 0 2
554 0 2
555 0 2
556 0 2
557 0 2
558 0 2
559 0 2
560 0 2
561 0 2
562 0 2
563 0 2
564 0 2
565 0 2
566 0 2
567 0 2
568 0 2
569 0 2
570 0 2
571 0 2
572 0 2
573 0 2
574 0 2
575 0 2
576 0 2
577 0 2
578 0 2
579 0 2
580 0 2
581 0 2
582 0 2
583 0 2
584 0 2
585 0 2
586 0 2
587 0 2
588 0 2
589 0 2
590 0 2
591 0 2
592 0 2
593 0 2
594 0 2
595 0 2
596 0 3
597 0 3
598 0 3
599 0 3
600 0 3
601 0 3
602 0 3
603 0 3
604 0 4
605 0 4
606 0 4
607 0 4
608 0 4
609 0 4
610 0 4
611 0 4
612 0 4
613 0 4
614 0 4
615 0 4
616 0 4
617 0 4
618 0 4
619 0 5
620 0 5
621 0 5
622 0 5
623 0 5
624 0 5
625 0 5
626 0 5
627 0 5
628 0 5
629 0 5
630 0 5
631 0 5
632 0 5
633 0 5
634 0 5
635 0 5
636 0 6
637 0 6
638 0 6
639 0 6
640 0 6
641 0 6
642 0 6
643 0 6
644 0 6
645 0 6
646 0 6
647 0 6
648 0 6
649 0 6
650 0 6
651 0 6
652 0 6
653 0 6
654 0 6
655 0 6
656 0 6
657 0 6
658 0 6
659 0 6
660 0 6
661 0 6
662 0 6
663 0 6
664 0 6
665 0 6
666 0 6
667 0 6
668 0 6
669 0 6
670 0 6
671 0 7
672 0 7
673 0 7
674 0 7
675 0 7
676 0 7
677 0 7
678 0 7
679 0 7
680 0 7
681 0 7
682 0 7
683 0 7
684 0 7
685 0 7
686 0 7
687 0 7
688 0 7
689 0 7
690 0 7
691 0 7
692 0 7
693 0 7
694 0 7
695 0 7
696 0 7
697 0 7
698 0 7
699 0 7
700 0 7
701 0 7
702 0 7
703 0 7
704 0 7
705 0 7
706 0 7
707 0 7
708 0 7
709 0 7
710 0 7
711 0 7
712 0 7
713 0 7
714 0 7
715 0 7
716 0 7
717 0 7
718 0 7
719 0 7
720 0 7
721 0 7
722 0 7
723 0 7
724 0 7
725 0 7
726 0 7
727 0 7
728 0 7
729 0 7
730 0 7
731 0 7
732 0 7
733 0 7
734 0 7
735 0 7
736 0 7
737 0 7
738 0 7
739 0 8
740 0 8
741 0 8
742 0 8
743 0 8
744 0 8
745 0 8
746 0 8
747 0 8
748 0 8
749 0 8
750 0 8
751 0 8
752 0 9
753 0 9
754 0 9
755 0 9
756 0 9
757 0 9
758 0 9
759 0 9
760 0 9
761 0 9
762 0 9
763 0 9
764 0 9
765 0 8
766 0 8
767 0 8
768 0 8
769 0 8
770 0 8
771 0 8
772 0 8
773 0 8
774 0 8
775 0 8
776 0 8
777 0 8
778 0 8
779 0 8
780 0 8
781 0 8
782 0 8
783 0 8
784 0 8
785 0 8
786 0 8
787 0 8
788 0 8
789 0 8
790 0 8
791 0 8
792 0 8
793 0 8
794 0 8
795 0 8
796 0 8
797 0 8
798 0 8
799 0 8
800 0 8
801 0 8
802 0 8
803 0 8
804 0 8
805 0 8
806 0 9
807 0 9
808 0 9
809 0 9
810 0 9
811 0 9
812 0 9
813 0 9
814 0 9
815 0 9
816 0 9
817 0 9
818 0 9
819 0 9
820 0 9
821 0 9
822 0 9
823 0 9
824 0 9
825 0 9
826 0 9
827 0 9
828 0 9
829 0 9
830 0 9
831 0 9
832 0 9
833 0 9
834 0 9
835 0 9
836 0 9
837 0 9
838 0 10
839 0 10
840 0 10
841 0 10
842 0 10
843 0 10
844 0 10
845 0 10
846 0 10
847 0 10
848 0 10
849 0 10
850 0 10
851 0 10
852 0 10
853 0 10
854 0 10
855 0 10
856 0 10
857 0 10
858 0 10
859 0 9
860 0 9
861 0 9
862 0 9
863 0 9
864 0 9
865 0 9
866 0 9
867 0 9
868 0 10
869 0 10
870 0 10
871 0 10
872 0 10
873 0 10
874 0 10
875 0 10
876 0 10
877 0 10
878 0 10
879 0 10
880 0 10
881 0 10
882 0 10
883 0 10
884 0 10
885 0 10
886 0 10
887 0 9
888 0 9
889 0 9
890 0 10
891 0 10
892 0 10
893 0 10
894 0 10
895 0 10
896 0 10
897 0 10
898 0 10
899 0 10
900 0 10
901 0 10
902 0 10
903 0 10
904 0 10
905 0 10
906 0 10
907 0 10
908 0 10
909 0 10
910 0 10
911 0 10
912 0 10
913 0 10
914 0 10
915 0 10
916 0 10
917 0 10
918 0 10
919 0 10
920 0 11
921 0 11
922 0 11
923 0 11
924 0 11
925 0 11
926 0 11
927 0 11
928 0 11
929 0 11
930 0 11
931 0 11
932 0 11
933 0 12
934 0 12
935 0 12
936 0 12
937 0 12
938 0 12
939 0 12
940 0 12
941 0 12
942 0 12
943 0 12
944 0 12
945 0 12
946 0 12
947 0 12
948 0 12
949 0 12
950 0 12
951 0 12
952 0 12
953 0 12
954 0 12
955 0 12
956 0 12
957 0 12
958 0 12
959 0 12
960 0 12
961 0 12
962 0 12
963 0 12
964 0 13
965 0 13
966 0 13
967 0 13
968 0 13
969 0 13
970 0 13
971 0 13
972 0 13
973 0 13
974 0 13
975 0 13
976 0 13
977 0 13
978 0 13
979 0 13
980 0 13
981 0 14
982 0 14
983 0 14
984 0 14
985 0 14
986 0 14
987 0 14
988 0 14
989 0 15
990 0 15
991 0 15
992 0 15
993 0 15
994 0 15
995 0 15
996 0 15
997 0 15
998 0 15
999 0 15
1000 0 15
1001 0 15
1002 0 15
1003 0 16
1004 0 16
1005 0 16
1006 0 16
1007 0 16
1008 0 16
1009 0 16
1010 0 16
1011 0 16
1012 0 16
1013 0 16
1014 0 16
1015 0 16
1016 0 16
1017 0 16
1018 0 16
1019 0 16
1020 0 16
1021 0 16
1022 0 16
1023 0 16
1024 0 16
1025 0 16
1026 0 16
1027 0 16
1028 0 16
1029 0 16
1030 0 16
1031 0 16
1032 0 16
1033 0 16
1034 0 16
1035 0 16
1036 0 16
1037 0 16
1038 0 16
1039 0 16
1040 0 16
1041 0 17
1042 0 17
1043 0 17
1044 0 16
1045 0 16
1046 0 17
1047 0 17
1048 0 17
1049 0 17
1050 0 17
1051 0 17
1052 0 17
1053 0 17
1054 0 17
1055 0 17
1056 0 17
1057 0 17
1058 0 17
1059 0 17
1060 0 17
1061 0 17
1062 0 17
1063 0 17
1064 0 17
1065 0 17
1066 0 17
1067 0 17
1068 1 17
1069 1 17
1070 1 17
1071 1 17
1072 1 17
1073 1 17
1074 1 17
1075 1 18
1076 1 18
1077 1 18
1078 1 18
1079 1 18
1080 1 18
1081 1 18
1082 1 18
1083 1 18
1084 1 18
1085 1 18
1086 1 19
1087 1 19
1088 1 19
1089 1 19
1090 1 19
1091 1 19
1092 1 19
1093 1 19
1094 1 19
1095 1 19
1096 1 20
1097 1 20
1098 1 20
1099 1 20
1100 1 20
1101 1 20
1102 1 20
1103 1 20
1104 1 20
1105 1 20
1106 1 20
1107 1 20
1108 1 20
1109 1 20
1110 1 20
1111 1 20
1112 1 20
1113 1 20
1114 1 20
1115 1 20
1116 1 20
1117 1 20
1118 1 20
1119 1 20
1120 1 20
1121 1 20
1122 1 20
1123 1 20
1124 1 20
1125 1 20
1126 1 20
1127 1 20
1128 1 20
1129 1 20
1130 1 20
1131 1 20
1132 1 21
1133 1 21
1134 1 21
1135 1 21
1136 1 21
1137 1 21
1138 1 21
1139 1 21
1140 1 21
1141 1 22
1142 1 22
1143 1 22
1144 1 22
1145 1 22
1146 1 22
1147 1 22
1148 1 22
1149 1 22
1150 1 22
1151 1 22
1152 1 22
1153 1 22
1154 1 22
1155 1 23
1156 1 23
1157 1 23
1158 1 22
1159 1 23
1160 1 23
1161 1 23
1162 1 23
1163 1 23
1164 1 23
1165 1 23
1166 1 23
1167 1 23
1168 1 23
1169 1 23
1170 1 23
1171 1 23
1172 1 24
1173 1 24
1174 1 24
1175 1 24
1176 1 24
1177 1 24
1178 1 24
1179 1 24
1180 1 24
1181 1 24
1182 1 24
1183 1 24
1184 1 24
1185 1 25
1186 1 25
1187 1 25
1188 1 25
1189 1 25
1190 1 25
1191 1 25
1192 1 25
1193 1 25
1194 1 25
1195 1 25
1196 1 25
1197 1 25
1198 1 25
1199 1 25
1200 1 25
1201 1 25
1202 1 25
1203 1 25
1204 1 25
1205 1 26
1206 1 26
1207 1 26
1208 1 26
1209 1 26
1210 1 26
1211 1 26
1212 1 26
1213 1 26
1214 1 26
1215 1 26
1216 1 26
1217 1 26
1218 1 26
1219 1 26
1220 1 26
1221 1 26
1222 1 26
1223 1 26
1224 1 26
1225 1 26
1226 1 26
1227 1 26
1228 1 26
1229 1 26
1230 1 26
1231 1 26
1232 1 27
1233 1 27
1234 1 27
1235 1 27
1236 1 27
1237 1 27
1238 1 27
1239 1 27
1240 1 27
1241 1 27
1242 1 27
1243 1 27
1244 1 27
1245 1 27
1246 1 27
1247 1 27
1248 1 27
1249 1 27
1250 1 27
1251 1 27
1252 1 28
1253 1 28
1254 1 28
1255 1 28
1256 1 28
1257 2 28
1258 2 28
1259 2 28
1260 2 28
1261 2 28
1262 2 28
1263 2 28
1264 2 28
1265 2 28
1266 2 28
1267 2 28
1268 2 29
1269 2 29
1270 2 29
1271 2 29
1272 2 29
1273 2 29
1274 2 29
1275 2 29
1276 2 29
1277 2 29
1278 2 29
1279 2 29
1280 2 29
1281 2 29
1282 2 29
1283 2 29
1284 2 29
1285 2 29
1286 2 29
1287 2 29
1288 2 29
1289 2 29
1290 2 29
1291 2 29
1292 2 29
1293 2 29
1294 2 29
1295 2 29
1296 2 29
1297 2 29
1298 2 29
1299 2 29
1300 2 29
1301 2 29
1302 2 29
1303 2 29
1304 2 29
1305 2 30
1306 2 30
1307 2 30
1308 2 30
1309 2 30
1310 2 30
1311 2 30
1312 2 30
1313 2 30
1314 2 30
1315 2 30
1316 2 30
1317 2 30
1318 2 30
1319 2 30
1320 2 31
1321 2 31
1322 2 31
1323 2 31
1324 2 31
1325 2 31
1326 2 31
1327 2 31
1328 2 31
1329 2 31
1330 2 31
1331 2 31
1332 2 32
1333 2 32
1334 2 32
1335 2 32
1336 2 32
1337 2 32
1338 3 32
1339 3 32
1340 3 32
1341 3 32
1342 3 32
1343 3 32
1344 3 33
1345 3 33
1346 3 33
1347 3 33
1348 3 33
1349 3 33
1350 3 33
1351 3 33
1352 3 33
1353 3 33
1354 3 33
1355 3 33
1356 3 33
1357 3 33
1358 3 33
1359 3 34
1360 3 34
1361 3 34
1362 3 34
1363 3 34
1364 3 34
1365 3 34
1366 3 34
1367 3 34
1368 3 34
1369 3 34
1370 3 34
1371 3 34
1372 3 34
1373 3 34
1374 3 34
1375 3 34
1376 3 34
1377 3 35
1378 4 35
1379 4 35
1380 4 35
1381 4 35
1382 4 35
1383 4 35
1384 4 35
1385 4 35
1386 4 35
1387 4 35
1388 4 35
1389 4 35
1390 4 35
1391 4 35
1392 4 35
1393 4 35
1394 4 35
1395 4 36
1396 4 36
1397 4 36
1398 4 36
1399 4 36
1400 4 36
1401 4 36
1402 4 36
1403 4 36
1404 4 36
1405 4 36
1406 5 37
1407 5 37
1408 5 37
1409 5 37
1410 5 37
1411 5 37
1412 5 37
1413 5 37
1414 5 37
1415 5 37
1416 5 37
1417 5 37
1418 5 37
1419 5 37
1420 5 37
1421 5 37
1422 5 37
1423 5 37
1424 5 38
1425 5 38
1426 5 38
1427 5 38
1428 5 38
1429 5 38
1430 5 38
1431 5 38
1432 5 38
1433 5 38
1434 5 38
1435 5 38
1436 5 38
1437 5 38
1438 5 38
1439 5 38
1440 5 39
1441 6 39
1442 6 39
1443 6 39
1444 6 39
1445 6 39
1446 6 39
1447 6 39
1448 6 39
1449 6 39
1450 6 39
1451 6 39
1452 6 39
1453 6 39
1454 6 39
1455 6 39
1456 6 39
1457 6 39
1458 7 40
1459 7 40
1460 7 40
1461 7 40
1462 7 40
1463 7 40
1464 7 40
1465 7 40
1466 7 40
1467 7 40
1468 7 40
1469 7 40
1470 7 41
1471 7 41
1472 7 41
1473 8 41
1474 8 41
1475 8 41
1476 8 41
1477 8 41
1478 8 41
1479 8 41
1480 8 41
1481 8 41
1482 8 41
1483 8 41
1484 8 41
1485 8 41
1486 8 41
1487 8 41
1488 8 41
1489 8 41
1490 8 41
1491 8 41
1492 8 41
1493 8 41
1494 9 41
1495 9 41
1496 9 41
1497 9 42
1498 9 42
1499 9 42
1500 9 42
1501 9 42
1502 9 42
1503 9 42
1504 9 42
1505 9 42
1506 9 42
1507 10 42
1508 10 42
1509 10 42
1510 10 42
1511 10 42
1512 10 42
1513 10 42
1514 10 42
1515 10 43
1516 10 43
1517 10 43
1518 10 43
1519 11 43
1520 11 43
1521 11 43
1522 11 43
1523 11 43
1524 11 43
1525 11 43
1526 11 43
1527 11 43
1528 11 43
1529 11 43
1530 11 43
1531 11 43
1532 11 43
1533 11 43
1534 12 44
1535 12 44
1536 12 44
1537 12 44
1538 12 44
1539 12 44
1540 13 44
1541 13 44
1542 13 44
1543 13 44
1544 13 44
1545 13 44
1546 13 44
1547 13 44
1548 13 44
1549 13 44
1550 13 45
1551 14 45
1552 14 45
1553 14 45
1554 14 45
1555 14 45
1556 14 45
1557 15 45
1558 15 45
1559 15 45
1560 16 45
1561 17 45
1562 17 45
1563 17 45
1564 18 45
1565 18 45
1566 18 45
1567 18 45
1568 18 45
1569 19 45
1570 19 45
1571 19 45
1572 19 45
1573 19 45
1574 19 45
1575 19 45
1576 19 45
1577 19 46
1578 19 46
1579 19 46
1580 20 46
1581 20 46
1582 20 46
1583 20 46
1584 20 46
1585 20 46
1586 20 46
1587 21 46
1588 21 46
1589 22 46
1590 23 46
1591 23 46
1592 23 46
1593 23 46
1594 23 46
1595 23 46
1596 23 46
1597 24 46
1598 24 46
1599 24 46
1600 24 46
1601 24 46
1602 25 46
1603 27 46
1604 27 46
1605 27 46
1606 27 47
1607 28 47
1608 28 47
1609 28 47
1610 29 47
1611 29 47
1612 29 47
1613 29 47
1614 29 47
1615 29 47
1616 29 47
1617 30 47
1618 34 47
1619 34 47
1620 35 47
1621 39 48
1622 43 48
1623 53 48
1624 53 48
1625 55 48
1626 56 48
1627 57 48
1628 57 48
1629 62 48
1630 62 48
1631 62 48
1632 65 48
1633 67 48
1634 67 48
1635 67 48
1636 69 48
1637 69 48
1638 73 48
1639 73 48
1640 73 48
1641 81 49
1642 100 49
