0 0 0
1 0 0
2 0 0
3 0 0
4 0 0
5 0 0
6 0 0
7 0 0
8 0 0
9 0 0
10 0 0
11 0 0
12 0 0
13 0 0
14 0 0
15 0 0
16 0 0
17 0 0
18 0 0
19 0 0
20 0 0
21 0 0
22 0 0
23 0 0
24 0 0
25 0 0
26 0 0
27 0 0
28 0 0
29 0 0
30 0 0
31 0 0
32 0 0
33 0 0
34 0 0
35 0 0
36 0 0
37 0 0
38 0 0
39 0 100
40 0 100
41 0 100
42 0 100
43 0 100
44 0 100
45 0 100
46 0 100
47 0 100
48 0 100
49 0 100
50 0 100
51 0 100
52 0 100
53 0 100
54 0 100
55 0 100
56 0 100
57 0 100
58 0 100
59 0 100
60 0 100
61 0 100
62 0 100
63 0 100
64 0 100
65 0 100
66 0 100
67 0 100
68 0 100
69 0 100
70 0 100
71 0 100
72 0 100
73 0 100
74 0 100
75 0 100
76 0 100
77 0 100
78 0 100
79 0 100
80 0 100
81 0 100
82 0 100
83 0 100
84 0 100
85 0 100
86 0 100
87 0 100
88 0 100
89 0 100
90 0 100
91 0 100
92 0 100
93 0 100
94 0 100
95 0 100
96 0 100
97 0 100
98 0 100
99 0 100
100 0 50
101 0 50
102 0 50
103 0 50
104 0 50
105 0 50
106 0 50
107 0 50
108 0 33
109 0 33
110 0 33
111 0 33
112 0 33
113 0 33
114 0 33
115 0 25
116 0 25
117 0 25
118 0 25
119 0 25
120 0 20
121 0 20
122 0 20
123 0 20
124 0 20
125 0 20
126 0 20
127 0 20
128 0 20
129 0 20
130 0 20
131 0 20
132 0 20
133 0 20
134 0 20
135 0 20
136 0 20
137 0 20
138 0 20
139 0 20
140 0 16
141 0 14
142 0 14
143 0 14
144 0 12
145 0 12
146 0 12
147 0 12
148 0 12
149 0 12
150 0 12
151 0 12
152 0 12
153 0 12
154 0 12
155 0 12
156 0 12
157 0 12
158 0 12
159 0 12
160 0 12
161 0 12
162 0 12
163 0 11
164 0 11
165 0 11
166 0 11
167 0 11
168 0 11
169 0 11
170 0 11
171 0 11
172 0 11
173 0 11
174 0 11
175 0 11
176 0 11
177 0 11
178 0 11
179 0 11
180 0 11
181 0 10
182 0 10
183 0 10
184 0 10
185 0 10
186 0 9
187 0 9
188 0 9
189 0 9
190 0 9
191 0 9
192 0 9
193 0 9
194 0 9
195 0 9
196 0 9
197 0 9
198 0 9
199 0 9
200 0 9
201 0 9
202 0 9
203 0 9
204 0 9
205 0 9
206 0 8
207 0 8
208 0 8
209 0 8
210 0 8
211 0 8
212 0 8
213 0 8
214 0 8
215 0 8
216 0 8
217 0 8
218 0 8
219 0 8
220 0 8
221 0 8
222 0 8
223 0 7
224 0 7
225 0 7
226 0 7
227 0 7
228 0 7
229 0 7
230 0 7
231 0 7
232 0 7
233 0 7
234 0 7
235 0 6
236 0 6
237 0 6
238 0 6
239 0 6
240 0 6
241 0 6
242 0 6
243 0 6
244 0 6
245 0 6
246 0 6
247 0 6
248 0 6
249 0 6
250 0 5
251 0 5
252 0 5
253 0 5
254 0 5
255 0 5
256 0 5
257 0 5
258 0 5
259 0 5
260 0 5
261 0 5
262 0 5
263 0 5
264 0 5
265 0 5
266 0 5
267 0 5
268 0 5
269 0 5
270 0 5
271 0 5
272 0 5
273 0 5
274 0 5
275 0 5
276 0 5
277 0 5
278 0 4
279 0 4
280 0 4
281 0 4
282 0 4
283 0 4
284 0 4
285 0 4
286 0 4
287 0 4
288 0 4
289 0 4
290 0 4
291 0 4
292 0 4
293 0 4
294 0 4
295 0 4
296 0 4
297 0 4
298 0 4
299 0 4
300 0 4
301 0 3
302 0 3
303 0 3
304 0 3
305 0 3
306 0 3
307 0 3
308 0 3
309 0 3
310 0 3
311 0 3
312 0 3
313 0 3
314 0 3
315 0 3
316 0 3
317 0 3
318 0 3
319 0 3
320 0 3
321 0 3
322 0 3
323 0 3
324 0 3
325 0 3
326 0 3
327 0 3
328 0 3
329 0 3
330 0 3
331 0 3
332 0 3
333 0 3
334 0 3
335 0 3
336 0 3
337 0 3
338 0 3
339 0 3
340 0 3
341 0 3
342 0 3
343 0 3
344 0 3
345 0 3
346 0 3
347 0 3
348 0 3
349 0 5
350 0 5
351 0 8
352 0 11
353 0 13
354 0 13
355 0 13
356 0 13
357 0 13
358 0 13
359 0 13
360 0 13
361 0 13
362 0 13
363 0 13
364 0 13
365 0 12
366 0 15
367 0 14
368 0 14
369 0 13
370 0 13
371 0 13
372 0 13
373 0 13
374 0 13
375 0 13
376 0 13
377 0 13
378 0 13
379 0 13
380 0 13
381 0 13
382 0 13
383 0 13
384 0 13
385 0 13
386 0 13
387 0 13
388 0 13
389 0 13
390 0 13
391 0 13
392 0 13
393 0 13
394 0 13
395 0 13
396 0 13
397 0 13
398 0 13
399 0 13
400 0 13
401 0 13
402 0 13
403 0 13
404 0 13
405 0 13
406 0 13
407 0 13
408 0 13
409 0 13
410 0 13
411 0 13
412 0 13
413 0 13
414 0 13
415 0 13
416 0 12
417 0 12
418 0 12
419 0 12
420 0 12
421 0 12
422 0 12
423 0 12
424 0 12
425 0 12
426 0 12
427 0 12
428 0 12
429 0 12
430 0 11
431 0 11
432 0 11
433 0 11
434 0 11
435 0 11
436 0 11
437 0 11
438 0 11
439 0 11
440 0 11
441 0 11
442 0 10
443 0 10
444 0 10
445 0 10
446 0 10
447 0 10
448 0 10
449 0 10
450 0 12
451 0 12
452 0 12
453 0 12
454 0 12
455 0 12
456 0 12
457 0 12
458 0 12
459 0 12
460 0 12
461 0 12
462 0 12
463 0 13
464 0 13
465 0 13
466 0 13
467 0 13
468 0 13
469 0 13
470 0 13
471 0 13
472 0 13
473 0 13
474 0 13
475 0 13
476 0 13
477 0 15
478 0 15
479 0 16
480 0 16
481 0 16
482 0 16
483 0 16
484 0 16
485 0 16
486 0 16
487 0 16
488 0 16
489 0 16
490 0 16
491 0 16
492 0 16
493 0 16
494 0 16
495 0 16
496 0 16
497 0 16
498 0 16
499 0 16
500 0 15
501 0 15
502 0 15
503 0 15
504 0 15
505 0 15
506 0 15
507 0 15
508 0 15
509 0 15
510 0 15
511 0 15
512 0 15
513 0 15
514 0 15
515 0 15
516 0 15
517 0 15
518 0 15
519 0 15
520 0 15
521 0 14
522 0 14
523 0 14
524 0 14
525 0 14
526 0 14
527 0 14
528 0 14
529 0 14
530 0 14
531 0 14
532 0 14
533 0 14
534 0 14
535 0 14
536 0 14
537 0 14
538 0 14
539 0 14
540 0 14
541 0 14
542 0 14
543 0 14
544 0 14
545 0 15
546 0 15
547 0 15
548 0 15
549 0 15
550 0 15
551 0 15
552 0 15
553 0 15
554 0 15
555 0 15
556 0 15
557 0 15
558 0 15
559 0 15
560 0 15
561 0 15
562 0 15
563 0 15
564 0 15
565 0 15
566 0 15
567 0 15
568 0 15
569 0 15
570 0 15
571 0 14
572 0 14
573 0 14
574 0 14
575 0 14
576 0 14
577 0 14
578 0 14
579 0 14
580 0 14
581 0 14
582 0 14
583 0 14
584 0 14
585 0 14
586 0 14
587 0 14
588 0 14
589 0 14
590 0 14
591 0 14
592 0 14
593 0 14
594 0 14
595 0 14
596 0 14
597 0 14
598 0 14
599 0 14
600 0 14
601 0 14
602 0 14
603 0 14
604 0 14
605 0 14
606 0 14
607 0 14
608 0 14
609 0 14
610 0 14
611 0 14
612 0 14
613 0 14
614 0 14
615 0 14
616 0 14
617 0 14
618 0 14
619 0 14
620 0 14
621 0 14
622 0 14
623 0 14
624 0 14
625 0 14
626 0 14
627 0 14
628 0 13
629 0 13
630 0 13
631 0 13
632 0 13
633 0 13
634 0 13
635 0 15
636 0 15
637 0 15
638 0 14
639 0 14
640 0 14
641 0 14
642 0 14
643 0 14
644 0 14
645 0 14
646 0 14
647 0 14
648 0 14
649 0 14
650 0 14
651 0 14
652 0 14
653 0 14
654 0 14
655 0 14
656 0 14
657 0 14
658 0 14
659 0 14
660 0 14
661 0 14
662 0 14
663 0 14
664 0 14
665 0 14
666 0 14
667 0 14
668 0 14
669 0 14
670 0 15
671 0 15
672 0 15
673 0 15
674 0 15
675 0 15
676 0 16
677 0 16
678 0 16
679 0 16
680 0 16
681 0 16
682 0 16
683 0 16
684 0 16
685 0 16
686 0 16
687 1 16
688 1 17
689 1 17
690 1 17
691 1 17
692 1 17
693 1 17
694 1 17
695 1 17
696 1 17
697 1 17
698 1 18
699 1 18
700 1 18
701 1 18
702 1 18
703 1 17
704 1 17
705 1 17
706 1 17
707 1 17
708 1 17
709 1 17
710 1 17
711 1 17
712 1 17
713 1 17
714 1 17
715 1 17
716 1 17
717 1 18
718 1 18
719 1 18
720 1 18
721 1 18
722 1 18
723 1 18
724 1 18
725 1 18
726 1 18
727 1 18
728 1 18
729 1 18
730 1 18
731 1 18
732 1 18
733 1 18
734 1 18
735 1 18
736 1 18
737 1 18
738 1 18
739 1 18
740 1 18
741 1 18
742 1 18
743 1 18
744 1 18
745 1 18
746 1 18
747 1 18
748 1 18
749 1 18
750 1 18
751 1 18
752 1 18
753 1 18
754 1 18
755 1 18
756 1 18
757 1 18
758 1 18
759 1 18
760 1 18
761 1 18
762 1 18
763 1 18
764 1 18
765 1 17
766 1 17
767 1 17
768 1 17
769 1 17
770 1 17
771 1 17
772 1 17
773 1 17
774 1 17
775 1 17
776 1 17
777 1 17
778 1 17
779 1 17
780 1 17
781 1 17
782 1 17
783 1 17
784 1 17
785 1 17
786 1 18
787 1 18
788 1 18
789 1 18
790 1 18
791 1 18
792 1 18
793 1 18
794 1 17
795 1 17
796 1 17
797 1 17
798 1 17
799 1 17
800 1 17
801 1 17
802 1 17
803 1 18
804 1 18
805 1 18
806 1 18
807 1 18
808 1 18
809 1 18
810 1 18
811 1 18
812 1 18
813 1 18
814 1 18
815 1 18
816 1 18
817 1 18
818 1 18
819 1 18
820 1 18
821 1 18
822 1 18
823 1 19
824 1 19
825 1 19
826 1 19
827 1 19
828 1 19
829 1 19
830 1 19
831 1 19
832 1 19
833 1 19
834 1 19
835 1 19
836 1 19
837 1 19
838 1 19
839 1 20
840 1 20
841 1 20
842 1 20
843 1 20
844 1 20
845 1 20
846 1 20
847 1 20
848 1 20
849 1 20
850 1 21
851 1 21
852 1 21
853 1 21
854 1 21
855 1 22
856 1 22
857 1 22
858 1 22
859 1 22
860 1 22
861 1 22
862 1 22
863 1 22
864 1 22
865 1 22
866 1 22
867 1 22
868 1 22
869 1 22
870 1 22
871 1 22
872 1 22
873 1 22
874 1 22
875 1 22
876 1 22
877 1 22
878 1 22
879 1 22
880 1 22
881 1 22
882 1 22
883 1 21
884 1 21
885 1 21
886 1 21
887 1 21
888 1 21
889 1 21
890 1 21
891 1 21
892 1 21
893 1 21
894 1 21
895 1 21
896 1 21
897 1 21
898 1 21
899 1 21
900 1 21
901 1 21
902 1 21
903 1 21
904 1 21
905 1 21
906 1 21
907 1 21
908 1 21
909 1 21
910 1 21
911 1 21
912 1 21
913 1 21
914 1 21
915 1 21
916 1 21
917 1 21
918 1 21
919 1 21
920 1 21
921 1 21
922 1 21
923 1 21
924 1 21
925 1 21
926 1 22
927 1 22
928 1 22
929 1 22
930 1 22
931 1 22
932 1 22
933 1 22
934 1 22
935 1 22
936 1 22
937 1 22
938 1 22
939 1 22
940 1 22
941 1 23
942 1 22
943 1 22
944 1 22
945 1 22
946 1 22
947 1 22
948 1 22
949 1 22
950 1 22
951 1 22
952 1 22
953 1 22
954 1 22
955 1 23
956 1 23
957 1 23
958 1 23
959 1 23
960 1 23
961 1 23
962 1 23
963 1 23
964 1 23
965 1 23
966 1 23
967 1 23
968 1 23
969 1 23
970 1 23
971 1 23
972 1 23
973 1 23
974 1 23
975 1 23
976 1 23
977 1 23
978 1 23
979 1 23
980 1 22
981 1 22
982 1 22
983 1 22
984 1 22
985 1 23
986 1 23
987 1 23
988 1 23
989 1 23
990 1 23
991 1 23
992 1 24
993 1 24
994 1 24
995 1 24
996 1 24
997 1 24
998 1 24
999 1 24
1000 1 24
1001 1 24
1002 1 24
1003 1 24
1004 1 24
1005 1 25
1006 1 25
1007 1 25
1008 1 25
1009 1 24
1010 1 24
1011 1 24
1012 1 24
1013 1 24
1014 1 24
1015 1 24
1016 1 24
1017 1 24
1018 1 24
1019 1 25
1020 1 25
1021 1 25
1022 1 25
1023 1 25
1024 1 25
1025 1 24
1026 1 24
1027 1 24
1028 1 24
1029 1 24
1030 1 24
1031 1 24
1032 1 24
1033 1 24
1034 1 24
1035 1 24
1036 1 24
1037 1 24
1038 1 24
1039 1 24
1040 1 24
1041 1 24
1042 1 24
1043 1 24
1044 1 24
1045 1 24
1046 1 24
1047 1 24
1048 1 24
1049 1 25
1050 1 25
1051 1 25
1052 1 25
1053 1 25
1054 1 25
1055 1 25
1056 1 25
1057 1 25
1058 1 25
1059 1 25
1060 1 25
1061 1 25
1062 1 25
1063 1 25
1064 1 25
1065 1 25
1066 1 25
1067 1 25
1068 1 24
1069 1 24
1070 1 24
1071 1 24
1072 1 24
1073 1 24
1074 1 24
1075 1 24
1076 1 24
1077 1 24
1078 1 24
1079 1 25
1080 1 25
1081 1 25
1082 1 25
1083 1 25
1084 1 25
1085 1 25
1086 1 25
1087 1 25
1088 1 25
1089 1 25
1090 1 25
1091 1 25
1092 1 25
1093 1 25
1094 1 25
1095 1 25
1096 1 25
1097 1 25
1098 1 25
1099 1 25
1100 1 25
1101 1 25
1102 1 25
1103 1 25
1104 1 25
1105 1 25
1106 1 25
1107 1 25
1108 1 25
1109 1 25
1110 1 25
1111 1 25
1112 1 25
1113 1 25
1114 1 25
1115 1 25
1116 1 25
1117 1 25
1118 1 25
1119 1 25
1120 1 25
1121 1 25
1122 1 25
1123 1 25
1124 1 25
1125 1 25
1126 1 25
1127 1 25
1128 1 25
1129 1 25
1130 1 25
1131 1 25
1132 1 25
1133 1 25
1134 1 25
1135 1 25
1136 1 25
1137 1 25
1138 1 25
1139 2 24
1140 2 24
1141 2 24
1142 2 24
1143 2 24
1144 2 24
1145 2 24
1146 2 24
1147 2 24
1148 2 24
1149 2 24
1150 2 24
1151 2 24
1152 2 24
1153 2 24
1154 2 24
1155 2 24
1156 2 24
1157 2 24
1158 2 24
1159 2 24
1160 2 24
1161 2 24
1162 2 25
1163 2 25
1164 2 25
1165 2 25
1166 2 25
1167 2 25
1168 2 25
1169 2 25
1170 2 25
1171 2 24
1172 2 24
1173 2 24
1174 2 24
1175 2 24
1176 2 24
1177 2 24
1178 2 25
1179 2 25
1180 2 25
1181 2 25
1182 2 25
1183 2 25
1184 2 25
1185 2 25
1186 2 25
1187 2 25
1188 2 25
1189 2 25
1190 2 25
1191 2 25
1192 2 25
1193 2 25
1194 2 25
1195 2 25
1196 2 25
1197 2 25
1198 2 25
1199 2 25
1200 2 25
1201 2 25
1202 2 25
1203 2 25
1204 2 25
1205 2 25
1206 2 25
1207 2 25
1208 2 25
1209 2 25
1210 2 25
1211 2 25
1212 2 25
1213 2 25
1214 2 25
1215 2 25
1216 2 25
1217 2 25
1218 2 25
1219 2 25
1220 2 25
1221 2 25
1222 2 25
1223 2 25
1224 2 25
1225 2 25
1226 2 25
1227 2 25
1228 2 25
1229 2 25
1230 2 25
1231 2 25
1232 2 25
1233 2 25
1234 2 25
1235 2 25
1236 2 25
1237 2 25
1238 2 25
1239 2 25
1240 2 25
1241 2 25
1242 2 25
1243 2 25
1244 2 25
1245 2 25
1246 2 25
1247 2 25
1248 2 25
1249 2 25
1250 2 25
1251 2 25
1252 2 25
1253 2 25
1254 2 25
1255 2 24
1256 2 24
1257 2 24
1258 2 25
1259 2 25
1260 2 25
1261 2 25
1262 2 25
1263 2 25
1264 2 25
1265 2 25
1266 2 25
1267 2 25
1268 2 25
1269 2 24
1270 2 24
1271 2 24
1272 2 24
1273 2 24
1274 2 25
1275 2 25
1276 2 25
1277 2 25
1278 2 25
1279 2 25
1280 2 25
1281 2 25
1282 2 25
1283 2 25
1284 2 25
1285 2 25
1286 2 25
1287 2 25
1288 2 25
1289 2 25
1290 2 25
1291 2 24
1292 2 24
1293 2 24
1294 2 24
1295 2 24
1296 2 24
1297 2 24
1298 2 24
1299 2 25
1300 2 25
1301 2 25
1302 2 25
1303 2 25
1304 2 25
1305 2 25
1306 2 25
1307 2 25
1308 2 25
1309 2 25
1310 2 25
1311 2 25
1312 2 25
1313 2 25
1314 2 25
1315 2 25
1316 2 25
1317 2 24
1318 2 24
1319 2 24
1320 2 24
1321 2 24
1322 2 24
1323 2 24
1324 2 24
1325 2 24
1326 2 24
1327 2 24
1328 2 24
1329 2 24
1330 2 24
1331 2 24
1332 2 24
1333 2 24
1334 2 24
1335 2 24
1336 2 24
1337 2 24
1338 2 24
1339 2 24
1340 2 24
1341 2 24
1342 2 24
1343 2 24
1344 2 24
1345 2 24
1346 2 24
1347 2 24
1348 2 24
1349 2 24
1350 2 23
1351 2 23
1352 2 23
1353 2 23
1354 2 23
1355 2 23
1356 2 23
1357 2 23
1358 2 23
1359 2 23
1360 2 23
1361 2 23
1362 2 23
1363 2 23
1364 2 23
1365 2 23
1366 2 23
1367 2 23
1368 2 23
1369 2 23
1370 2 23
1371 2 23
1372 2 23
1373 2 23
1374 2 23
1375 2 23
1376 2 23
1377 2 23
1378 2 23
1379 2 23
1380 2 23
1381 2 23
1382 2 23
1383 2 23
1384 2 23
1385 2 23
1386 2 23
1387 2 23
1388 2 23
1389 2 23
1390 2 23
1391 2 23
1392 2 23
1393 2 23
1394 2 23
1395 2 23
1396 2 23
1397 2 23
1398 2 23
1399 2 23
1400 2 23
1401 2 23
1402 2 23
1403 2 23
1404 2 23
1405 2 23
1406 2 23
1407 2 23
1408 2 23
1409 2 23
1410 2 23
1411 2 23
1412 2 23
1413 2 23
1414 2 23
1415 2 23
1416 2 23
1417 2 23
1418 2 23
1419 2 23
1420 2 23
1421 2 23
1422 2 23
1423 2 23
1424 2 23
1425 2 23
1426 2 23
1427 2 23
1428 2 23
1429 2 23
1430 2 23
1431 2 23
1432 2 23
1433 2 23
1434 2 23
1435 2 23
1436 2 23
1437 2 23
1438 2 23
1439 2 23
1440 2 23
1441 2 23
1442 2 23
1443 2 23
1444 2 23
1445 2 23
1446 2 24
1447 2 24
1448 2 24
1449 2 24
1450 2 24
1451 2 24
1452 2 24
1453 2 24
1454 2 24
1455 2 24
1456 2 24
1457 2 24
1458 2 24
1459 2 24
1460 2 24
1461 2 23
1462 2 23
1463 2 23
1464 2 23
1465 3 23
1466 3 23
1467 3 23
1468 3 23
1469 3 23
1470 3 23
1471 3 23
1472 3 23
1473 3 23
1474 3 23
1475 3 23
1476 3 23
1477 3 24
1478 3 24
1479 3 24
1480 3 24
1481 3 24
1482 3 24
1483 3 24
1484 3 24
1485 3 24
1486 3 24
1487 3 24
1488 3 24
1489 3 24
1490 3 23
1491 3 23
1492 3 23
1493 3 23
1494 3 23
1495 3 23
1496 3 23
1497 3 23
1498 3 23
1499 3 23
1500 3 23
1501 3 23
1502 3 23
1503 3 23
1504 3 23
1505 3 23
1506 3 23
1507 3 23
1508 3 23
1509 3 23
1510 3 23
1511 3 23
1512 3 23
1513 3 23
1514 3 23
1515 3 23
1516 3 23
1517 3 23
1518 3 23
1519 3 23
1520 3 23
1521 3 23
1522 3 23
1523 3 23
1524 3 23
1525 3 23
1526 3 23
1527 3 23
1528 3 23
1529 3 23
1530 3 23
1531 3 23
1532 3 23
1533 3 23
1534 3 23
1535 3 23
1536 3 23
1537 3 23
1538 3 23
1539 3 23
1540 3 23
1541 3 23
1542 3 23
1543 3 23
1544 3 24
1545 3 24
1546 3 24
1547 3 24
1548 3 24
1549 3 24
1550 3 24
1551 3 24
1552 3 24
1553 3 24
1554 3 24
1555 3 24
1556 3 24
1557 3 24
1558 3 24
1559 3 24
1560 3 24
1561 3 24
1562 3 24
1563 3 24
1564 3 24
1565 3 24
1566 3 24
1567 3 24
1568 3 24
1569 3 24
1570 3 24
1571 3 24
1572 3 24
1573 3 24
1574 3 24
1575 3 24
1576 3 24
1577 3 24
1578 3 24
1579 3 24
1580 3 24
1581 3 24
1582 3 24
1583 3 23
1584 3 23
1585 3 23
1586 3 23
1587 3 23
1588 3 23
1589 3 23
1590 3 23
1591 3 23
1592 3 23
1593 3 23
1594 3 23
1595 3 23
1596 3 23
1597 3 23
1598 3 23
1599 3 23
1600 3 23
1601 3 23
1602 3 23
1603 3 23
1604 3 23
1605 3 23
1606 3 23
1607 3 23
1608 3 23
1609 3 23
1610 3 23
1611 3 23
1612 3 23
1613 3 23
1614 3 23
1615 3 23
1616 3 23
1617 3 23
1618 3 23
1619 3 23
1620 3 23
1621 3 23
1622 3 23
1623 3 23
1624 3 23
1625 3 23
1626 3 23
1627 3 23
1628 3 23
1629 3 23
1630 3 23
1631 3 23
1632 3 23
1633 3 23
1634 3 23
1635 3 23
1636 3 23
1637 3 23
1638 3 23
1639 3 23
1640 3 23
1641 3 23
1642 3 23
1643 3 23
1644 3 23
1645 3 22
1646 3 22
1647 3 22
1648 3 22
1649 3 22
1650 3 22
1651 3 22
1652 3 22
1653 3 22
1654 3 22
1655 3 22
1656 3 22
1657 3 22
1658 3 22
1659 3 22
1660 3 22
1661 3 22
1662 3 22
1663 3 22
1664 3 22
1665 3 22
1666 3 22
1667 3 22
1668 3 22
1669 3 22
1670 3 22
1671 3 22
1672 3 22
1673 3 22
1674 4 22
1675 4 22
1676 4 22
1677 4 22
1678 4 22
1679 4 22
1680 4 22
1681 4 22
1682 4 22
1683 4 22
1684 4 22
1685 4 22
1686 4 22
1687 4 22
1688 4 22
1689 4 23
1690 4 23
1691 4 23
1692 4 23
1693 4 23
1694 4 23
1695 4 22
1696 4 22
1697 4 23
1698 4 23
1699 4 23
1700 4 23
1701 4 23
1702 4 23
1703 4 23
1704 4 23
1705 4 23
1706 4 23
1707 4 23
1708 4 23
1709 4 23
1710 4 23
1711 4 23
1712 4 23
1713 4 23
1714 4 23
1715 4 22
1716 4 22
1717 4 22
1718 4 23
1719 4 23
1720 4 23
1721 4 23
1722 4 23
1723 4 23
1724 4 23
1725 4 23
1726 4 23
1727 4 23
1728 4 23
1729 4 23
1730 4 23
1731 4 23
1732 4 23
1733 4 23
1734 4 23
1735 4 23
1736 4 23
1737 4 23
1738 4 23
1739 4 23
1740 4 23
1741 4 23
1742 4 23
1743 4 23
1744 4 23
1745 4 23
1746 4 23
1747 4 23
1748 4 23
1749 4 23
1750 4 23
1751 4 23
1752 4 22
1753 4 22
1754 4 23
1755 4 23
1756 4 23
1757 4 23
1758 4 23
1759 4 23
1760 4 23
1761 4 23
1762 4 23
1763 4 23
1764 4 23
1765 4 23
1766 4 22
1767 4 22
1768 4 22
1769 4 23
1770 4 23
1771 4 23
1772 4 23
1773 4 23
1774 4 23
1775 4 23
1776 4 23
1777 4 23
1778 4 23
1779 4 23
1780 4 23
1781 4 23
1782 4 23
1783 4 23
1784 4 23
1785 4 23
1786 4 23
1787 4 23
1788 4 23
1789 4 22
1790 4 23
1791 4 23
1792 4 23
1793 4 23
1794 4 23
1795 4 23
1796 4 23
1797 4 23
1798 4 23
1799 4 23
1800 4 23
1801 4 23
1802 4 23
1803 4 23
1804 4 23
1805 4 23
1806 4 23
1807 4 23
1808 4 23
1809 4 23
1810 4 22
1811 4 22
1812 4 22
1813 4 22
1814 4 22
1815 4 22
1816 4 22
1817 4 22
1818 4 22
1819 4 22
1820 4 22
1821 4 22
1822 4 22
1823 4 22
1824 4 22
1825 4 22
1826 4 22
1827 4 22
1828 4 22
1829 4 22
1830 4 22
1831 4 22
1832 4 22
1833 4 22
1834 4 22
1835 4 22
1836 4 22
1837 4 23
1838 4 23
1839 4 23
1840 4 23
1841 4 23
1842 4 23
1843 4 23
1844 4 23
1845 4 23
1846 4 23
1847 4 23
1848 4 23
1849 4 22
1850 5 22
1851 5 23
1852 5 23
1853 5 23
1854 5 23
1855 5 23
1856 5 23
1857 5 23
1858 5 23
1859 5 23
1860 5 23
1861 5 23
1862 5 23
1863 5 23
1864 5 23
1865 5 23
1866 5 23
1867 5 23
1868 5 23
1869 5 23
1870 5 23
1871 5 23
1872 5 23
1873 5 23
1874 5 23
1875 5 23
1876 5 23
1877 5 23
1878 5 23
1879 5 23
1880 5 23
1881 5 23
1882 5 23
1883 5 23
1884 5 23
1885 5 23
1886 5 23
1887 5 23
1888 5 23
1889 5 23
1890 5 23
1891 5 23
1892 5 23
1893 5 23
1894 5 23
1895 5 23
1896 5 23
1897 5 23
1898 5 23
1899 5 23
1900 5 23
1901 5 23
1902 5 23
1903 5 23
1904 5 23
1905 5 23
1906 5 23
1907 5 23
1908 5 23
1909 5 23
1910 5 23
1911 5 23
1912 5 23
1913 5 23
1914 5 22
1915 5 22
1916 5 22
1917 5 22
1918 5 22
1919 5 22
1920 5 22
1921 5 22
1922 5 22
1923 5 22
1924 5 22
1925 5 22
1926 5 22
1927 5 22
1928 5 22
1929 5 22
1930 5 22
1931 5 22
1932 5 22
1933 5 22
1934 5 22
1935 5 22
1936 5 22
1937 5 23
1938 5 23
1939 5 23
1940 5 23
1941 5 23
1942 5 23
1943 5 23
1944 5 23
1945 5 23
1946 5 23
1947 5 23
1948 5 23
1949 5 23
1950 5 23
1951 5 23
1952 5 23
1953 5 23
1954 5 23
1955 5 23
1956 5 23
1957 5 23
1958 5 23
1959 5 23
1960 5 23
1961 5 23
1962 5 23
1963 5 23
1964 5 23
1965 5 23
1966 5 23
1967 5 23
1968 5 23
1969 5 23
1970 5 23
1971 5 23
1972 5 23
1973 5 23
1974 5 23
1975 5 23
1976 5 23
1977 5 23
1978 5 23
1979 5 23
1980 5 23
1981 5 23
1982 5 23
1983 5 23
1984 5 23
1985 5 23
1986 5 23
1987 5 22
1988 5 22
1989 5 22
1990 5 22
1991 5 22
1992 5 23
1993 5 23
1994 5 23
1995 5 23
1996 5 23
1997 5 23
1998 6 23
1999 6 23
2000 6 23
2001 6 23
2002 6 23
2003 6 23
2004 6 23
2005 6 23
2006 6 23
2007 6 23
2008 6 23
2009 6 23
2010 6 23
2011 6 23
2012 6 23
2013 6 23
2014 6 23
2015 6 22
2016 6 22
2017 6 22
2018 6 22
2019 6 23
2020 6 23
2021 6 23
2022 6 23
2023 6 23
2024 6 23
2025 6 23
2026 6 23
2027 6 23
2028 6 23
2029 6 23
2030 6 23
2031 6 23
2032 6 23
2033 6 23
2034 6 23
2035 6 23
2036 6 23
2037 6 23
2038 6 23
2039 6 23
2040 6 23
2041 6 23
2042 6 23
2043 6 23
2044 6 23
2045 6 23
2046 6 23
2047 6 22
2048 6 22
2049 6 22
2050 6 22
2051 6 22
2052 6 22
2053 6 22
2054 6 22
2055 6 22
2056 6 22
2057 6 22
2058 6 22
2059 6 22
2060 6 22
2061 6 22
2062 6 22
2063 6 22
2064 6 22
2065 6 22
2066 6 22
2067 6 22
2068 6 22
2069 6 22
2070 6 22
2071 6 22
2072 6 22
2073 6 22
2074 6 22
2075 6 22
2076 6 22
2077 6 22
2078 6 22
2079 6 22
2080 6 22
2081 6 22
2082 6 22
2083 6 22
2084 6 22
2085 6 22
2086 6 22
2087 6 23
2088 6 23
2089 6 23
2090 6 22
2091 6 22
2092 6 22
2093 6 22
2094 6 22
2095 6 22
2096 6 22
2097 6 22
2098 6 22
2099 6 22
2100 6 22
2101 6 22
2102 6 22
2103 6 22
2104 6 22
2105 6 22
2106 6 22
2107 6 22
2108 6 22
2109 6 22
2110 6 22
2111 6 22
2112 6 22
2113 6 22
2114 6 22
2115 6 23
2116 6 23
2117 6 23
2118 7 23
2119 7 23
2120 7 23
2121 7 23
2122 7 23
2123 7 23
2124 7 22
2125 7 22
2126 7 22
2127 7 22
2128 7 22
2129 7 22
2130 7 22
2131 7 22
2132 7 22
2133 7 22
2134 7 22
2135 7 22
2136 7 22
2137 7 22
2138 7 22
2139 7 22
2140 7 22
2141 7 23
2142 7 23
2143 7 23
2144 7 23
2145 7 23
2146 7 23
2147 7 23
2148 7 23
2149 7 23
2150 7 22
2151 7 23
2152 7 23
2153 7 23
2154 7 23
2155 7 23
2156 7 23
2157 7 23
2158 7 23
2159 7 23
2160 7 22
2161 7 22
2162 7 22
2163 7 22
2164 7 22
2165 7 22
2166 7 22
2167 7 22
2168 7 22
2169 7 22
2170 7 22
2171 7 22
2172 7 22
2173 7 22
2174 7 22
2175 7 22
2176 7 22
2177 7 22
2178 7 22
2179 7 22
2180 7 22
2181 7 22
2182 7 22
2183 7 22
2184 7 22
2185 7 22
2186 7 22
2187 7 22
2188 7 22
2189 7 22
2190 7 22
2191 7 22
2192 7 22
2193 7 22
2194 7 22
2195 7 22
2196 7 22
2197 7 22
2198 7 22
2199 7 22
2200 7 22
2201 7 22
2202 7 22
2203 7 22
2204 7 22
2205 7 22
2206 7 22
2207 7 22
2208 8 22
2209 8 22
2210 8 22
2211 8 22
2212 8 22
2213 8 22
2214 8 22
2215 8 22
2216 8 23
2217 8 23
2218 8 23
2219 8 23
2220 8 23
2221 8 23
2222 8 23
2223 8 23
2224 8 23
2225 8 23
2226 8 23
2227 8 23
2228 8 23
2229 8 23
2230 8 23
2231 8 23
2232 8 23
2233 8 23
2234 8 22
2235 8 22
2236 8 22
2237 8 22
2238 8 22
2239 8 23
2240 8 23
2241 8 23
2242 8 23
2243 8 23
2244 8 23
2245 8 23
2246 8 23
2247 8 23
2248 8 23
2249 8 23
2250 8 23
2251 8 23
2252 8 23
2253 8 23
2254 8 23
2255 8 23
2256 8 23
2257 8 23
2258 8 23
2259 8 22
2260 8 22
2261 8 23
2262 8 23
2263 8 23
2264 8 23
2265 8 23
2266 8 23
2267 8 23
2268 8 23
2269 8 23
2270 8 23
2271 8 23
2272 8 23
2273 8 23
2274 8 23
2275 9 23
2276 9 23
2277 9 23
2278 9 23
2279 9 23
2280 9 23
2281 9 23
2282 9 23
2283 9 23
2284 9 23
2285 9 23
2286 9 23
2287 9 23
2288 9 23
2289 9 23
2290 9 23
2291 9 23
2292 9 23
2293 9 23
2294 9 23
2295 9 23
2296 9 23
2297 9 23
2298 9 23
2299 9 23
2300 9 23
2301 9 23
2302 9 23
2303 9 23
2304 9 23
2305 9 23
2306 9 23
2307 9 23
2308 9 23
2309 9 23
2310 9 23
2311 9 23
2312 9 23
2313 9 23
2314 9 23
2315 9 23
2316 9 23
2317 9 23
2318 9 23
2319 9 23
2320 9 23
2321 9 23
2322 9 23
2323 9 23
2324 9 23
2325 9 23
2326 9 23
2327 9 23
2328 9 23
2329 9 23
2330 9 23
2331 9 23
2332 9 23
2333 9 23
2334 9 23
2335 9 23
2336 9 23
2337 9 23
2338 9 23
2339 9 23
2340 10 23
2341 10 23
2342 10 23
2343 10 23
2344 10 23
2345 10 23
2346 10 23
2347 10 23
2348 10 23
2349 10 23
2350 10 23
2351 10 23
2352 10 23
2353 10 23
2354 10 23
2355 10 23
2356 10 23
2357 10 23
2358 10 23
2359 10 23
2360 10 23
2361 10 23
2362 10 23
2363 10 23
2364 10 23
2365 10 23
2366 10 23
2367 10 23
2368 10 23
2369 10 23
2370 10 23
2371 10 23
2372 10 23
2373 10 23
2374 10 23
2375 10 23
2376 10 23
2377 10 23
2378 10 23
2379 10 23
2380 10 23
2381 10 23
2382 10 23
2383 10 23
2384 10 23
2385 10 23
2386 10 23
2387 10 23
2388 10 23
2389 10 23
2390 10 23
2391 10 23
2392 10 23
2393 10 23
2394 10 23
2395 10 23
2396 10 23
2397 10 23
2398 10 23
2399 10 23
2400 10 23
2401 10 23
2402 10 23
2403 10 23
2404 10 23
2405 10 23
2406 10 23
2407 10 23
2408 10 23
2409 10 23
2410 11 23
2411 11 23
2412 11 23
2413 11 23
2414 11 23
2415 11 23
2416 11 23
2417 11 23
2418 11 23
2419 11 23
2420 11 23
2421 11 23
2422 11 23
2423 11 23
2424 11 23
2425 11 23
2426 11 23
2427 11 23
2428 11 23
2429 11 24
2430 11 24
2431 11 24
2432 11 24
2433 11 23
2434 11 23
2435 11 23
2436 11 23
2437 11 23
2438 11 23
2439 11 23
2440 11 23
2441 11 23
2442 11 23
2443 11 23
2444 11 23
2445 11 23
2446 11 23
2447 11 23
2448 11 23
2449 11 23
2450 11 23
2451 11 23
2452 11 23
2453 11 23
2454 11 23
2455 11 23
2456 11 23
2457 11 23
2458 11 23
2459 11 23
2460 11 23
2461 11 23
2462 11 23
2463 11 23
2464 11 23
2465 11 24
2466 11 24
2467 12 24
2468 12 24
2469 12 24
2470 12 24
2471 12 24
2472 12 24
2473 12 24
2474 12 24
2475 12 24
2476 12 24
2477 12 24
2478 12 24
2479 12 24
2480 12 24
2481 12 24
2482 12 24
2483 12 24
2484 12 24
2485 12 24
2486 12 24
2487 12 24
2488 12 24
2489 12 24
2490 12 24
2491 12 24
2492 12 24
2493 12 24
2494 12 25
2495 12 25
2496 12 25
2497 12 25
2498 12 25
2499 13 25
2500 13 25
2501 13 25
2502 13 25
2503 13 25
2504 13 25
2505 13 25
2506 13 25
2507 13 25
2508 13 25
2509 13 25
2510 13 25
2511 13 25
2512 13 25
2513 13 25
2514 13 25
2515 13 25
2516 13 25
2517 13 25
2518 13 25
2519 13 25
2520 13 25
2521 13 25
2522 13 25
2523 13 25
2524 13 25
2525 13 25
2526 13 25
2527 13 25
2528 13 25
2529 13 25
2530 13 25
2531 13 25
2532 14 25
2533 14 25
2534 14 25
2535 14 26
2536 14 26
2537 14 26
2538 14 26
2539 14 26
2540 14 26
2541 14 26
2542 14 26
2543 14 26
2544 14 26
2545 14 26
2546 14 26
2547 14 26
2548 14 26
2549 14 26
2550 14 26
2551 14 26
2552 14 26
2553 14 26
2554 14 26
2555 14 26
2556 14 26
2557 14 26
2558 14 26
2559 14 27
2560 14 27
2561 14 27
2562 14 27
2563 14 27
2564 14 27
2565 14 27
2566 14 27
2567 14 27
2568 14 27
2569 14 27
2570 14 27
2571 15 27
2572 15 27
2573 15 27
2574 15 27
2575 15 27
2576 15 27
2577 15 27
2578 15 27
2579 15 27
2580 15 27
2581 15 27
2582 15 27
2583 15 27
2584 15 27
2585 15 27
2586 15 27
2587 15 27
2588 15 27
2589 15 27
2590 15 27
2591 15 27
2592 15 27
2593 15 27
2594 15 27
2595 15 27
2596 16 27
2597 16 27
2598 16 27
2599 16 27
2600 16 27
2601 16 28
2602 16 27
2603 16 27
2604 16 27
2605 16 28
2606 16 28
2607 16 28
2608 16 28
2609 16 28
2610 16 28
2611 16 28
2612 16 28
2613 16 28
2614 16 28
2615 16 28
2616 16 28
2617 16 28
2618 16 28
2619 16 28
2620 16 28
2621 17 28
2622 17 28
2623 17 28
2624 17 28
2625 17 28
2626 17 28
2627 17 28
2628 17 28
2629 17 28
2630 17 28
2631 17 28
2632 17 28
2633 18 28
2634 18 28
2635 18 28
2636 18 28
2637 18 28
2638 18 28
2639 18 28
2640 18 28
2641 18 28
2642 18 28
2643 18 28
2644 18 28
2645 18 28
2646 18 28
2647 18 28
2648 19 28
2649 19 28
2650 19 28
2651 19 28
2652 19 28
2653 19 28
2654 19 28
2655 19 28
2656 19 28
2657 19 28
2658 19 28
2659 19 28
2660 19 28
2661 19 28
2662 19 28
2663 19 28
2664 19 28
2665 20 28
2666 20 28
2667 20 28
2668 20 28
2669 20 28
2670 20 28
2671 20 28
2672 20 28
2673 21 28
2674 21 28
2675 21 28
2676 21 28
2677 21 28
2678 21 28
2679 21 28
2680 22 28
2681 22 28
2682 22 28
2683 22 28
2684 22 28
2685 23 28
2686 23 28
2687 23 28
2688 23 28
2689 23 28
2690 23 28
2691 23 28
2692 23 28
2693 24 28
2694 24 28
2695 24 28
2696 24 28
2697 24 28
2698 24 28
2699 24 28
2700 24 28
2701 24 28
2702 24 28
2703 24 28
2704 24 28
2705 24 28
2706 25 28
2707 25 28
2708 25 28
2709 25 28
2710 25 28
2711 26 28
2712 26 28
2713 27 28
2714 27 28
2715 27 28
2716 27 28
2717 28 28
2718 28 28
2719 28 28
2720 28 28
2721 28 28
2722 29 28
2723 29 28
2724 29 28
2725 29 28
2726 29 28
2727 29 29
2728 29 29
2729 29 29
2730 30 29
2731 30 29
2732 31 29
2733 31 29
2734 32 29
2735 32 29
2736 33 29
2737 33 29
2738 33 29
2739 33 29
2740 34 29
2741 34 29
2742 34 29
2743 34 29
2744 34 29
2745 35 29
2746 35 29
2747 35 29
2748 35 29
2749 35 29
2750 35 29
2751 35 29
2752 35 29
2753 36 29
2754 36 29
2755 36 29
2756 37 29
2757 37 29
2758 38 29
2759 38 29
2760 38 29
2761 38 29
2762 39 29
2763 39 29
2764 40 29
2765 41 29
2766 42 29
2767 44 29
2768 44 29
2769 45 29
2770 47 29
2771 48 29
2772 48 29
2773 48 29
2774 50 29
2775 55 29
2776 56 29
2777 57 29
2778 61 29
2779 63 29
2780 65 29
2781 72 30
2782 84 30
2783 100 30
