0 0 0
1 0 0
2 0 0
3 0 0
4 0 0
5 0 0
6 0 0
7 0 0
8 0 0
9 0 0
10 0 0
11 0 0
12 0 0
13 0 0
14 0 0
15 0 0
16 0 0
17 0 0
18 0 0
19 0 0
20 0 0
21 0 0
22 0 0
23 0 0
24 0 0
25 0 0
26 0 0
27 0 0
28 0 0
29 0 0
30 0 0
31 0 0
32 0 0
33 0 0
34 0 0
35 0 0
36 0 0
37 0 0
38 0 0
39 0 0
40 0 0
41 0 0
42 0 0
43 0 0
44 0 0
45 0 0
46 0 0
47 0 0
48 0 0
49 0 0
50 0 0
51 0 0
52 0 0
53 0 0
54 0 0
55 0 0
56 0 0
57 0 0
58 0 0
59 0 0
60 0 0
61 0 0
62 0 0
63 0 0
64 0 0
65 0 0
66 0 0
67 0 0
68 0 0
69 0 0
70 0 0
71 0 0
72 0 0
73 0 0
74 0 0
75 0 0
76 0 0
77 0 0
78 0 0
79 0 0
80 0 0
81 0 0
82 0 0
83 0 0
84 0 0
85 0 0
86 0 0
87 0 0
88 0 0
89 0 0
90 0 0
91 0 0
92 0 0
93 0 0
94 0 0
95 0 0
96 0 0
97 0 0
98 0 0
99 0 0
100 0 0
101 0 0
102 0 0
103 0 0
104 0 0
105 0 0
106 0 0
107 0 0
108 0 0
109 0 0
110 0 0
111 0 0
112 0 0
113 0 0
114 0 0
115 0 0
116 0 0
117 0 0
118 0 0
119 0 0
120 0 0
121 0 0
122 0 0
123 0 0
124 0 0
125 0 0
126 0 0
127 0 0
128 0 0
129 0 0
130 0 0
131 0 0
132 0 0
133 0 0
134 0 0
135 0 0
136 0 0
137 0 0
138 0 0
139 0 0
140 0 0
141 0 0
142 0 0
143 0 0
144 0 0
145 0 0
146 0 0
147 0 0
148 0 0
149 0 0
150 0 0
151 0 0
152 0 0
153 0 0
154 0 0
155 0 0
156 0 0
157 0 0
158 0 0
159 0 0
160 0 0
161 0 0
162 0 0
163 0 0
164 0 0
165 0 0
166 0 0
167 0 0
168 0 0
169 0 0
170 0 0
171 0 0
172 0 0
173 0 0
174 0 0
175 0 0
176 0 0
177 0 0
178 0 0
179 0 0
180 0 0
181 0 0
182 0 0
183 0 0
184 0 0
185 0 0
186 0 9
187 0 9
188 0 9
189 0 9
190 0 9
191 0 9
192 0 9
193 0 9
194 0 9
195 0 9
196 0 9
197 0 9
198 0 9
199 0 9
200 0 9
201 0 9
202 0 9
203 0 9
204 0 9
205 0 9
206 0 8
207 0 8
208 0 8
209 0 8
210 0 8
211 0 8
212 0 8
213 0 8
214 0 8
215 0 8
216 0 8
217 0 8
218 0 8
219 0 8
220 0 8
221 0 8
222 0 8
223 0 7
224 0 7
225 0 7
226 0 7
227 0 7
228 0 14
229 0 14
230 0 14
231 0 14
232 0 14
233 0 14
234 0 14
235 0 13
236 0 13
237 0 13
238 0 13
239 0 13
240 0 13
241 0 13
242 0 13
243 0 13
244 0 13
245 0 13
246 0 13
247 0 12
248 0 12
249 0 12
250 0 11
251 0 11
252 0 11
253 0 11
254 0 11
255 0 11
256 0 11
257 0 11
258 0 11
259 0 11
260 0 11
261 0 11
262 0 11
263 0 11
264 0 11
265 0 10
266 0 10
267 0 10
268 0 10
269 0 10
270 0 10
271 0 10
272 0 10
273 0 10
274 0 10
275 0 10
276 0 10
277 0 10
278 0 14
279 0 14
280 0 13
281 0 13
282 0 13
283 0 13
284 0 13
285 0 13
286 0 13
287 0 13
288 0 13
289 0 13
290 0 13
291 0 13
292 0 13
293 0 13
294 0 13
295 0 12
296 0 12
297 0 12
298 0 12
299 0 12
300 0 12
301 0 11
302 0 11
303 0 11
304 0 11
305 0 11
306 0 11
307 0 10
308 0 10
309 0 10
310 0 10
311 0 10
312 0 10
313 0 10
314 0 10
315 0 10
316 0 10
317 0 10
318 0 10
319 0 10
320 0 10
321 0 10
322 0 10
323 0 10
324 0 10
325 0 10
326 0 10
327 0 10
328 0 9
329 0 9
330 0 9
331 0 9
332 0 9
333 0 9
334 0 9
335 0 9
336 0 9
337 0 9
338 0 9
339 0 9
340 0 9
341 0 9
342 0 9
343 0 9
344 0 9
345 0 9
346 0 9
347 0 9
348 0 9
349 0 8
350 0 8
351 0 8
352 0 8
353 0 8
354 0 7
355 0 7
356 0 7
357 0 7
358 0 7
359 0 7
360 0 7
361 0 7
362 0 7
363 0 7
364 0 7
365 0 7
366 0 7
367 0 7
368 0 7
369 0 6
370 0 6
371 0 6
372 0 6
373 0 6
374 0 6
375 0 6
376 0 6
377 0 6
378 0 6
379 0 6
380 0 6
381 0 6
382 0 6
383 0 6
384 0 6
385 0 6
386 0 6
387 0 6
388 0 6
389 0 6
390 0 6
391 0 6
392 0 6
393 0 6
394 0 6
395 0 6
396 0 6
397 0 6
398 0 6
399 0 6
400 0 6
401 0 6
402 0 6
403 0 6
404 0 6
405 0 6
406 0 6
407 0 6
408 0 6
409 0 6
410 0 6
411 0 6
412 0 6
413 0 6
414 0 6
415 0 6
416 0 6
417 0 6
418 0 6
419 0 6
420 0 6
421 0 6
422 0 6
423 0 6
424 0 6
425 0 6
426 0 6
427 0 6
428 0 6
429 0 6
430 0 5
431 0 5
432 0 5
433 0 7
434 0 7
435 0 7
436 0 7
437 0 7
438 0 7
439 0 7
440 0 7
441 0 7
442 0 7
443 0 7
444 0 7
445 0 7
446 0 7
447 0 7
448 0 7
449 0 7
450 0 7
451 0 7
452 0 7
453 0 7
454 0 7
455 0 7
456 0 7
457 0 7
458 0 7
459 0 7
460 0 7
461 0 7
462 0 7
463 0 6
464 0 6
465 0 6
466 0 6
467 0 6
468 0 6
469 0 6
470 0 6
471 0 6
472 0 6
473 0 6
474 0 6
475 0 6
476 0 6
477 0 6
478 0 6
479 0 6
480 0 6
481 0 6
482 0 6
483 0 6
484 0 6
485 0 6
486 0 6
487 0 6
488 0 6
489 0 6
490 0 6
491 0 6
492 0 6
493 0 6
494 0 6
495 0 6
496 0 6
497 0 6
498 0 6
499 0 6
500 0 6
501 0 6
502 0 6
503 0 6
504 0 6
505 0 6
506 0 6
507 0 6
508 0 6
509 0 6
510 0 6
511 0 6
512 0 6
513 0 6
514 0 6
515 0 6
516 0 6
517 0 6
518 0 6
519 0 6
520 0 6
521 0 5
522 0 5
523 0 5
524 0 5
525 0 5
526 0 5
527 0 5
528 0 5
529 0 5
530 0 5
531 0 5
532 0 5
533 0 5
534 0 5
535 0 7
536 0 7
537 0 7
538 0 7
539 0 7
540 0 7
541 0 7
542 0 7
543 0 8
544 0 8
545 0 8
546 0 8
547 0 8
548 0 8
549 0 8
550 0 8
551 0 8
552 0 8
553 0 8
554 0 8
555 0 8
556 0 8
557 0 8
558 0 8
559 0 8
560 0 8
561 0 8
562 0 8
563 0 8
564 0 8
565 0 8
566 0 8
567 0 8
568 0 8
569 0 8
570 0 8
571 0 9
572 0 9
573 0 9
574 0 9
575 0 9
576 0 9
577 0 9
578 0 9
579 0 9
580 0 9
581 0 9
582 0 9
583 0 9
584 0 9
585 0 9
586 0 9
587 0 9
588 0 9
589 0 9
590 0 10
591 0 10
592 0 10
593 0 10
594 0 10
595 0 10
596 0 10
597 0 10
598 0 10
599 0 10
600 0 10
601 0 10
602 0 10
603 0 10
604 0 10
605 0 10
606 0 10
607 0 10
608 0 10
609 0 10
610 0 10
611 0 10
612 0 10
613 0 10
614 0 10
615 0 10
616 0 10
617 0 10
618 0 10
619 0 10
620 0 10
621 0 10
622 0 10
623 0 10
624 0 10
625 0 10
626 0 10
627 0 10
628 0 10
629 0 10
630 0 10
631 0 10
632 0 10
633 0 10
634 0 10
635 0 10
636 0 10
637 0 10
638 0 9
639 0 9
640 0 10
641 0 10
642 0 10
643 0 10
644 0 10
645 0 10
646 0 10
647 0 10
648 0 10
649 0 10
650 0 10
651 0 10
652 0 10
653 0 10
654 0 10
655 0 10
656 0 10
657 0 10
658 0 10
659 0 10
660 0 10
661 0 10
662 0 10
663 0 12
664 0 12
665 0 12
666 0 12
667 0 12
668 0 12
669 0 12
670 0 11
671 0 11
672 0 11
673 0 11
674 0 11
675 0 11
676 0 11
677 0 11
678 0 11
679 0 11
680 0 11
681 0 12
682 0 12
683 0 12
684 0 12
685 0 12
686 0 12
687 1 12
688 1 12
689 1 12
690 1 12
691 1 12
692 1 12
693 1 12
694 1 12
695 1 12
696 1 12
697 1 12
698 1 12
699 1 12
700 1 12
701 1 12
702 1 12
703 1 12
704 1 12
705 1 12
706 1 12
707 1 12
708 1 12
709 1 12
710 1 12
711 1 12
712 1 12
713 1 12
714 1 11
715 1 11
716 1 11
717 1 12
718 1 13
719 1 13
720 1 13
721 1 13
722 1 13
723 1 13
724 1 13
725 1 13
726 1 13
727 1 13
728 1 13
729 1 13
730 1 13
731 1 13
732 1 13
733 1 13
734 1 13
735 1 13
736 1 13
737 1 13
738 1 13
739 1 13
740 1 13
741 1 13
742 1 13
743 1 13
744 1 13
745 1 13
746 1 13
747 1 13
748 1 13
749 1 13
750 1 13
751 1 13
752 1 13
753 1 13
754 1 14
755 1 14
756 1 14
757 1 14
758 1 14
759 1 14
760 1 14
761 1 14
762 1 14
763 1 14
764 1 14
765 1 13
766 1 13
767 1 13
768 1 13
769 1 13
770 1 13
771 1 13
772 1 13
773 1 13
774 1 14
775 1 14
776 1 14
777 1 14
778 1 14
779 1 14
780 1 14
781 1 14
782 1 14
783 1 14
784 1 14
785 1 14
786 1 14
787 1 14
788 1 14
789 1 14
790 1 14
791 1 14
792 1 14
793 1 14
794 1 14
795 1 14
796 1 14
797 1 14
798 1 14
799 1 14
800 1 14
801 1 14
802 1 14
803 1 14
804 1 14
805 1 14
806 1 14
807 1 14
808 1 14
809 1 14
810 1 14
811 1 14
812 1 14
813 1 14
814 1 14
815 1 14
816 1 14
817 1 14
818 1 14
819 1 14
820 1 14
821 1 14
822 1 14
823 1 14
824 1 14
825 1 14
826 1 14
827 1 14
828 1 14
829 1 14
830 1 14
831 1 14
832 1 14
833 1 14
834 1 14
835 1 14
836 1 14
837 1 14
838 1 14
839 1 14
840 1 14
841 1 14
842 1 14
843 1 14
844 1 13
845 1 13
846 1 14
847 1 14
848 1 14
849 1 14
850 1 14
851 1 14
852 1 14
853 1 14
854 1 14
855 1 14
856 1 14
857 1 14
858 1 14
859 1 14
860 1 14
861 1 14
862 1 14
863 1 14
864 1 15
865 1 15
866 1 14
867 1 14
868 1 14
869 1 14
870 1 14
871 1 14
872 1 14
873 1 14
874 1 14
875 1 14
876 1 14
877 1 14
878 1 14
879 1 14
880 1 14
881 1 14
882 1 14
883 1 14
884 1 14
885 1 14
886 1 14
887 1 14
888 1 14
889 1 14
890 1 14
891 1 14
892 1 14
893 1 14
894 1 14
895 1 14
896 1 14
897 1 14
898 1 14
899 1 14
900 1 14
901 1 14
902 1 14
903 1 14
904 1 14
905 1 14
906 1 14
907 1 14
908 1 14
909 1 14
910 1 14
911 1 14
912 1 15
913 1 15
914 1 15
915 1 15
916 1 15
917 1 15
918 1 15
919 1 15
920 1 15
921 1 15
922 1 15
923 1 15
924 1 15
925 1 15
926 1 15
927 1 15
928 1 15
929 1 15
930 1 15
931 1 15
932 1 15
933 1 15
934 1 15
935 1 15
936 1 15
937 1 15
938 1 15
939 1 15
940 1 15
941 1 14
942 1 14
943 1 14
944 1 14
945 1 14
946 1 14
947 1 14
948 1 14
949 1 14
950 1 14
951 1 14
952 1 14
953 1 14
954 1 14
955 1 14
956 1 14
957 1 14
958 1 14
959 1 14
960 1 14
961 1 14
962 1 14
963 1 14
964 1 14
965 1 14
966 1 14
967 1 14
968 1 14
969 1 14
970 1 14
971 1 14
972 1 14
973 1 14
974 1 14
975 1 14
976 1 14
977 1 14
978 1 14
979 1 14
980 1 14
981 1 14
982 1 14
983 1 14
984 1 14
985 1 14
986 1 14
987 1 14
988 1 14
989 1 14
990 1 13
991 1 13
992 1 13
993 1 13
994 1 13
995 1 13
996 1 13
997 1 13
998 1 13
999 1 13
1000 1 13
1001 1 13
1002 1 13
1003 1 13
1004 1 13
1005 1 14
1006 1 14
1007 1 14
1008 1 14
1009 1 14
1010 1 14
1011 1 14
1012 1 14
1013 1 14
1014 1 14
1015 1 14
1016 1 14
1017 1 13
1018 1 13
1019 1 13
1020 1 13
1021 1 13
1022 1 13
1023 1 13
1024 1 13
1025 1 13
1026 1 13
1027 1 13
1028 1 13
1029 1 13
1030 1 13
1031 1 13
1032 1 14
1033 1 14
1034 1 14
1035 1 14
1036 1 14
1037 1 14
1038 1 14
1039 1 14
1040 1 14
1041 1 14
1042 1 14
1043 1 14
1044 1 14
1045 1 14
1046 1 14
1047 1 14
1048 1 14
1049 1 13
1050 1 13
1051 1 13
1052 1 13
1053 1 13
1054 1 13
1055 1 13
1056 1 13
1057 1 13
1058 1 13
1059 1 13
1060 1 13
1061 1 13
1062 1 13
1063 1 13
1064 1 13
1065 1 13
1066 1 13
1067 1 13
1068 1 13
1069 1 13
1070 1 13
1071 1 13
1072 1 13
1073 1 13
1074 1 13
1075 1 13
1076 1 13
1077 1 13
1078 1 13
1079 1 13
1080 1 13
1081 1 13
1082 1 13
1083 1 13
1084 1 13
1085 1 13
1086 1 13
1087 1 13
1088 1 13
1089 1 13
1090 1 13
1091 1 13
1092 1 13
1093 1 13
1094 1 13
1095 1 13
1096 1 13
1097 1 13
1098 1 13
1099 1 13
1100 1 13
1101 1 13
1102 1 13
1103 1 13
1104 1 13
1105 1 13
1106 1 13
1107 1 12
1108 1 12
1109 1 12
1110 1 12
1111 1 12
1112 1 12
1113 1 12
1114 1 12
1115 1 12
1116 1 12
1117 1 12
1118 1 12
1119 1 12
1120 1 12
1121 1 12
1122 1 12
1123 1 12
1124 1 12
1125 1 12
1126 1 12
1127 1 12
1128 1 12
1129 1 12
1130 1 12
1131 1 12
1132 1 12
1133 1 12
1134 1 12
1135 1 12
1136 1 12
1137 1 12
1138 1 12
1139 2 12
1140 2 12
1141 2 12
1142 2 12
1143 2 12
1144 2 12
1145 2 12
1146 2 12
1147 2 12
1148 2 12
1149 2 12
1150 2 12
1151 2 12
1152 2 12
1153 2 12
1154 2 12
1155 2 12
1156 2 12
1157 2 12
1158 2 12
1159 2 12
1160 2 12
1161 2 12
1162 2 12
1163 2 12
1164 2 12
1165 2 12
1166 2 12
1167 2 12
1168 2 12
1169 2 12
1170 2 12
1171 2 12
1172 2 12
1173 2 12
1174 2 12
1175 2 12
1176 2 12
1177 2 12
1178 2 12
1179 2 12
1180 2 12
1181 2 12
1182 2 12
1183 2 12
1184 2 12
1185 2 11
1186 2 11
1187 2 11
1188 2 11
1189 2 11
1190 2 11
1191 2 11
1192 2 11
1193 2 11
1194 2 11
1195 2 11
1196 2 11
1197 2 11
1198 2 11
1199 2 11
1200 2 11
1201 2 11
1202 2 11
1203 2 11
1204 2 11
1205 2 11
1206 2 11
1207 2 11
1208 2 11
1209 2 11
1210 2 11
1211 2 11
1212 2 11
1213 2 11
1214 2 11
1215 2 11
1216 2 11
1217 2 11
1218 2 11
1219 2 11
1220 2 11
1221 2 11
1222 2 11
1223 2 11
1224 2 11
1225 2 11
1226 2 11
1227 2 11
1228 2 11
1229 2 11
1230 2 11
1231 2 11
1232 2 11
1233 2 11
1234 2 11
1235 2 11
1236 2 11
1237 2 11
1238 2 11
1239 2 11
1240 2 11
1241 2 11
1242 2 11
1243 2 11
1244 2 11
1245 2 11
1246 2 11
1247 2 11
1248 2 12
1249 2 12
1250 2 12
1251 2 12
1252 2 12
1253 2 12
1254 2 11
1255 2 11
1256 2 11
1257 2 11
1258 2 11
1259 2 11
1260 2 11
1261 2 11
1262 2 11
1263 2 11
1264 2 11
1265 2 11
1266 2 11
1267 2 11
1268 2 11
1269 2 11
1270 2 11
1271 2 11
1272 2 11
1273 2 11
1274 2 12
1275 2 12
1276 2 12
1277 2 12
1278 2 12
1279 2 12
1280 2 12
1281 2 12
1282 2 12
1283 2 12
1284 2 12
1285 2 12
1286 2 12
1287 2 12
1288 2 12
1289 2 12
1290 2 12
1291 2 11
1292 2 11
1293 2 11
1294 2 11
1295 2 11
1296 2 11
1297 2 11
1298 2 11
1299 2 11
1300 2 11
1301 2 11
1302 2 11
1303 2 11
1304 2 11
1305 2 11
1306 2 11
1307 2 11
1308 2 11
1309 2 11
1310 2 11
1311 2 11
1312 2 11
1313 2 11
1314 2 11
1315 2 11
1316 2 11
1317 2 11
1318 2 11
1319 2 11
1320 2 11
1321 2 11
1322 2 12
1323 2 12
1324 2 12
1325 2 12
1326 2 12
1327 2 12
1328 2 12
1329 2 12
1330 2 12
1331 2 12
1332 2 11
1333 2 11
1334 2 11
1335 2 11
1336 2 11
1337 2 11
1338 2 11
1339 2 12
1340 2 12
1341 2 12
1342 2 12
1343 2 12
1344 2 12
1345 2 12
1346 2 12
1347 2 12
1348 2 12
1349 2 12
1350 2 12
1351 2 12
1352 2 12
1353 2 12
1354 2 12
1355 2 12
1356 2 12
1357 2 12
1358 2 12
1359 2 12
1360 2 12
1361 2 12
1362 2 12
1363 2 12
1364 2 12
1365 2 12
1366 2 12
1367 2 12
1368 2 12
1369 2 12
1370 2 12
1371 2 12
1372 2 12
1373 2 12
1374 2 12
1375 2 12
1376 2 12
1377 2 12
1378 2 12
1379 2 12
1380 2 12
1381 2 12
1382 2 12
1383 2 12
1384 2 12
1385 2 12
1386 2 12
1387 2 12
1388 2 12
1389 2 12
1390 2 12
1391 2 12
1392 2 12
1393 2 12
1394 2 12
1395 2 12
1396 2 12
1397 2 12
1398 2 12
1399 2 12
1400 2 12
1401 2 12
1402 2 12
1403 2 12
1404 2 12
1405 2 12
1406 2 12
1407 2 12
1408 2 12
1409 2 12
1410 2 12
1411 2 12
1412 2 12
1413 2 12
1414 2 12
1415 2 11
1416 2 11
1417 2 11
1418 2 11
1419 2 11
1420 2 11
1421 2 11
1422 2 11
1423 2 11
1424 2 11
1425 2 11
1426 2 11
1427 2 11
1428 2 11
1429 2 11
1430 2 11
1431 2 11
1432 2 11
1433 2 11
1434 2 11
1435 2 11
1436 2 11
1437 2 11
1438 2 11
1439 2 11
1440 2 11
1441 2 11
1442 2 11
1443 2 11
1444 2 11
1445 2 11
1446 2 11
1447 2 11
1448 2 11
1449 2 11
1450 2 11
1451 2 11
1452 2 11
1453 2 11
1454 2 11
1455 2 11
1456 2 11
1457 2 11
1458 2 11
1459 2 11
1460 2 11
1461 2 11
1462 2 11
1463 2 11
1464 2 11
1465 3 11
1466 3 11
1467 3 11
1468 3 11
1469 3 11
1470 3 11
1471 3 11
1472 3 11
1473 3 11
1474 3 11
1475 3 11
1476 3 11
1477 3 11
1478 3 11
1479 3 11
1480 3 11
1481 3 11
1482 3 11
1483 3 11
1484 3 11
1485 3 11
1486 3 11
1487 3 11
1488 3 11
1489 3 11
1490 3 11
1491 3 11
1492 3 11
1493 3 11
1494 3 11
1495 3 11
1496 3 11
1497 3 11
1498 3 11
1499 3 11
1500 3 11
1501 3 11
1502 3 11
1503 3 11
1504 3 11
1505 3 11
1506 3 11
1507 3 11
1508 3 11
1509 3 11
1510 3 11
1511 3 11
1512 3 11
1513 3 11
1514 3 11
1515 3 11
1516 3 11
1517 3 11
1518 3 11
1519 3 11
1520 3 11
1521 3 11
1522 3 11
1523 3 11
1524 3 11
1525 3 11
1526 3 11
1527 3 11
1528 3 11
1529 3 11
1530 3 11
1531 3 11
1532 3 11
1533 3 11
1534 3 11
1535 3 11
1536 3 11
1537 3 11
1538 3 11
1539 3 11
1540 3 11
1541 3 11
1542 3 11
1543 3 11
1544 3 12
1545 3 12
1546 3 12
1547 3 12
1548 3 12
1549 3 12
1550 3 12
1551 3 12
1552 3 12
1553 3 12
1554 3 12
1555 3 12
1556 3 12
1557 3 12
1558 3 12
1559 3 12
1560 3 12
1561 3 12
1562 3 12
1563 3 12
1564 3 12
1565 3 12
1566 3 12
1567 3 12
1568 3 11
1569 3 11
1570 3 11
1571 3 11
1572 3 11
1573 3 11
1574 3 12
1575 3 12
1576 3 12
1577 3 12
1578 3 12
1579 3 12
1580 3 12
1581 3 12
1582 3 12
1583 3 12
1584 3 12
1585 3 12
1586 3 12
1587 3 12
1588 3 12
1589 3 12
1590 3 12
1591 3 12
1592 3 12
1593 3 12
1594 3 12
1595 3 12
1596 3 12
1597 3 12
1598 3 12
1599 3 12
1600 3 12
1601 3 12
1602 3 12
1603 3 12
1604 3 12
1605 3 12
1606 3 12
1607 3 12
1608 3 12
1609 3 12
1610 3 12
1611 3 12
1612 3 12
1613 3 12
1614 3 12
1615 3 12
1616 3 12
1617 3 12
1618 3 12
1619 3 12
1620 3 12
1621 3 12
1622 3 12
1623 3 12
1624 3 12
1625 3 12
1626 3 12
1627 3 12
1628 3 12
1629 3 12
1630 3 12
1631 3 12
1632 3 12
1633 3 12
1634 3 12
1635 3 12
1636 3 12
1637 3 12
1638 3 12
1639 3 13
1640 3 13
1641 3 13
1642 3 13
1643 3 13
1644 3 13
1645 3 13
1646 3 13
1647 3 13
1648 3 13
1649 3 13
1650 3 13
1651 3 13
1652 3 13
1653 3 13
1654 3 13
1655 3 13
1656 3 13
1657 3 13
1658 3 13
1659 3 12
1660 3 12
1661 3 12
1662 3 12
1663 3 12
1664 3 12
1665 3 12
1666 3 12
1667 3 12
1668 3 12
1669 3 12
1670 3 12
1671 3 12
1672 3 12
1673 3 12
1674 4 12
1675 4 12
1676 4 12
1677 4 12
1678 4 12
1679 4 12
1680 4 12
1681 4 12
1682 4 12
1683 4 12
1684 4 12
1685 4 12
1686 4 12
1687 4 12
1688 4 12
1689 4 12
1690 4 12
1691 4 12
1692 4 12
1693 4 12
1694 4 12
1695 4 12
1696 4 12
1697 4 12
1698 4 12
1699 4 12
1700 4 12
1701 4 12
1702 4 12
1703 4 12
1704 4 12
1705 4 12
1706 4 12
1707 4 12
1708 4 12
1709 4 12
1710 4 12
1711 4 12
1712 4 12
1713 4 12
1714 4 12
1715 4 12
1716 4 12
1717 4 12
1718 4 12
1719 4 12
1720 4 12
1721 4 12
1722 4 12
1723 4 12
1724 4 12
1725 4 12
1726 4 12
1727 4 12
1728 4 12
1729 4 12
1730 4 12
1731 4 12
1732 4 12
1733 4 12
1734 4 12
1735 4 12
1736 4 12
1737 4 12
1738 4 13
1739 4 13
1740 4 13
1741 4 13
1742 4 13
1743 4 13
1744 4 13
1745 4 13
1746 4 13
1747 4 13
1748 4 13
1749 4 13
1750 4 13
1751 4 13
1752 4 13
1753 4 13
1754 4 13
1755 4 13
1756 4 13
1757 4 13
1758 4 13
1759 4 13
1760 4 13
1761 4 13
1762 4 13
1763 4 13
1764 4 13
1765 4 13
1766 4 13
1767 4 13
1768 4 13
1769 4 13
1770 4 13
1771 4 13
1772 4 13
1773 4 13
1774 4 13
1775 4 13
1776 4 13
1777 4 13
1778 4 13
1779 4 13
1780 4 13
1781 4 13
1782 4 13
1783 4 13
1784 4 14
1785 4 14
1786 4 14
1787 4 14
1788 4 14
1789 4 14
1790 4 14
1791 4 14
1792 4 14
1793 4 14
1794 4 14
1795 4 14
1796 4 14
1797 4 14
1798 4 14
1799 4 14
1800 4 14
1801 4 14
1802 4 14
1803 4 14
1804 4 14
1805 4 14
1806 4 14
1807 4 14
1808 4 14
1809 4 14
1810 4 14
1811 4 14
1812 4 14
1813 4 14
1814 4 14
1815 4 14
1816 4 14
1817 4 14
1818 4 14
1819 4 14
1820 4 14
1821 4 14
1822 4 14
1823 4 14
1824 4 14
1825 4 14
1826 4 14
1827 4 14
1828 4 14
1829 4 14
1830 4 14
1831 4 14
1832 4 14
1833 4 14
1834 4 14
1835 4 14
1836 4 14
1837 4 14
1838 4 14
1839 4 14
1840 4 14
1841 4 14
1842 4 14
1843 4 14
1844 4 14
1845 4 14
1846 4 14
1847 4 14
1848 4 14
1849 4 14
1850 5 14
1851 5 14
1852 5 15
1853 5 15
1854 5 15
1855 5 15
1856 5 15
1857 5 15
1858 5 15
1859 5 15
1860 5 15
1861 5 15
1862 5 15
1863 5 15
1864 5 15
1865 5 15
1866 5 15
1867 5 15
1868 5 15
1869 5 15
1870 5 15
1871 5 15
1872 5 15
1873 5 15
1874 5 15
1875 5 15
1876 5 15
1877 5 15
1878 5 15
1879 5 15
1880 5 15
1881 5 15
1882 5 15
1883 5 16
1884 5 16
1885 5 16
1886 5 16
1887 5 16
1888 5 16
1889 5 16
1890 5 16
1891 5 16
1892 5 16
1893 5 16
1894 5 16
1895 5 16
1896 5 16
1897 5 16
1898 5 16
1899 5 16
1900 5 16
1901 5 16
1902 5 16
1903 5 16
1904 5 16
1905 5 16
1906 5 16
1907 5 16
1908 5 16
1909 5 16
1910 5 16
1911 5 16
1912 5 16
1913 5 16
1914 5 16
1915 5 16
1916 5 16
1917 5 16
1918 5 16
1919 5 16
1920 5 16
1921 5 16
1922 5 16
1923 5 16
1924 5 16
1925 5 16
1926 5 16
1927 5 16
1928 5 16
1929 5 16
1930 5 16
1931 5 16
1932 5 16
1933 5 16
1934 5 16
1935 5 16
1936 5 16
1937 5 16
1938 5 16
1939 5 16
1940 5 16
1941 5 16
1942 5 16
1943 5 16
1944 5 16
1945 5 16
1946 5 16
1947 5 16
1948 5 16
1949 5 16
1950 5 16
1951 5 16
1952 5 16
1953 5 16
1954 5 16
1955 5 16
1956 5 16
1957 5 16
1958 5 16
1959 5 16
1960 5 16
1961 5 16
1962 5 16
1963 5 16
1964 5 16
1965 5 16
1966 5 16
1967 5 16
1968 5 16
1969 5 16
1970 5 16
1971 5 16
1972 5 16
1973 5 16
1974 5 16
1975 5 16
1976 5 16
1977 5 16
1978 5 16
1979 5 16
1980 5 16
1981 5 16
1982 5 16
1983 5 16
1984 5 17
1985 5 17
1986 5 17
1987 5 17
1988 5 17
1989 5 17
1990 5 17
1991 5 17
1992 5 17
1993 5 17
1994 5 17
1995 5 17
1996 5 17
1997 5 17
1998 6 17
1999 6 17
2000 6 17
2001 6 17
2002 6 17
2003 6 17
2004 6 17
2005 6 17
2006 6 17
2007 6 17
2008 6 17
2009 6 17
2010 6 17
2011 6 17
2012 6 17
2013 6 17
2014 6 17
2015 6 17
2016 6 17
2017 6 17
2018 6 17
2019 6 17
2020 6 17
2021 6 17
2022 6 17
2023 6 17
2024 6 17
2025 6 17
2026 6 17
2027 6 17
2028 6 17
2029 6 17
2030 6 17
2031 6 17
2032 6 17
2033 6 17
2034 6 17
2035 6 17
2036 6 17
2037 6 17
2038 6 17
2039 6 17
2040 6 17
2041 6 17
2042 6 18
2043 6 18
2044 6 18
2045 6 18
2046 6 18
2047 6 18
2048 6 18
2049 6 18
2050 6 18
2051 6 18
2052 6 18
2053 6 18
2054 6 18
2055 6 18
2056 6 18
2057 6 18
2058 6 18
2059 6 18
2060 6 18
2061 6 18
2062 6 18
2063 6 18
2064 6 18
2065 6 18
2066 6 18
2067 6 18
2068 6 18
2069 6 18
2070 6 18
2071 6 19
2072 6 19
2073 6 19
2074 6 19
2075 6 19
2076 6 19
2077 6 19
2078 6 19
2079 6 19
2080 6 19
2081 6 19
2082 6 19
2083 6 19
2084 6 19
2085 6 19
2086 6 19
2087 6 19
2088 6 19
2089 6 19
2090 6 19
2091 6 19
2092 6 19
2093 6 19
2094 6 19
2095 6 19
2096 6 19
2097 6 19
2098 6 19
2099 6 19
2100 6 19
2101 6 19
2102 6 19
2103 6 19
2104 6 19
2105 6 19
2106 6 19
2107 6 19
2108 6 19
2109 6 19
2110 6 19
2111 6 19
2112 6 19
2113 6 19
2114 6 19
2115 6 19
2116 6 19
2117 6 19
2118 7 19
2119 7 19
2120 7 19
2121 7 19
2122 7 19
2123 7 19
2124 7 20
2125 7 20
2126 7 20
2127 7 20
2128 7 20
2129 7 20
2130 7 20
2131 7 20
2132 7 20
2133 7 20
2134 7 20
2135 7 20
2136 7 20
2137 7 20
2138 7 21
2139 7 21
2140 7 21
2141 7 21
2142 7 21
2143 7 21
2144 7 21
2145 7 21
2146 7 21
2147 7 21
2148 7 21
2149 7 21
2150 7 22
2151 7 22
2152 7 22
2153 7 22
2154 7 22
2155 7 22
2156 7 22
2157 7 22
2158 7 22
2159 7 22
2160 7 22
2161 7 22
2162 7 22
2163 7 23
2164 7 23
2165 7 23
2166 7 23
2167 7 23
2168 7 23
2169 7 23
2170 7 23
2171 7 23
2172 7 23
2173 7 23
2174 7 23
2175 7 23
2176 7 23
2177 7 23
2178 7 23
2179 7 23
2180 7 23
2181 7 23
2182 7 23
2183 7 23
2184 7 24
2185 7 24
2186 7 24
2187 7 24
2188 7 24
2189 7 24
2190 7 24
2191 7 24
2192 7 24
2193 7 24
2194 7 24
2195 7 24
2196 7 24
2197 7 24
2198 7 24
2199 7 24
2200 7 24
2201 7 24
2202 7 24
2203 7 24
2204 7 24
2205 7 24
2206 7 24
2207 7 24
2208 8 24
2209 8 25
2210 8 25
2211 8 25
2212 8 25
2213 8 25
2214 8 25
2215 8 25
2216 8 25
2217 8 25
2218 8 25
2219 8 25
2220 8 25
2221 8 25
2222 8 25
2223 8 25
2224 8 25
2225 8 25
2226 8 25
2227 8 25
2228 8 25
2229 8 25
2230 8 25
2231 8 25
2232 8 25
2233 8 25
2234 8 25
2235 8 25
2236 8 25
2237 8 25
2238 8 25
2239 8 25
2240 8 25
2241 8 26
2242 8 26
2243 8 26
2244 8 26
2245 8 26
2246 8 26
2247 8 26
2248 8 26
2249 8 26
2250 8 26
2251 8 26
2252 8 26
2253 8 26
2254 8 26
2255 8 26
2256 8 27
2257 8 27
2258 8 27
2259 8 27
2260 8 27
2261 8 27
2262 8 27
2263 8 27
2264 8 27
2265 8 27
2266 8 28
2267 8 28
2268 8 28
2269 8 28
2270 8 28
2271 8 28
2272 8 28
2273 8 28
2274 8 28
2275 9 28
2276 9 28
2277 9 28
2278 9 28
2279 9 28
2280 9 28
2281 9 28
2282 9 28
2283 9 28
2284 9 28
2285 9 28
2286 9 28
2287 9 28
2288 9 28
2289 9 28
2290 9 28
2291 9 28
2292 9 28
2293 9 28
2294 9 28
2295 9 28
2296 9 28
2297 9 28
2298 9 28
2299 9 28
2300 9 28
2301 9 28
2302 9 28
2303 9 28
2304 9 28
2305 9 28
2306 9 28
2307 9 28
2308 9 29
2309 9 29
2310 9 29
2311 9 29
2312 9 29
2313 9 29
2314 9 29
2315 9 29
2316 9 29
2317 9 29
2318 9 29
2319 9 29
2320 9 29
2321 9 29
2322 9 29
2323 9 29
2324 9 29
2325 9 29
2326 9 29
2327 9 29
2328 9 29
2329 9 29
2330 9 29
2331 9 29
2332 9 29
2333 9 29
2334 9 29
2335 9 29
2336 9 29
2337 9 29
2338 9 29
2339 9 30
2340 10 30
2341 10 30
2342 10 30
2343 10 30
2344 10 30
2345 10 30
2346 10 30
2347 10 30
2348 10 30
2349 10 30
2350 10 30
2351 10 30
2352 10 30
2353 10 30
2354 10 30
2355 10 30
2356 10 30
2357 10 30
2358 10 30
2359 10 30
2360 10 31
2361 10 31
2362 10 31
2363 10 31
2364 10 31
2365 10 31
2366 10 31
2367 10 31
2368 10 31
2369 10 31
2370 10 31
2371 10 31
2372 10 31
2373 10 31
2374 10 31
2375 10 31
2376 10 31
2377 10 31
2378 10 31
2379 10 31
2380 10 31
2381 10 32
2382 10 32
2383 10 32
2384 10 32
2385 10 32
2386 10 32
2387 10 32
2388 10 32
2389 10 32
2390 10 32
2391 10 32
2392 10 32
2393 10 32
2394 10 32
2395 10 32
2396 10 32
2397 10 32
2398 10 32
2399 10 32
2400 10 32
2401 10 32
2402 10 32
2403 10 32
2404 10 32
2405 10 32
2406 10 32
2407 10 32
2408 10 32
2409 10 32
2410 11 32
2411 11 32
2412 11 32
2413 11 32
2414 11 32
2415 11 32
2416 11 32
2417 11 32
2418 11 32
2419 11 32
2420 11 32
2421 11 33
2422 11 33
2423 11 33
2424 11 33
2425 11 33
2426 11 33
2427 11 33
2428 11 33
2429 11 33
2430 11 33
2431 11 33
2432 11 33
2433 11 34
2434 11 34
2435 11 34
2436 11 34
2437 11 34
2438 11 34
2439 11 34
2440 11 34
2441 11 34
2442 11 34
2443 11 34
2444 11 34
2445 11 34
2446 11 34
2447 11 34
2448 11 34
2449 11 35
2450 11 35
2451 11 35
2452 11 35
2453 11 35
2454 11 35
2455 11 35
2456 11 35
2457 11 35
2458 11 35
2459 11 35
2460 11 35
2461 11 35
2462 11 35
2463 11 35
2464 11 35
2465 11 35
2466 11 35
2467 12 35
2468 12 35
2469 12 35
2470 12 35
2471 12 35
2472 12 35
2473 12 35
2474 12 35
2475 12 35
2476 12 36
2477 12 36
2478 12 36
2479 12 36
2480 12 36
2481 12 36
2482 12 36
2483 12 36
2484 12 36
2485 12 36
2486 12 36
2487 12 36
2488 12 36
2489 12 36
2490 12 36
2491 12 36
2492 12 36
2493 12 36
2494 12 36
2495 12 36
2496 12 36
2497 12 36
2498 12 36
2499 13 36
2500 13 36
2501 13 36
2502 13 36
2503 13 36
2504 13 36
2505 13 36
2506 13 36
2507 13 36
2508 13 36
2509 13 37
2510 13 37
2511 13 37
2512 13 37
2513 13 37
2514 13 37
2515 13 37
2516 13 37
2517 13 37
2518 13 37
2519 13 37
2520 13 37
2521 13 38
2522 13 38
2523 13 38
2524 13 38
2525 13 38
2526 13 38
2527 13 38
2528 13 38
2529 13 38
2530 13 38
2531 13 38
2532 14 38
2533 14 38
2534 14 38
2535 14 38
2536 14 38
2537 14 38
2538 14 38
2539 14 38
2540 14 39
2541 14 39
2542 14 39
2543 14 39
2544 14 39
2545 14 39
2546 14 39
2547 14 39
2548 14 39
2549 14 39
2550 14 39
2551 14 39
2552 14 39
2553 14 39
2554 14 39
2555 14 39
2556 14 39
2557 14 39
2558 14 39
2559 14 39
2560 14 39
2561 14 39
2562 14 40
2563 14 40
2564 14 40
2565 14 40
2566 14 40
2567 14 40
2568 14 40
2569 14 40
2570 14 40
2571 15 40
2572 15 40
2573 15 40
2574 15 40
2575 15 40
2576 15 40
2577 15 40
2578 15 40
2579 15 40
2580 15 40
2581 15 40
2582 15 40
2583 15 40
2584 15 40
2585 15 40
2586 15 40
2587 15 40
2588 15 40
2589 15 40
2590 15 40
2591 15 40
2592 15 40
2593 15 41
2594 15 41
2595 15 41
2596 16 41
2597 16 41
2598 16 41
2599 16 41
2600 16 41
2601 16 41
2602 16 41
2603 16 41
2604 16 41
2605 16 41
2606 16 41
2607 16 41
2608 16 41
2609 16 41
2610 16 41
2611 16 41
2612 16 41
2613 16 41
2614 16 41
2615 16 41
2616 16 41
2617 16 41
2618 16 41
2619 16 41
2620 16 41
2621 17 41
2622 17 41
2623 17 41
2624 17 41
2625 17 41
2626 17 41
2627 17 41
2628 17 42
2629 17 42
2630 17 42
2631 17 42
2632 17 42
2633 18 42
2634 18 42
2635 18 42
2636 18 42
2637 18 42
2638 18 42
2639 18 42
2640 18 42
2641 18 42
2642 18 42
2643 18 42
2644 18 42
2645 18 42
2646 18 42
2647 18 42
2648 19 42
2649 19 42
2650 19 42
2651 19 42
2652 19 43
2653 19 43
2654 19 43
2655 19 43
2656 19 43
2657 19 43
2658 19 43
2659 19 43
2660 19 43
2661 19 43
2662 19 43
2663 19 43
2664 19 43
2665 20 43
2666 20 43
2667 20 43
2668 20 43
2669 20 43
2670 20 43
2671 20 43
2672 20 43
2673 21 43
2674 21 43
2675 21 43
2676 21 43
2677 21 43
2678 21 43
2679 21 43
2680 22 44
2681 22 44
2682 22 44
2683 22 44
2684 22 44
2685 23 44
2686 23 44
2687 23 44
2688 23 44
2689 23 44
2690 23 44
2691 23 44
2692 23 44
2693 24 44
2694 24 44
2695 24 44
2696 24 44
2697 24 44
2698 24 44
2699 24 44
2700 24 44
2701 24 44
2702 24 44
2703 24 45
2704 24 45
2705 24 45
2706 25 45
2707 25 45
2708 25 45
2709 25 45
2710 25 45
2711 26 45
2712 26 45
2713 27 45
2714 27 45
2715 27 45
2716 27 45
2717 28 45
2718 28 45
2719 28 45
2720 28 45
2721 28 45
2722 29 45
2723 29 45
2724 29 45
2725 29 46
2726 29 46
2727 29 46
2728 29 46
2729 29 46
2730 30 46
2731 30 46
2732 31 46
2733 31 46
2734 32 46
2735 32 46
2736 33 46
2737 33 46
2738 33 46
2739 33 46
2740 34 46
2741 34 46
2742 34 46
2743 34 46
2744 34 46
2745 35 46
2746 35 46
2747 35 46
2748 35 46
2749 35 46
2750 35 46
2751 35 47
2752 35 47
2753 36 47
2754 36 47
2755 36 47
2756 37 47
2757 37 47
2758 38 47
2759 38 47
2760 38 47
2761 38 47
2762 39 47
2763 39 47
2764 40 47
2765 41 47
2766 42 47
2767 44 47
2768 44 47
2769 45 47
2770 47 47
2771 48 47
2772 48 47
2773 48 47
2774 50 47
2775 55 48
2776 56 48
2777 57 48
2778 61 48
2779 63 48
2780 65 48
2781 72 48
2782 84 48
2783 100 48
