0 0 0
1 0 0
2 0 0
3 0 0
4 0 0
5 0 0
6 0 0
7 0 0
8 0 0
9 0 0
10 0 0
11 0 0
12 0 0
13 0 0
14 0 0
15 0 0
16 0 0
17 0 0
18 0 0
19 0 0
20 0 0
21 0 0
22 0 0
23 0 0
24 0 0
25 0 0
26 0 0
27 0 0
28 0 0
29 0 0
30 0 0
31 0 0
32 0 0
33 0 0
34 0 0
35 0 0
36 0 0
37 0 0
38 0 0
39 0 0
40 0 0
41 0 0
42 0 0
43 0 0
44 0 0
45 0 0
46 0 0
47 0 0
48 0 0
49 0 0
50 0 0
51 0 0
52 0 0
53 0 0
54 0 0
55 0 0
56 0 0
57 0 0
58 0 0
59 0 0
60 0 0
61 0 0
62 0 0
63 0 0
64 0 0
65 0 0
66 0 0
67 0 0
68 0 0
69 0 0
70 0 0
71 0 0
72 0 0
73 0 0
74 0 0
75 0 0
76 0 0
77 0 0
78 0 0
79 0 0
80 0 0
81 0 0
82 0 0
83 0 0
84 0 0
85 0 0
86 0 0
87 0 0
88 0 0
89 0 0
90 0 0
91 0 0
92 0 0
93 0 0
94 0 0
95 0 0
96 0 0
97 0 0
98 0 0
99 0 0
100 0 50
101 0 50
102 0 50
103 0 50
104 0 50
105 0 50
106 0 50
107 0 50
108 0 66
109 0 66
110 0 66
111 0 66
112 0 66
113 0 66
114 0 66
115 0 75
116 0 75
117 0 75
118 0 75
119 0 75
120 0 80
121 0 80
122 0 80
123 0 80
124 0 80
125 0 80
126 0 80
127 0 80
128 0 80
129 0 80
130 0 80
131 0 80
132 0 80
133 0 80
134 0 80
135 0 80
136 0 80
137 0 80
138 0 80
139 0 80
140 0 83
141 0 85
142 0 85
143 0 85
144 0 87
145 0 87
146 0 87
147 0 87
148 0 87
149 0 87
150 0 87
151 0 87
152 0 87
153 0 87
154 0 87
155 0 87
156 0 87
157 0 87
158 0 87
159 0 87
160 0 87
161 0 87
162 0 87
163 0 88
164 0 88
165 0 88
166 0 88
167 0 88
168 0 88
169 0 88
170 0 88
171 0 88
172 0 88
173 0 88
174 0 88
175 0 88
176 0 88
177 0 88
178 0 88
179 0 88
180 0 88
181 0 90
182 0 90
183 0 90
184 0 90
185 0 90
186 0 90
187 0 90
188 0 90
189 0 90
190 0 90
191 0 90
192 0 90
193 0 90
194 0 90
195 0 90
196 0 90
197 0 90
198 0 90
199 0 90
200 0 90
201 0 90
202 0 90
203 0 90
204 0 90
205 0 90
206 0 91
207 0 91
208 0 91
209 0 91
210 0 91
211 0 91
212 0 91
213 0 91
214 0 91
215 0 91
216 0 91
217 0 91
218 0 91
219 0 91
220 0 91
221 0 91
222 0 91
223 0 92
224 0 92
225 0 92
226 0 92
227 0 92
228 0 92
229 0 92
230 0 92
231 0 92
232 0 92
233 0 92
234 0 92
235 0 93
236 0 93
237 0 93
238 0 93
239 0 93
240 0 93
241 0 93
242 0 93
243 0 93
244 0 93
245 0 93
246 0 93
247 0 93
248 0 93
249 0 93
250 0 94
251 0 94
252 0 94
253 0 94
254 0 94
255 0 94
256 0 94
257 0 94
258 0 94
259 0 94
260 0 94
261 0 94
262 0 94
263 0 94
264 0 94
265 0 94
266 0 95
267 0 95
268 0 95
269 0 95
270 0 95
271 0 95
272 0 95
273 0 95
274 0 95
275 0 95
276 0 95
277 0 95
278 0 95
279 0 95
280 0 95
281 0 95
282 0 95
283 0 95
284 0 95
285 0 95
286 0 95
287 0 95
288 0 95
289 0 95
290 0 95
291 0 95
292 0 95
293 0 95
294 0 95
295 0 95
296 0 95
297 0 95
298 0 95
299 0 96
300 0 96
301 0 96
302 0 96
303 0 96
304 0 96
305 0 96
306 0 96
307 0 96
308 0 96
309 0 96
310 0 96
311 0 96
312 0 96
313 0 96
314 0 96
315 0 96
316 0 96
317 0 96
318 0 96
319 0 96
320 0 96
321 0 96
322 0 96
323 0 96
324 0 96
325 0 96
326 0 96
327 0 96
328 0 96
329 0 96
330 0 96
331 0 96
332 0 96
333 0 96
334 0 96
335 0 96
336 0 96
337 0 96
338 0 96
339 0 96
340 0 96
341 0 96
342 0 96
343 0 96
344 0 96
345 0 96
346 0 96
347 0 96
348 0 96
349 0 94
350 0 94
351 0 91
352 0 88
353 0 86
354 0 86
355 0 86
356 0 86
357 0 86
358 0 86
359 0 86
360 0 86
361 0 86
362 0 86
363 0 86
364 0 86
365 0 87
366 0 85
367 0 85
368 0 83
369 0 83
370 0 83
371 0 83
372 0 83
373 0 83
374 0 83
375 0 83
376 0 83
377 0 83
378 0 83
379 0 83
380 0 83
381 0 83
382 0 83
383 0 81
384 0 81
385 0 81
386 0 81
387 0 81
388 0 81
389 0 81
390 0 81
391 0 81
392 0 81
393 0 81
394 0 81
395 0 81
396 0 81
397 0 81
398 0 81
399 0 81
400 0 80
401 0 80
402 0 80
403 0 80
404 0 78
405 0 78
406 0 78
407 0 78
408 0 78
409 0 78
410 0 78
411 0 78
412 0 78
413 0 78
414 0 78
415 0 78
416 0 76
417 0 76
418 0 75
419 0 75
420 0 73
421 0 73
422 0 72
423 0 72
424 0 72
425 0 72
426 0 72
427 0 72
428 0 72
429 0 72
430 0 70
431 0 70
432 0 70
433 0 71
434 0 71
435 0 71
436 0 69
437 0 69
438 0 69
439 0 68
440 0 68
441 0 68
442 0 69
443 0 69
444 0 69
445 0 69
446 0 69
447 0 69
448 0 69
449 0 69
450 0 68
451 0 68
452 0 68
453 0 68
454 0 68
455 0 68
456 0 68
457 0 68
458 0 68
459 0 68
460 0 68
461 0 68
462 0 68
463 0 67
464 0 67
465 0 67
466 0 67
467 0 67
468 0 67
469 0 67
470 0 67
471 0 67
472 0 67
473 0 67
474 0 67
475 0 67
476 0 67
477 0 66
478 0 66
479 0 65
480 0 65
481 0 65
482 0 65
483 0 65
484 0 65
485 0 65
486 0 65
487 0 65
488 0 65
489 0 65
490 0 65
491 0 65
492 0 65
493 0 65
494 0 65
495 0 65
496 0 65
497 0 63
498 0 63
499 0 62
500 0 63
501 0 63
502 0 63
503 0 63
504 0 63
505 0 63
506 0 63
507 0 63
508 0 63
509 0 64
510 0 64
511 0 64
512 0 64
513 0 64
514 0 64
515 0 63
516 0 63
517 0 62
518 0 62
519 0 62
520 0 62
521 0 61
522 0 61
523 0 61
524 0 61
525 0 61
526 0 61
527 0 61
528 0 61
529 0 61
530 0 61
531 0 61
532 0 61
533 0 61
534 0 61
535 0 61
536 0 61
537 0 61
538 0 61
539 0 61
540 0 61
541 0 61
542 0 61
543 0 62
544 0 62
545 0 61
546 0 61
547 0 61
548 0 61
549 0 61
550 0 61
551 0 61
552 0 61
553 0 61
554 0 61
555 0 61
556 0 61
557 0 60
558 0 60
559 0 61
560 0 61
561 0 60
562 0 60
563 0 60
564 0 60
565 0 60
566 0 60
567 0 60
568 0 60
569 0 60
570 0 60
571 0 60
572 0 60
573 0 60
574 0 61
575 0 61
576 0 61
577 0 61
578 0 61
579 0 61
580 0 61
581 0 61
582 0 61
583 0 61
584 0 61
585 0 61
586 0 60
587 0 60
588 0 60
589 0 60
590 0 61
591 0 60
592 0 60
593 0 60
594 0 60
595 0 60
596 0 60
597 0 60
598 0 60
599 0 60
600 0 60
601 0 60
602 0 60
603 0 60
604 0 60
605 0 60
606 0 60
607 0 60
608 0 60
609 0 60
610 0 60
611 0 60
612 0 60
613 0 60
614 0 60
615 0 60
616 0 60
617 0 60
618 0 60
619 0 60
620 0 60
621 0 60
622 0 60
623 0 60
624 0 60
625 0 60
626 0 60
627 0 60
628 0 59
629 0 59
630 0 59
631 0 59
632 0 59
633 0 59
634 0 59
635 0 58
636 0 58
637 0 58
638 0 58
639 0 58
640 0 58
641 0 58
642 0 58
643 0 58
644 0 58
645 0 58
646 0 58
647 0 58
648 0 58
649 0 58
650 0 58
651 0 58
652 0 58
653 0 58
654 0 58
655 0 58
656 0 58
657 0 58
658 0 58
659 0 58
660 0 58
661 0 58
662 0 58
663 0 59
664 0 59
665 0 59
666 0 59
667 0 59
668 0 59
669 0 59
670 0 58
671 0 58
672 0 58
673 0 58
674 0 58
675 0 58
676 0 57
677 0 57
678 0 57
679 0 57
680 0 57
681 0 58
682 0 58
683 0 58
684 0 58
685 0 58
686 0 58
687 1 58
688 1 57
689 1 57
690 1 57
691 1 57
692 1 57
693 1 57
694 1 57
695 1 57
696 1 57
697 1 57
698 1 56
699 1 56
700 1 56
701 1 56
702 1 56
703 1 56
704 1 56
705 1 56
706 1 55
707 1 55
708 1 55
709 1 54
710 1 54
711 1 54
712 1 54
713 1 54
714 1 54
715 1 54
716 1 54
717 1 54
718 1 55
719 1 55
720 1 55
721 1 55
722 1 55
723 1 55
724 1 54
725 1 54
726 1 54
727 1 54
728 1 54
729 1 54
730 1 54
731 1 54
732 1 54
733 1 54
734 1 54
735 1 54
736 1 54
737 1 54
738 1 54
739 1 54
740 1 54
741 1 54
742 1 54
743 1 54
744 1 54
745 1 54
746 1 54
747 1 54
748 1 54
749 1 54
750 1 54
751 1 54
752 1 54
753 1 54
754 1 54
755 1 54
756 1 54
757 1 54
758 1 54
759 1 54
760 1 54
761 1 54
762 1 54
763 1 54
764 1 54
765 1 53
766 1 53
767 1 53
768 1 53
769 1 53
770 1 53
771 1 53
772 1 53
773 1 53
774 1 53
775 1 53
776 1 53
777 1 53
778 1 53
779 1 53
780 1 53
781 1 53
782 1 53
783 1 53
784 1 53
785 1 53
786 1 52
787 1 52
788 1 52
789 1 52
790 1 52
791 1 52
792 1 52
793 1 52
794 1 51
795 1 51
796 1 51
797 1 51
798 1 51
799 1 51
800 1 51
801 1 51
802 1 51
803 1 51
804 1 51
805 1 51
806 1 51
807 1 51
808 1 51
809 1 51
810 1 51
811 1 51
812 1 51
813 1 51
814 1 51
815 1 51
816 1 51
817 1 51
818 1 51
819 1 51
820 1 51
821 1 51
822 1 51
823 1 50
824 1 50
825 1 50
826 1 50
827 1 50
828 1 50
829 1 50
830 1 50
831 1 50
832 1 50
833 1 50
834 1 50
835 1 50
836 1 50
837 1 50
838 1 50
839 1 50
840 1 50
841 1 50
842 1 50
843 1 50
844 1 49
845 1 49
846 1 50
847 1 50
848 1 50
849 1 50
850 1 49
851 1 49
852 1 49
853 1 49
854 1 49
855 1 49
856 1 49
857 1 49
858 1 49
859 1 49
860 1 49
861 1 49
862 1 49
863 1 48
864 1 49
865 1 49
866 1 48
867 1 48
868 1 48
869 1 48
870 1 48
871 1 48
872 1 48
873 1 48
874 1 48
875 1 48
876 1 48
877 1 48
878 1 48
879 1 48
880 1 48
881 1 48
882 1 48
883 1 47
884 1 47
885 1 47
886 1 47
887 1 47
888 1 47
889 1 47
890 1 47
891 1 47
892 1 47
893 1 47
894 1 47
895 1 47
896 1 47
897 1 47
898 1 47
899 1 47
900 1 46
901 1 46
902 1 47
903 1 47
904 1 47
905 1 47
906 1 47
907 1 47
908 1 47
909 1 47
910 1 47
911 1 47
912 1 47
913 1 47
914 1 47
915 1 47
916 1 47
917 1 47
918 1 47
919 1 47
920 1 47
921 1 47
922 1 47
923 1 47
924 1 47
925 1 47
926 1 46
927 1 46
928 1 46
929 1 46
930 1 46
931 1 46
932 1 46
933 1 46
934 1 46
935 1 45
936 1 45
937 1 45
938 1 45
939 1 45
940 1 45
941 1 45
942 1 45
943 1 45
944 1 45
945 1 45
946 1 45
947 1 45
948 1 45
949 1 45
950 1 45
951 1 45
952 1 45
953 1 44
954 1 44
955 1 44
956 1 44
957 1 44
958 1 44
959 1 44
960 1 44
961 1 44
962 1 44
963 1 44
964 1 44
965 1 44
966 1 44
967 1 44
968 1 44
969 1 44
970 1 44
971 1 44
972 1 44
973 1 44
974 1 44
975 1 44
976 1 43
977 1 43
978 1 43
979 1 43
980 1 43
981 1 43
982 1 43
983 1 43
984 1 43
985 1 42
986 1 42
987 1 42
988 1 42
989 1 42
990 1 42
991 1 42
992 1 42
993 1 41
994 1 41
995 1 41
996 1 41
997 1 41
998 1 41
999 1 41
1000 1 41
1001 1 41
1002 1 41
1003 1 41
1004 1 41
1005 1 41
1006 1 41
1007 1 41
1008 1 41
1009 1 41
1010 1 41
1011 1 41
1012 1 41
1013 1 41
1014 1 41
1015 1 41
1016 1 41
1017 1 41
1018 1 41
1019 1 41
1020 1 41
1021 1 41
1022 1 41
1023 1 41
1024 1 41
1025 1 41
1026 1 40
1027 1 40
1028 1 40
1029 1 40
1030 1 40
1031 1 40
1032 1 41
1033 1 41
1034 1 41
1035 1 41
1036 1 41
1037 1 41
1038 1 41
1039 1 41
1040 1 41
1041 1 40
1042 1 40
1043 1 40
1044 1 40
1045 1 40
1046 1 40
1047 1 40
1048 1 40
1049 1 40
1050 1 40
1051 1 40
1052 1 40
1053 1 40
1054 1 40
1055 1 40
1056 1 40
1057 1 40
1058 1 40
1059 1 40
1060 1 40
1061 1 40
1062 1 40
1063 1 40
1064 1 40
1065 1 40
1066 1 40
1067 1 40
1068 1 39
1069 1 39
1070 1 39
1071 1 39
1072 1 39
1073 1 39
1074 1 39
1075 1 39
1076 1 39
1077 1 39
1078 1 39
1079 1 39
1080 1 39
1081 1 39
1082 1 39
1083 1 39
1084 1 39
1085 1 39
1086 1 39
1087 1 39
1088 1 38
1089 1 38
1090 1 38
1091 1 38
1092 1 38
1093 1 38
1094 1 38
1095 1 38
1096 1 38
1097 1 38
1098 1 38
1099 1 38
1100 1 38
1101 1 38
1102 1 38
1103 1 38
1104 1 38
1105 1 37
1106 1 37
1107 1 37
1108 1 37
1109 1 37
1110 1 37
1111 1 37
1112 1 37
1113 1 37
1114 1 37
1115 1 37
1116 1 37
1117 1 37
1118 1 37
1119 1 37
1120 1 37
1121 1 37
1122 1 37
1123 1 37
1124 1 37
1125 1 37
1126 1 37
1127 1 37
1128 1 37
1129 1 37
1130 1 37
1131 1 36
1132 1 36
1133 1 36
1134 1 36
1135 1 36
1136 1 36
1137 1 36
1138 1 36
1139 2 36
1140 2 36
1141 2 36
1142 2 36
1143 2 36
1144 2 36
1145 2 36
1146 2 35
1147 2 35
1148 2 35
1149 2 35
1150 2 35
1151 2 35
1152 2 35
1153 2 35
1154 2 35
1155 2 35
1156 2 35
1157 2 35
1158 2 35
1159 2 35
1160 2 35
1161 2 35
1162 2 35
1163 2 35
1164 2 35
1165 2 35
1166 2 35
1167 2 35
1168 2 35
1169 2 35
1170 2 35
1171 2 35
1172 2 35
1173 2 35
1174 2 35
1175 2 35
1176 2 35
1177 2 35
1178 2 35
1179 2 35
1180 2 35
1181 2 35
1182 2 34
1183 2 34
1184 2 34
1185 2 34
1186 2 34
1187 2 34
1188 2 34
1189 2 34
1190 2 34
1191 2 34
1192 2 34
1193 2 34
1194 2 34
1195 2 34
1196 2 34
1197 2 34
1198 2 34
1199 2 34
1200 2 34
1201 2 34
1202 2 34
1203 2 34
1204 2 34
1205 2 34
1206 2 34
1207 2 34
1208 2 34
1209 2 34
1210 2 34
1211 2 34
1212 2 34
1213 2 34
1214 2 34
1215 2 34
1216 2 34
1217 2 34
1218 2 34
1219 2 34
1220 2 34
1221 2 34
1222 2 34
1223 2 34
1224 2 34
1225 2 34
1226 2 34
1227 2 34
1228 2 34
1229 2 34
1230 2 34
1231 2 34
1232 2 34
1233 2 34
1234 2 34
1235 2 34
1236 2 34
1237 2 34
1238 2 34
1239 2 34
1240 2 34
1241 2 34
1242 2 34
1243 2 34
1244 2 34
1245 2 34
1246 2 34
1247 2 34
1248 2 35
1249 2 35
1250 2 35
1251 2 35
1252 2 35
1253 2 35
1254 2 34
1255 2 35
1256 2 35
1257 2 35
1258 2 35
1259 2 35
1260 2 35
1261 2 35
1262 2 35
1263 2 34
1264 2 34
1265 2 34
1266 2 34
1267 2 34
1268 2 34
1269 2 34
1270 2 34
1271 2 34
1272 2 34
1273 2 34
1274 2 34
1275 2 34
1276 2 34
1277 2 34
1278 2 34
1279 2 34
1280 2 34
1281 2 34
1282 2 34
1283 2 34
1284 2 34
1285 2 34
1286 2 34
1287 2 34
1288 2 34
1289 2 35
1290 2 35
1291 2 34
1292 2 34
1293 2 34
1294 2 34
1295 2 34
1296 2 34
1297 2 34
1298 2 34
1299 2 34
1300 2 34
1301 2 34
1302 2 34
1303 2 34
1304 2 34
1305 2 34
1306 2 34
1307 2 34
1308 2 34
1309 2 34
1310 2 34
1311 2 34
1312 2 34
1313 2 34
1314 2 34
1315 2 34
1316 2 34
1317 2 34
1318 2 34
1319 2 34
1320 2 34
1321 2 34
1322 2 33
1323 2 33
1324 2 34
1325 2 34
1326 2 34
1327 2 34
1328 2 34
1329 2 34
1330 2 34
1331 2 34
1332 2 34
1333 2 34
1334 2 34
1335 2 34
1336 2 34
1337 2 34
1338 2 34
1339 2 34
1340 2 34
1341 2 34
1342 2 34
1343 2 34
1344 2 34
1345 2 34
1346 2 34
1347 2 34
1348 2 34
1349 2 34
1350 2 34
1351 2 34
1352 2 34
1353 2 34
1354 2 34
1355 2 34
1356 2 34
1357 2 34
1358 2 34
1359 2 34
1360 2 34
1361 2 34
1362 2 34
1363 2 34
1364 2 34
1365 2 34
1366 2 34
1367 2 34
1368 2 34
1369 2 34
1370 2 34
1371 2 34
1372 2 34
1373 2 34
1374 2 34
1375 2 34
1376 2 34
1377 2 34
1378 2 34
1379 2 34
1380 2 34
1381 2 34
1382 2 34
1383 2 34
1384 2 34
1385 2 34
1386 2 33
1387 2 33
1388 2 33
1389 2 33
1390 2 33
1391 2 33
1392 2 33
1393 2 33
1394 2 33
1395 2 33
1396 2 33
1397 2 33
1398 2 33
1399 2 33
1400 2 33
1401 2 33
1402 2 33
1403 2 33
1404 2 33
1405 2 33
1406 2 33
1407 2 33
1408 2 33
1409 2 33
1410 2 33
1411 2 33
1412 2 33
1413 2 33
1414 2 33
1415 2 33
1416 2 33
1417 2 33
1418 2 33
1419 2 33
1420 2 32
1421 2 32
1422 2 32
1423 2 32
1424 2 32
1425 2 32
1426 2 32
1427 2 32
1428 2 32
1429 2 32
1430 2 32
1431 2 32
1432 2 32
1433 2 32
1434 2 32
1435 2 32
1436 2 32
1437 2 32
1438 2 32
1439 2 32
1440 2 32
1441 2 32
1442 2 32
1443 2 32
1444 2 32
1445 2 32
1446 2 32
1447 2 32
1448 2 32
1449 2 32
1450 2 32
1451 2 32
1452 2 32
1453 2 32
1454 2 32
1455 2 32
1456 2 32
1457 2 32
1458 2 32
1459 2 32
1460 2 32
1461 2 32
1462 2 32
1463 2 32
1464 2 32
1465 3 32
1466 3 32
1467 3 32
1468 3 32
1469 3 32
1470 3 32
1471 3 32
1472 3 32
1473 3 32
1474 3 31
1475 3 31
1476 3 31
1477 3 31
1478 3 31
1479 3 31
1480 3 31
1481 3 31
1482 3 31
1483 3 31
1484 3 31
1485 3 31
1486 3 31
1487 3 31
1488 3 31
1489 3 31
1490 3 31
1491 3 31
1492 3 31
1493 3 31
1494 3 31
1495 3 31
1496 3 31
1497 3 31
1498 3 31
1499 3 31
1500 3 31
1501 3 31
1502 3 31
1503 3 31
1504 3 31
1505 3 31
1506 3 31
1507 3 31
1508 3 30
1509 3 30
1510 3 30
1511 3 30
1512 3 30
1513 3 30
1514 3 30
1515 3 30
1516 3 30
1517 3 30
1518 3 30
1519 3 30
1520 3 30
1521 3 30
1522 3 30
1523 3 30
1524 3 30
1525 3 30
1526 3 30
1527 3 30
1528 3 30
1529 3 30
1530 3 30
1531 3 30
1532 3 30
1533 3 30
1534 3 30
1535 3 30
1536 3 30
1537 3 30
1538 3 30
1539 3 30
1540 3 30
1541 3 30
1542 3 30
1543 3 30
1544 3 30
1545 3 30
1546 3 30
1547 3 30
1548 3 30
1549 3 30
1550 3 30
1551 3 30
1552 3 30
1553 3 30
1554 3 30
1555 3 30
1556 3 30
1557 3 30
1558 3 30
1559 3 30
1560 3 30
1561 3 30
1562 3 30
1563 3 30
1564 3 30
1565 3 30
1566 3 30
1567 3 30
1568 3 30
1569 3 30
1570 3 30
1571 3 30
1572 3 30
1573 3 30
1574 3 30
1575 3 30
1576 3 30
1577 3 30
1578 3 30
1579 3 30
1580 3 30
1581 3 30
1582 3 30
1583 3 30
1584 3 30
1585 3 30
1586 3 30
1587 3 30
1588 3 30
1589 3 30
1590 3 30
1591 3 30
1592 3 30
1593 3 30
1594 3 30
1595 3 30
1596 3 30
1597 3 30
1598 3 30
1599 3 30
1600 3 30
1601 3 31
1602 3 31
1603 3 31
1604 3 31
1605 3 31
1606 3 31
1607 3 31
1608 3 31
1609 3 30
1610 3 30
1611 3 30
1612 3 30
1613 3 31
1614 3 31
1615 3 31
1616 3 31
1617 3 31
1618 3 31
1619 3 31
1620 3 31
1621 3 31
1622 3 31
1623 3 31
1624 3 31
1625 3 31
1626 3 31
1627 3 31
1628 3 31
1629 3 31
1630 3 31
1631 3 31
1632 3 31
1633 3 31
1634 3 31
1635 3 31
1636 3 31
1637 3 31
1638 3 31
1639 3 31
1640 3 31
1641 3 31
1642 3 31
1643 3 31
1644 3 31
1645 3 31
1646 3 31
1647 3 31
1648 3 31
1649 3 31
1650 3 31
1651 3 31
1652 3 31
1653 3 31
1654 3 31
1655 3 31
1656 3 31
1657 3 31
1658 3 31
1659 3 31
1660 3 31
1661 3 31
1662 3 31
1663 3 31
1664 3 31
1665 3 31
1666 3 31
1667 3 31
1668 3 31
1669 3 31
1670 3 31
1671 3 31
1672 3 31
1673 3 31
1674 4 31
1675 4 31
1676 4 31
1677 4 31
1678 4 31
1679 4 31
1680 4 31
1681 4 31
1682 4 31
1683 4 30
1684 4 30
1685 4 30
1686 4 30
1687 4 30
1688 4 30
1689 4 30
1690 4 30
1691 4 30
1692 4 30
1693 4 30
1694 4 30
1695 4 30
1696 4 30
1697 4 30
1698 4 30
1699 4 30
1700 4 30
1701 4 30
1702 4 30
1703 4 30
1704 4 30
1705 4 30
1706 4 30
1707 4 30
1708 4 30
1709 4 30
1710 4 30
1711 4 30
1712 4 30
1713 4 30
1714 4 30
1715 4 30
1716 4 30
1717 4 30
1718 4 29
1719 4 29
1720 4 29
1721 4 29
1722 4 29
1723 4 29
1724 4 29
1725 4 29
1726 4 29
1727 4 29
1728 4 29
1729 4 29
1730 4 29
1731 4 29
1732 4 29
1733 4 29
1734 4 29
1735 4 29
1736 4 29
1737 4 29
1738 4 29
1739 4 29
1740 4 29
1741 4 29
1742 4 30
1743 4 30
1744 4 30
1745 4 30
1746 4 30
1747 4 30
1748 4 30
1749 4 30
1750 4 30
1751 4 30
1752 4 31
1753 4 31
1754 4 31
1755 4 31
1756 4 31
1757 4 30
1758 4 30
1759 4 30
1760 4 30
1761 4 30
1762 4 30
1763 4 30
1764 4 30
1765 4 30
1766 4 31
1767 4 31
1768 4 31
1769 4 31
1770 4 31
1771 4 31
1772 4 31
1773 4 31
1774 4 31
1775 4 31
1776 4 31
1777 4 31
1778 4 31
1779 4 31
1780 4 31
1781 4 31
1782 4 31
1783 4 31
1784 4 31
1785 4 31
1786 4 31
1787 4 31
1788 4 31
1789 4 30
1790 4 30
1791 4 30
1792 4 30
1793 4 30
1794 4 30
1795 4 30
1796 4 30
1797 4 30
1798 4 30
1799 4 30
1800 4 30
1801 4 30
1802 4 30
1803 4 30
1804 4 30
1805 4 30
1806 4 30
1807 4 30
1808 4 31
1809 4 30
1810 4 31
1811 4 31
1812 4 31
1813 4 31
1814 4 31
1815 4 31
1816 4 31
1817 4 31
1818 4 31
1819 4 31
1820 4 31
1821 4 31
1822 4 31
1823 4 31
1824 4 31
1825 4 31
1826 4 31
1827 4 31
1828 4 31
1829 4 31
1830 4 31
1831 4 31
1832 4 31
1833 4 31
1834 4 31
1835 4 31
1836 4 31
1837 4 31
1838 4 31
1839 4 31
1840 4 31
1841 4 31
1842 4 31
1843 4 31
1844 4 31
1845 4 31
1846 4 31
1847 4 31
1848 4 31
1849 4 31
1850 5 31
1851 5 31
1852 5 31
1853 5 31
1854 5 31
1855 5 31
1856 5 31
1857 5 31
1858 5 31
1859 5 31
1860 5 31
1861 5 31
1862 5 31
1863 5 31
1864 5 31
1865 5 31
1866 5 31
1867 5 31
1868 5 31
1869 5 31
1870 5 31
1871 5 31
1872 5 31
1873 5 31
1874 5 31
1875 5 31
1876 5 31
1877 5 31
1878 5 31
1879 5 31
1880 5 31
1881 5 31
1882 5 31
1883 5 31
1884 5 31
1885 5 31
1886 5 31
1887 5 31
1888 5 31
1889 5 31
1890 5 31
1891 5 31
1892 5 31
1893 5 31
1894 5 31
1895 5 31
1896 5 31
1897 5 31
1898 5 31
1899 5 31
1900 5 31
1901 5 31
1902 5 31
1903 5 31
1904 5 31
1905 5 31
1906 5 31
1907 5 31
1908 5 31
1909 5 31
1910 5 31
1911 5 31
1912 5 31
1913 5 31
1914 5 31
1915 5 31
1916 5 31
1917 5 31
1918 5 31
1919 5 31
1920 5 31
1921 5 31
1922 5 31
1923 5 31
1924 5 31
1925 5 31
1926 5 31
1927 5 31
1928 5 31
1929 5 31
1930 5 31
1931 5 31
1932 5 31
1933 5 31
1934 5 31
1935 5 31
1936 5 31
1937 5 31
1938 5 31
1939 5 31
1940 5 31
1941 5 31
1942 5 31
1943 5 31
1944 5 31
1945 5 31
1946 5 31
1947 5 31
1948 5 31
1949 5 31
1950 5 31
1951 5 31
1952 5 31
1953 5 31
1954 5 31
1955 5 31
1956 5 31
1957 5 31
1958 5 31
1959 5 31
1960 5 31
1961 5 31
1962 5 31
1963 5 31
1964 5 31
1965 5 31
1966 5 31
1967 5 31
1968 5 31
1969 5 31
1970 5 31
1971 5 31
1972 5 31
1973 5 31
1974 5 31
1975 5 31
1976 5 31
1977 5 31
1978 5 31
1979 5 31
1980 5 31
1981 5 31
1982 5 31
1983 5 31
1984 5 31
1985 5 31
1986 5 31
1987 5 31
1988 5 31
1989 5 31
1990 5 31
1991 5 31
1992 5 31
1993 5 31
1994 5 31
1995 5 31
1996 5 31
1997 5 31
1998 6 31
1999 6 31
2000 6 31
2001 6 31
2002 6 31
2003 6 31
2004 6 31
2005 6 31
2006 6 31
2007 6 31
2008 6 31
2009 6 31
2010 6 31
2011 6 31
2012 6 31
2013 6 31
2014 6 31
2015 6 31
2016 6 31
2017 6 31
2018 6 31
2019 6 31
2020 6 31
2021 6 31
2022 6 31
2023 6 31
2024 6 31
2025 6 31
2026 6 31
2027 6 31
2028 6 31
2029 6 31
2030 6 31
2031 6 31
2032 6 31
2033 6 31
2034 6 31
2035 6 31
2036 6 31
2037 6 31
2038 6 31
2039 6 31
2040 6 31
2041 6 31
2042 6 31
2043 6 31
2044 6 31
2045 6 31
2046 6 31
2047 6 31
2048 6 31
2049 6 31
2050 6 31
2051 6 31
2052 6 31
2053 6 31
2054 6 31
2055 6 31
2056 6 31
2057 6 31
2058 6 31
2059 6 31
2060 6 31
2061 6 31
2062 6 31
2063 6 31
2064 6 31
2065 6 31
2066 6 31
2067 6 31
2068 6 31
2069 6 31
2070 6 31
2071 6 31
2072 6 31
2073 6 31
2074 6 31
2075 6 31
2076 6 31
2077 6 31
2078 6 31
2079 6 31
2080 6 31
2081 6 31
2082 6 31
2083 6 31
2084 6 31
2085 6 31
2086 6 31
2087 6 31
2088 6 31
2089 6 31
2090 6 31
2091 6 31
2092 6 31
2093 6 31
2094 6 31
2095 6 31
2096 6 31
2097 6 31
2098 6 31
2099 6 31
2100 6 31
2101 6 31
2102 6 31
2103 6 31
2104 6 31
2105 6 31
2106 6 31
2107 6 31
2108 6 31
2109 6 31
2110 6 31
2111 6 31
2112 6 31
2113 6 31
2114 6 31
2115 6 31
2116 6 31
2117 6 31
2118 7 31
2119 7 31
2120 7 31
2121 7 31
2122 7 31
2123 7 31
2124 7 31
2125 7 31
2126 7 31
2127 7 31
2128 7 31
2129 7 31
2130 7 30
2131 7 30
2132 7 31
2133 7 31
2134 7 31
2135 7 31
2136 7 31
2137 7 31
2138 7 31
2139 7 31
2140 7 31
2141 7 30
2142 7 31
2143 7 31
2144 7 31
2145 7 31
2146 7 31
2147 7 30
2148 7 30
2149 7 30
2150 7 30
2151 7 30
2152 7 30
2153 7 30
2154 7 30
2155 7 30
2156 7 30
2157 7 30
2158 7 30
2159 7 30
2160 7 30
2161 7 30
2162 7 30
2163 7 30
2164 7 30
2165 7 30
2166 7 30
2167 7 30
2168 7 30
2169 7 30
2170 7 30
2171 7 30
2172 7 30
2173 7 30
2174 7 31
2175 7 31
2176 7 31
2177 7 31
2178 7 31
2179 7 31
2180 7 31
2181 7 31
2182 7 31
2183 7 31
2184 7 31
2185 7 31
2186 7 31
2187 7 31
2188 7 31
2189 7 31
2190 7 31
2191 7 31
2192 7 31
2193 7 31
2194 7 31
2195 7 31
2196 7 31
2197 7 31
2198 7 31
2199 7 31
2200 7 31
2201 7 31
2202 7 31
2203 7 31
2204 7 31
2205 7 31
2206 7 31
2207 7 31
2208 8 31
2209 8 31
2210 8 31
2211 8 31
2212 8 31
2213 8 31
2214 8 31
2215 8 31
2216 8 31
2217 8 31
2218 8 31
2219 8 31
2220 8 31
2221 8 31
2222 8 31
2223 8 31
2224 8 31
2225 8 31
2226 8 31
2227 8 31
2228 8 31
2229 8 31
2230 8 31
2231 8 31
2232 8 31
2233 8 31
2234 8 31
2235 8 31
2236 8 31
2237 8 31
2238 8 31
2239 8 31
2240 8 31
2241 8 31
2242 8 31
2243 8 31
2244 8 31
2245 8 31
2246 8 31
2247 8 31
2248 8 31
2249 8 31
2250 8 31
2251 8 31
2252 8 31
2253 8 31
2254 8 31
2255 8 31
2256 8 31
2257 8 31
2258 8 31
2259 8 32
2260 8 32
2261 8 32
2262 8 32
2263 8 32
2264 8 32
2265 8 32
2266 8 32
2267 8 32
2268 8 32
2269 8 32
2270 8 32
2271 8 32
2272 8 32
2273 8 32
2274 8 32
2275 9 32
2276 9 32
2277 9 32
2278 9 32
2279 9 32
2280 9 32
2281 9 32
2282 9 32
2283 9 32
2284 9 32
2285 9 32
2286 9 32
2287 9 32
2288 9 32
2289 9 32
2290 9 32
2291 9 32
2292 9 32
2293 9 32
2294 9 32
2295 9 32
2296 9 32
2297 9 32
2298 9 32
2299 9 32
2300 9 32
2301 9 32
2302 9 32
2303 9 32
2304 9 32
2305 9 32
2306 9 32
2307 9 32
2308 9 32
2309 9 32
2310 9 32
2311 9 32
2312 9 32
2313 9 32
2314 9 32
2315 9 32
2316 9 33
2317 9 33
2318 9 33
2319 9 33
2320 9 33
2321 9 33
2322 9 33
2323 9 33
2324 9 33
2325 9 33
2326 9 33
2327 9 33
2328 9 33
2329 9 33
2330 9 33
2331 9 33
2332 9 33
2333 9 33
2334 9 33
2335 9 33
2336 9 33
2337 9 33
2338 9 33
2339 9 33
2340 10 33
2341 10 33
2342 10 33
2343 10 33
2344 10 33
2345 10 33
2346 10 33
2347 10 33
2348 10 33
2349 10 33
2350 10 33
2351 10 33
2352 10 33
2353 10 33
2354 10 33
2355 10 33
2356 10 33
2357 10 33
2358 10 33
2359 10 33
2360 10 33
2361 10 33
2362 10 33
2363 10 33
2364 10 33
2365 10 33
2366 10 34
2367 10 34
2368 10 34
2369 10 34
2370 10 34
2371 10 34
2372 10 34
2373 10 34
2374 10 34
2375 10 34
2376 10 34
2377 10 34
2378 10 34
2379 10 34
2380 10 34
2381 10 34
2382 10 34
2383 10 34
2384 10 34
2385 10 34
2386 10 34
2387 10 34
2388 10 34
2389 10 34
2390 10 34
2391 10 34
2392 10 34
2393 10 34
2394 10 34
2395 10 34
2396 10 34
2397 10 34
2398 10 34
2399 10 34
2400 10 34
2401 10 34
2402 10 34
2403 10 34
2404 10 34
2405 10 34
2406 10 34
2407 10 34
2408 10 34
2409 10 34
2410 11 34
2411 11 34
2412 11 34
2413 11 34
2414 11 34
2415 11 34
2416 11 34
2417 11 34
2418 11 34
2419 11 34
2420 11 34
2421 11 34
2422 11 34
2423 11 34
2424 11 34
2425 11 33
2426 11 33
2427 11 34
2428 11 34
2429 11 33
2430 11 33
2431 11 33
2432 11 34
2433 11 34
2434 11 34
2435 11 34
2436 11 34
2437 11 34
2438 11 34
2439 11 34
2440 11 34
2441 11 34
2442 11 34
2443 11 34
2444 11 34
2445 11 34
2446 11 34
2447 11 34
2448 11 35
2449 11 35
2450 11 35
2451 11 35
2452 11 35
2453 11 35
2454 11 35
2455 11 35
2456 11 35
2457 11 35
2458 11 35
2459 11 35
2460 11 35
2461 11 35
2462 11 35
2463 11 35
2464 11 35
2465 11 35
2466 11 35
2467 12 35
2468 12 35
2469 12 34
2470 12 34
2471 12 34
2472 12 34
2473 12 34
2474 12 34
2475 12 34
2476 12 34
2477 12 34
2478 12 34
2479 12 34
2480 12 34
2481 12 34
2482 12 34
2483 12 34
2484 12 34
2485 12 34
2486 12 34
2487 12 34
2488 12 34
2489 12 34
2490 12 34
2491 12 34
2492 12 35
2493 12 35
2494 12 35
2495 12 35
2496 12 35
2497 12 35
2498 12 35
2499 13 35
2500 13 35
2501 13 35
2502 13 35
2503 13 35
2504 13 35
2505 13 35
2506 13 35
2507 13 35
2508 13 35
2509 13 35
2510 13 35
2511 13 35
2512 13 35
2513 13 35
2514 13 35
2515 13 35
2516 13 35
2517 13 35
2518 13 35
2519 13 35
2520 13 35
2521 13 35
2522 13 35
2523 13 35
2524 13 35
2525 13 35
2526 13 35
2527 13 35
2528 13 35
2529 13 35
2530 13 35
2531 13 35
2532 14 35
2533 14 35
2534 14 35
2535 14 35
2536 14 35
2537 14 35
2538 14 35
2539 14 35
2540 14 35
2541 14 35
2542 14 35
2543 14 35
2544 14 35
2545 14 35
2546 14 35
2547 14 35
2548 14 35
2549 14 35
2550 14 35
2551 14 35
2552 14 35
2553 14 35
2554 14 35
2555 14 35
2556 14 35
2557 14 35
2558 14 35
2559 14 35
2560 14 35
2561 14 35
2562 14 35
2563 14 35
2564 14 35
2565 14 35
2566 14 35
2567 14 35
2568 14 35
2569 14 35
2570 14 35
2571 15 35
2572 15 35
2573 15 35
2574 15 35
2575 15 35
2576 15 35
2577 15 35
2578 15 35
2579 15 35
2580 15 35
2581 15 35
2582 15 35
2583 15 35
2584 15 35
2585 15 35
2586 15 35
2587 15 35
2588 15 35
2589 15 35
2590 15 35
2591 15 35
2592 15 35
2593 15 35
2594 15 35
2595 15 35
2596 16 35
2597 16 35
2598 16 35
2599 16 36
2600 16 36
2601 16 35
2602 16 36
2603 16 36
2604 16 36
2605 16 36
2606 16 36
2607 16 36
2608 16 36
2609 16 36
2610 16 36
2611 16 36
2612 16 36
2613 16 36
2614 16 36
2615 16 36
2616 16 36
2617 16 36
2618 16 36
2619 16 36
2620 16 36
2621 17 36
2622 17 36
2623 17 36
2624 17 36
2625 17 36
2626 17 36
2627 17 36
2628 17 36
2629 17 36
2630 17 36
2631 17 36
2632 17 36
2633 18 36
2634 18 36
2635 18 36
2636 18 36
2637 18 36
2638 18 36
2639 18 36
2640 18 36
2641 18 36
2642 18 36
2643 18 36
2644 18 36
2645 18 36
2646 18 36
2647 18 36
2648 19 36
2649 19 36
2650 19 36
2651 19 36
2652 19 36
2653 19 36
2654 19 36
2655 19 36
2656 19 36
2657 19 36
2658 19 36
2659 19 36
2660 19 36
2661 19 36
2662 19 36
2663 19 36
2664 19 36
2665 20 36
2666 20 36
2667 20 36
2668 20 36
2669 20 36
2670 20 36
2671 20 36
2672 20 36
2673 21 36
2674 21 36
2675 21 36
2676 21 36
2677 21 36
2678 21 36
2679 21 36
2680 22 36
2681 22 36
2682 22 36
2683 22 36
2684 22 36
2685 23 36
2686 23 36
2687 23 36
2688 23 36
2689 23 36
2690 23 36
2691 23 36
2692 23 36
2693 24 36
2694 24 36
2695 24 36
2696 24 36
2697 24 36
2698 24 36
2699 24 36
2700 24 36
2701 24 36
2702 24 36
2703 24 36
2704 24 36
2705 24 36
2706 25 36
2707 25 36
2708 25 36
2709 25 36
2710 25 36
2711 26 37
2712 26 37
2713 27 37
2714 27 37
2715 27 37
2716 27 37
2717 28 37
2718 28 37
2719 28 37
2720 28 36
2721 28 36
2722 29 37
2723 29 37
2724 29 37
2725 29 37
2726 29 37
2727 29 37
2728 29 37
2729 29 37
2730 30 37
2731 30 37
2732 31 37
2733 31 37
2734 32 37
2735 32 37
2736 33 37
2737 33 37
2738 33 37
2739 33 37
2740 34 37
2741 34 37
2742 34 37
2743 34 37
2744 34 37
2745 35 37
2746 35 37
2747 35 37
2748 35 37
2749 35 37
2750 35 37
2751 35 37
2752 35 37
2753 36 37
2754 36 37
2755 36 37
2756 37 37
2757 37 37
2758 38 37
2759 38 37
2760 38 37
2761 38 37
2762 39 37
2763 39 37
2764 40 37
2765 41 37
2766 42 37
2767 44 37
2768 44 37
2769 45 37
2770 47 37
2771 48 37
2772 48 37
2773 48 37
2774 50 37
2775 55 37
2776 56 37
2777 57 37
2778 61 37
2779 63 37
2780 65 37
2781 72 36
2782 84 37
2783 100 37
