0 0 0
1 0 0
2 0 0
3 0 0
4 0 0
5 0 0
6 0 0
7 0 0
8 0 0
9 0 0
10 0 0
11 0 0
12 0 0
13 0 0
14 0 0
15 0 0
16 0 0
17 0 0
18 0 0
19 0 0
20 0 0
21 0 0
22 0 0
23 0 0
24 0 0
25 0 0
26 0 0
27 0 0
28 0 0
29 0 0
30 0 0
31 0 0
32 0 0
33 0 0
34 0 0
35 0 0
36 0 0
37 0 0
38 0 0
39 0 0
40 0 0
41 0 0
42 0 0
43 0 0
44 0 0
45 0 0
46 0 0
47 0 0
48 0 0
49 0 0
50 0 0
51 0 0
52 0 0
53 0 0
54 0 0
55 0 0
56 0 0
57 0 0
58 0 0
59 0 0
60 0 0
61 0 0
62 0 0
63 0 0
64 0 0
65 0 0
66 0 0
67 0 0
68 0 0
69 0 0
70 0 0
71 0 0
72 0 0
73 0 0
74 0 0
75 0 0
76 0 0
77 0 0
78 0 0
79 0 0
80 0 0
81 0 0
82 0 0
83 0 0
84 0 0
85 0 0
86 0 0
87 0 0
88 0 0
89 0 0
90 0 0
91 0 0
92 0 0
93 0 0
94 0 0
95 0 0
96 0 0
97 0 0
98 0 0
99 0 0
100 0 0
101 0 0
102 0 0
103 0 0
104 0 0
105 0 0
106 0 0
107 0 0
108 0 0
109 0 0
110 0 0
111 0 0
112 0 0
113 0 0
114 0 0
115 0 0
116 0 0
117 0 0
118 0 0
119 0 0
120 0 0
121 0 0
122 0 0
123 0 0
124 0 0
125 0 0
126 0 0
127 0 0
128 0 0
129 0 0
130 0 0
131 0 0
132 0 0
133 0 0
134 0 0
135 0 0
136 0 0
137 0 0
138 0 0
139 0 0
140 0 0
141 0 0
142 0 0
143 0 0
144 0 0
145 0 0
146 0 0
147 0 0
148 0 0
149 0 0
150 0 0
151 0 0
152 0 0
153 0 0
154 0 0
155 0 0
156 0 0
157 0 0
158 0 0
159 0 0
160 0 0
161 0 0
162 0 0
163 0 0
164 0 0
165 0 0
166 0 0
167 0 0
168 0 0
169 0 0
170 0 0
171 0 0
172 0 0
173 0 0
174 0 0
175 0 0
176 0 0
177 0 0
178 0 0
179 0 0
180 0 0
181 0 0
182 0 0
183 0 0
184 0 0
185 0 0
186 0 0
187 0 0
188 0 0
189 0 0
190 0 0
191 0 0
192 0 0
193 0 0
194 0 0
195 0 0
196 0 0
197 0 0
198 0 0
199 0 0
200 0 0
201 0 0
202 0 0
203 0 0
204 0 0
205 0 0
206 0 0
207 0 0
208 0 0
209 0 0
210 0 0
211 0 0
212 0 0
213 0 0
214 0 0
215 0 0
216 0 0
217 0 0
218 0 0
219 0 0
220 0 0
221 0 0
222 0 0
223 0 0
224 0 0
225 0 0
226 0 0
227 0 0
228 0 0
229 0 0
230 0 0
231 0 0
232 0 0
233 0 0
234 0 0
235 0 0
236 0 0
237 0 0
238 0 0
239 0 0
240 0 0
241 0 0
242 0 0
243 0 0
244 0 0
245 0 0
246 0 0
247 0 0
248 0 0
249 0 0
250 0 0
251 0 0
252 0 0
253 0 0
254 0 0
255 0 0
256 0 0
257 0 0
258 0 0
259 0 0
260 0 0
261 0 0
262 0 0
263 0 0
264 0 0
265 0 0
266 0 0
267 0 0
268 0 0
269 0 0
270 0 0
271 0 0
272 0 0
273 0 0
274 0 0
275 0 0
276 0 0
277 0 0
278 0 0
279 0 0
280 0 0
281 0 0
282 0 0
283 0 0
284 0 0
285 0 0
286 0 0
287 0 0
288 0 0
289 0 0
290 0 0
291 0 0
292 0 0
293 0 0
294 0 0
295 0 0
296 0 0
297 0 0
298 0 0
299 0 0
300 0 0
301 0 0
302 0 0
303 0 0
304 0 0
305 0 0
306 0 0
307 0 0
308 0 0
309 0 0
310 0 0
311 0 0
312 0 0
313 0 0
314 0 0
315 0 0
316 0 0
317 0 0
318 0 0
319 0 0
320 0 0
321 0 0
322 0 0
323 0 0
324 0 0
325 0 0
326 0 0
327 0 0
328 0 0
329 0 0
330 0 0
331 0 0
332 0 0
333 0 0
334 0 0
335 0 0
336 0 0
337 0 0
338 0 0
339 0 0
340 0 0
341 0 0
342 0 0
343 0 0
344 0 0
345 0 0
346 0 0
347 0 0
348 0 0
349 0 0
350 0 0
351 0 0
352 0 0
353 0 0
354 0 0
355 0 0
356 0 0
357 0 0
358 0 0
359 0 0
360 0 0
361 0 0
362 0 0
363 0 0
364 0 0
365 0 0
366 0 0
367 0 0
368 0 0
369 0 0
370 0 0
371 0 0
372 0 0
373 0 0
374 0 0
375 0 0
376 0 0
377 0 0
378 0 0
379 0 0
380 0 0
381 0 0
382 0 0
383 0 0
384 0 0
385 0 0
386 0 0
387 0 0
388 0 0
389 0 0
390 0 0
391 0 0
392 0 0
393 0 0
394 0 0
395 0 0
396 0 0
397 0 0
398 0 0
399 0 0
400 0 0
401 0 0
402 0 0
403 0 0
404 0 0
405 0 0
406 0 0
407 0 0
408 0 0
409 0 0
410 0 0
411 0 0
412 0 0
413 0 0
414 0 0
415 0 0
416 0 0
417 0 0
418 0 0
419 0 0
420 0 0
421 0 0
422 0 0
423 0 0
424 0 0
425 0 0
426 0 0
427 0 0
428 0 0
429 0 0
430 0 0
431 0 0
432 0 0
433 0 0
434 0 0
435 0 0
436 0 0
437 0 0
438 0 0
439 0 0
440 0 0
441 0 0
442 0 0
443 0 0
444 0 0
445 0 0
446 0 0
447 0 0
448 0 0
449 0 0
450 0 0
451 0 0
452 0 0
453 0 0
454 0 0
455 0 0
456 0 0
457 0 0
458 0 0
459 0 0
460 0 0
461 0 0
462 0 0
463 0 0
464 0 0
465 0 0
466 0 0
467 0 0
468 0 0
469 0 0
470 0 0
471 0 0
472 0 0
473 0 0
474 0 0
475 0 0
476 0 0
477 0 0
478 0 0
479 0 0
480 0 0
481 0 0
482 0 0
483 0 0
484 0 0
485 0 0
486 0 0
487 0 0
488 0 0
489 0 0
490 0 0
491 0 0
492 0 0
493 0 0
494 0 0
495 0 0
496 0 0
497 0 0
498 0 0
499 0 0
500 0 0
501 0 0
502 0 0
503 0 0
504 0 0
505 0 0
506 0 0
507 0 0
508 0 0
509 0 0
510 0 0
511 0 0
512 0 0
513 0 0
514 0 0
515 0 0
516 0 0
517 0 0
518 0 0
519 0 0
520 0 0
521 0 0
522 0 0
523 0 0
524 0 0
525 0 0
526 0 0
527 0 0
528 0 0
529 0 0
530 0 0
531 0 0
532 0 0
533 0 0
534 0 0
535 0 0
536 0 0
537 0 0
538 0 0
539 0 0
540 0 0
541 0 0
542 0 0
543 0 0
544 0 0
545 0 0
546 0 0
547 0 0
548 0 0
549 0 0
550 0 0
551 0 0
552 0 0
553 0 0
554 0 0
555 0 0
556 0 0
557 0 0
558 0 0
559 0 0
560 0 0
561 0 0
562 0 0
563 0 0
564 0 0
565 0 0
566 0 0
567 0 0
568 0 0
569 0 0
570 0 0
571 0 1
572 0 1
573 0 1
574 0 1
575 0 1
576 0 1
577 0 1
578 0 1
579 0 1
580 0 1
581 0 1
582 0 1
583 0 1
584 0 1
585 0 1
586 0 1
587 0 1
588 0 1
589 0 1
590 0 1
591 0 1
592 0 1
593 0 1
594 0 1
595 0 1
596 0 1
597 0 1
598 0 1
599 0 1
600 0 1
601 0 1
602 0 1
603 0 1
604 0 1
605 0 1
606 0 1
607 0 1
608 0 1
609 0 1
610 0 1
611 0 1
612 0 1
613 0 1
614 0 1
615 0 1
616 0 1
617 0 1
618 0 1
619 0 1
620 0 1
621 0 1
622 0 1
623 0 1
624 0 1
625 0 1
626 0 1
627 0 1
628 0 1
629 0 1
630 0 1
631 0 1
632 0 1
633 0 1
634 0 1
635 0 1
636 0 1
637 0 1
638 0 1
639 0 1
640 0 2
641 0 2
642 0 2
643 0 2
644 0 2
645 0 2
646 0 2
647 0 2
648 0 2
649 0 2
650 0 2
651 0 2
652 0 2
653 0 2
654 0 2
655 0 2
656 0 2
657 0 2
658 0 2
659 0 2
660 0 2
661 0 2
662 0 2
663 0 3
664 0 3
665 0 3
666 0 3
667 0 3
668 0 3
669 0 3
670 0 3
671 0 3
672 0 3
673 0 3
674 0 3
675 0 3
676 0 3
677 0 3
678 0 3
679 0 3
680 0 3
681 0 4
682 0 4
683 0 4
684 0 4
685 0 4
686 0 4
687 1 4
688 1 4
689 1 4
690 1 4
691 1 4
692 1 4
693 1 4
694 1 4
695 1 4
696 1 4
697 1 4
698 1 4
699 1 4
700 1 4
701 1 4
702 1 4
703 1 4
704 1 4
705 1 4
706 1 4
707 1 4
708 1 4
709 1 4
710 1 4
711 1 4
712 1 4
713 1 4
714 1 4
715 1 4
716 1 4
717 1 5
718 1 6
719 1 6
720 1 6
721 1 6
722 1 6
723 1 6
724 1 6
725 1 6
726 1 6
727 1 6
728 1 6
729 1 6
730 1 6
731 1 6
732 1 6
733 1 6
734 1 6
735 1 6
736 1 6
737 1 6
738 1 6
739 1 6
740 1 6
741 1 6
742 1 6
743 1 6
744 1 6
745 1 6
746 1 6
747 1 6
748 1 6
749 1 6
750 1 6
751 1 6
752 1 6
753 1 6
754 1 7
755 1 7
756 1 7
757 1 7
758 1 7
759 1 7
760 1 7
761 1 7
762 1 7
763 1 7
764 1 7
765 1 6
766 1 6
767 1 6
768 1 6
769 1 6
770 1 6
771 1 6
772 1 6
773 1 6
774 1 7
775 1 7
776 1 7
777 1 7
778 1 7
779 1 7
780 1 7
781 1 7
782 1 7
783 1 7
784 1 8
785 1 8
786 1 8
787 1 8
788 1 8
789 1 8
790 1 8
791 1 8
792 1 8
793 1 8
794 1 8
795 1 8
796 1 8
797 1 8
798 1 8
799 1 8
800 1 8
801 1 8
802 1 8
803 1 8
804 1 8
805 1 8
806 1 8
807 1 8
808 1 8
809 1 8
810 1 8
811 1 8
812 1 8
813 1 8
814 1 8
815 1 8
816 1 8
817 1 9
818 1 9
819 1 9
820 1 9
821 1 9
822 1 9
823 1 9
824 1 9
825 1 9
826 1 9
827 1 9
828 1 9
829 1 9
830 1 8
831 1 8
832 1 8
833 1 8
834 1 8
835 1 8
836 1 8
837 1 8
838 1 8
839 1 8
840 1 8
841 1 8
842 1 8
843 1 8
844 1 8
845 1 8
846 1 9
847 1 9
848 1 9
849 1 9
850 1 9
851 1 9
852 1 9
853 1 9
854 1 9
855 1 9
856 1 9
857 1 9
858 1 9
859 1 9
860 1 9
861 1 9
862 1 9
863 1 9
864 1 10
865 1 10
866 1 9
867 1 9
868 1 9
869 1 9
870 1 9
871 1 9
872 1 9
873 1 9
874 1 9
875 1 9
876 1 9
877 1 9
878 1 9
879 1 9
880 1 9
881 1 9
882 1 9
883 1 9
884 1 9
885 1 9
886 1 9
887 1 9
888 1 9
889 1 9
890 1 9
891 1 9
892 1 9
893 1 9
894 1 9
895 1 9
896 1 9
897 1 9
898 1 9
899 1 9
900 1 9
901 1 9
902 1 10
903 1 10
904 1 10
905 1 10
906 1 10
907 1 10
908 1 10
909 1 10
910 1 10
911 1 10
912 1 10
913 1 10
914 1 10
915 1 10
916 1 10
917 1 10
918 1 10
919 1 10
920 1 10
921 1 10
922 1 10
923 1 10
924 1 10
925 1 10
926 1 10
927 1 10
928 1 10
929 1 10
930 1 10
931 1 10
932 1 10
933 1 10
934 1 10
935 1 10
936 1 10
937 1 10
938 1 10
939 1 10
940 1 10
941 1 10
942 1 10
943 1 10
944 1 10
945 1 10
946 1 10
947 1 10
948 1 10
949 1 10
950 1 10
951 1 10
952 1 10
953 1 10
954 1 10
955 1 10
956 1 10
957 1 10
958 1 10
959 1 10
960 1 10
961 1 10
962 1 10
963 1 10
964 1 10
965 1 10
966 1 10
967 1 10
968 1 10
969 1 10
970 1 10
971 1 10
972 1 10
973 1 10
974 1 10
975 1 10
976 1 10
977 1 10
978 1 10
979 1 10
980 1 10
981 1 10
982 1 10
983 1 10
984 1 9
985 1 10
986 1 10
987 1 10
988 1 10
989 1 10
990 1 10
991 1 10
992 1 10
993 1 10
994 1 10
995 1 10
996 1 10
997 1 10
998 1 10
999 1 10
1000 1 10
1001 1 10
1002 1 10
1003 1 10
1004 1 10
1005 1 10
1006 1 10
1007 1 10
1008 1 10
1009 1 10
1010 1 10
1011 1 10
1012 1 10
1013 1 10
1014 1 10
1015 1 10
1016 1 10
1017 1 10
1018 1 10
1019 1 10
1020 1 10
1021 1 10
1022 1 10
1023 1 10
1024 1 10
1025 1 10
1026 1 10
1027 1 10
1028 1 10
1029 1 10
1030 1 10
1031 1 10
1032 1 10
1033 1 10
1034 1 10
1035 1 10
1036 1 10
1037 1 10
1038 1 10
1039 1 10
1040 1 10
1041 1 10
1042 1 10
1043 1 10
1044 1 10
1045 1 10
1046 1 10
1047 1 10
1048 1 10
1049 1 10
1050 1 10
1051 1 10
1052 1 10
1053 1 10
1054 1 10
1055 1 10
1056 1 10
1057 1 10
1058 1 10
1059 1 10
1060 1 10
1061 1 10
1062 1 10
1063 1 10
1064 1 10
1065 1 10
1066 1 10
1067 1 10
1068 1 10
1069 1 10
1070 1 10
1071 1 10
1072 1 10
1073 1 10
1074 1 10
1075 1 10
1076 1 10
1077 1 10
1078 1 11
1079 1 11
1080 1 11
1081 1 11
1082 1 11
1083 1 11
1084 1 10
1085 1 10
1086 1 10
1087 1 10
1088 1 10
1089 1 10
1090 1 10
1091 1 10
1092 1 10
1093 1 10
1094 1 10
1095 1 10
1096 1 10
1097 1 10
1098 1 10
1099 1 10
1100 1 10
1101 1 10
1102 1 10
1103 1 11
1104 1 11
1105 1 11
1106 1 11
1107 1 11
1108 1 11
1109 1 11
1110 1 11
1111 1 11
1112 1 11
1113 1 11
1114 1 11
1115 1 11
1116 1 11
1117 1 11
1118 1 11
1119 1 11
1120 1 11
1121 1 11
1122 1 11
1123 1 11
1124 1 11
1125 1 11
1126 1 11
1127 1 11
1128 1 11
1129 1 11
1130 1 11
1131 1 10
1132 1 10
1133 1 10
1134 1 10
1135 1 10
1136 1 10
1137 1 10
1138 1 10
1139 2 10
1140 2 10
1141 2 10
1142 2 10
1143 2 10
1144 2 10
1145 2 10
1146 2 10
1147 2 10
1148 2 10
1149 2 10
1150 2 10
1151 2 10
1152 2 10
1153 2 10
1154 2 10
1155 2 10
1156 2 10
1157 2 10
1158 2 10
1159 2 10
1160 2 10
1161 2 10
1162 2 10
1163 2 10
1164 2 10
1165 2 10
1166 2 10
1167 2 10
1168 2 10
1169 2 10
1170 2 10
1171 2 10
1172 2 10
1173 2 10
1174 2 10
1175 2 10
1176 2 10
1177 2 10
1178 2 10
1179 2 10
1180 2 10
1181 2 10
1182 2 10
1183 2 10
1184 2 10
1185 2 10
1186 2 10
1187 2 10
1188 2 10
1189 2 10
1190 2 10
1191 2 10
1192 2 10
1193 2 10
1194 2 10
1195 2 10
1196 2 10
1197 2 10
1198 2 10
1199 2 10
1200 2 10
1201 2 10
1202 2 10
1203 2 10
1204 2 10
1205 2 10
1206 2 10
1207 2 10
1208 2 10
1209 2 10
1210 2 10
1211 2 10
1212 2 10
1213 2 10
1214 2 10
1215 2 10
1216 2 10
1217 2 10
1218 2 10
1219 2 10
1220 2 10
1221 2 10
1222 2 10
1223 2 10
1224 2 10
1225 2 10
1226 2 10
1227 2 10
1228 2 10
1229 2 10
1230 2 10
1231 2 10
1232 2 10
1233 2 10
1234 2 10
1235 2 10
1236 2 10
1237 2 10
1238 2 10
1239 2 10
1240 2 10
1241 2 10
1242 2 10
1243 2 10
1244 2 10
1245 2 10
1246 2 10
1247 2 10
1248 2 9
1249 2 9
1250 2 9
1251 2 9
1252 2 9
1253 2 9
1254 2 9
1255 2 9
1256 2 9
1257 2 9
1258 2 9
1259 2 9
1260 2 9
1261 2 9
1262 2 9
1263 2 9
1264 2 9
1265 2 9
1266 2 10
1267 2 10
1268 2 10
1269 2 10
1270 2 10
1271 2 10
1272 2 10
1273 2 10
1274 2 10
1275 2 10
1276 2 10
1277 2 10
1278 2 10
1279 2 10
1280 2 10
1281 2 10
1282 2 10
1283 2 10
1284 2 10
1285 2 10
1286 2 10
1287 2 10
1288 2 10
1289 2 10
1290 2 10
1291 2 10
1292 2 10
1293 2 10
1294 2 10
1295 2 10
1296 2 10
1297 2 10
1298 2 10
1299 2 10
1300 2 10
1301 2 10
1302 2 10
1303 2 10
1304 2 10
1305 2 10
1306 2 10
1307 2 10
1308 2 10
1309 2 10
1310 2 10
1311 2 10
1312 2 10
1313 2 10
1314 2 10
1315 2 10
1316 2 10
1317 2 10
1318 2 10
1319 2 10
1320 2 10
1321 2 10
1322 2 10
1323 2 10
1324 2 10
1325 2 10
1326 2 10
1327 2 10
1328 2 10
1329 2 10
1330 2 10
1331 2 10
1332 2 10
1333 2 10
1334 2 10
1335 2 10
1336 2 9
1337 2 9
1338 2 9
1339 2 10
1340 2 10
1341 2 10
1342 2 10
1343 2 10
1344 2 10
1345 2 10
1346 2 10
1347 2 10
1348 2 10
1349 2 10
1350 2 10
1351 2 10
1352 2 10
1353 2 10
1354 2 10
1355 2 10
1356 2 10
1357 2 10
1358 2 10
1359 2 10
1360 2 10
1361 2 10
1362 2 10
1363 2 10
1364 2 10
1365 2 10
1366 2 10
1367 2 10
1368 2 10
1369 2 10
1370 2 10
1371 2 10
1372 2 10
1373 2 10
1374 2 10
1375 2 10
1376 2 10
1377 2 10
1378 2 10
1379 2 10
1380 2 10
1381 2 10
1382 2 10
1383 2 10
1384 2 10
1385 2 10
1386 2 9
1387 2 9
1388 2 9
1389 2 9
1390 2 9
1391 2 9
1392 2 9
1393 2 9
1394 2 9
1395 2 9
1396 2 9
1397 2 9
1398 2 9
1399 2 9
1400 2 9
1401 2 9
1402 2 9
1403 2 9
1404 2 9
1405 2 9
1406 2 9
1407 2 9
1408 2 9
1409 2 9
1410 2 9
1411 2 9
1412 2 9
1413 2 9
1414 2 9
1415 2 9
1416 2 9
1417 2 9
1418 2 9
1419 2 9
1420 2 9
1421 2 9
1422 2 9
1423 2 9
1424 2 9
1425 2 9
1426 2 9
1427 2 9
1428 2 9
1429 2 9
1430 2 9
1431 2 9
1432 2 9
1433 2 9
1434 2 9
1435 2 9
1436 2 9
1437 2 9
1438 2 9
1439 2 9
1440 2 9
1441 2 9
1442 2 9
1443 2 9
1444 2 9
1445 2 9
1446 2 9
1447 2 9
1448 2 9
1449 2 9
1450 2 9
1451 2 9
1452 2 9
1453 2 9
1454 2 9
1455 2 9
1456 2 9
1457 2 9
1458 2 9
1459 2 9
1460 2 9
1461 2 9
1462 2 9
1463 2 9
1464 2 9
1465 3 9
1466 3 9
1467 3 9
1468 3 9
1469 3 9
1470 3 9
1471 3 9
1472 3 9
1473 3 9
1474 3 9
1475 3 9
1476 3 9
1477 3 9
1478 3 9
1479 3 9
1480 3 9
1481 3 9
1482 3 9
1483 3 9
1484 3 9
1485 3 9
1486 3 9
1487 3 9
1488 3 9
1489 3 9
1490 3 9
1491 3 10
1492 3 10
1493 3 10
1494 3 10
1495 3 10
1496 3 10
1497 3 10
1498 3 10
1499 3 10
1500 3 10
1501 3 10
1502 3 10
1503 3 10
1504 3 10
1505 3 10
1506 3 10
1507 3 10
1508 3 10
1509 3 10
1510 3 10
1511 3 10
1512 3 10
1513 3 10
1514 3 10
1515 3 10
1516 3 10
1517 3 10
1518 3 10
1519 3 10
1520 3 10
1521 3 10
1522 3 10
1523 3 10
1524 3 10
1525 3 10
1526 3 10
1527 3 10
1528 3 10
1529 3 10
1530 3 10
1531 3 10
1532 3 10
1533 3 10
1534 3 10
1535 3 10
1536 3 10
1537 3 10
1538 3 10
1539 3 10
1540 3 10
1541 3 10
1542 3 10
1543 3 10
1544 3 10
1545 3 10
1546 3 10
1547 3 10
1548 3 10
1549 3 10
1550 3 10
1551 3 10
1552 3 10
1553 3 10
1554 3 10
1555 3 10
1556 3 10
1557 3 10
1558 3 10
1559 3 10
1560 3 10
1561 3 10
1562 3 10
1563 3 10
1564 3 10
1565 3 10
1566 3 10
1567 3 10
1568 3 10
1569 3 10
1570 3 10
1571 3 10
1572 3 10
1573 3 10
1574 3 11
1575 3 11
1576 3 11
1577 3 11
1578 3 11
1579 3 11
1580 3 11
1581 3 11
1582 3 11
1583 3 11
1584 3 11
1585 3 11
1586 3 11
1587 3 11
1588 3 11
1589 3 11
1590 3 11
1591 3 11
1592 3 11
1593 3 11
1594 3 11
1595 3 11
1596 3 11
1597 3 11
1598 3 11
1599 3 11
1600 3 11
1601 3 11
1602 3 11
1603 3 11
1604 3 11
1605 3 11
1606 3 11
1607 3 11
1608 3 11
1609 3 11
1610 3 11
1611 3 11
1612 3 11
1613 3 11
1614 3 11
1615 3 11
1616 3 11
1617 3 11
1618 3 11
1619 3 11
1620 3 11
1621 3 11
1622 3 11
1623 3 11
1624 3 11
1625 3 11
1626 3 11
1627 3 11
1628 3 11
1629 3 11
1630 3 12
1631 3 12
1632 3 12
1633 3 12
1634 3 12
1635 3 12
1636 3 12
1637 3 12
1638 3 12
1639 3 12
1640 3 12
1641 3 12
1642 3 12
1643 3 12
1644 3 12
1645 3 12
1646 3 12
1647 3 12
1648 3 12
1649 3 12
1650 3 12
1651 3 12
1652 3 13
1653 3 13
1654 3 13
1655 3 13
1656 3 13
1657 3 13
1658 3 13
1659 3 13
1660 3 13
1661 3 13
1662 3 13
1663 3 13
1664 3 13
1665 3 13
1666 3 13
1667 3 13
1668 3 13
1669 3 13
1670 3 13
1671 3 13
1672 3 13
1673 3 13
1674 4 13
1675 4 13
1676 4 13
1677 4 13
1678 4 13
1679 4 13
1680 4 13
1681 4 13
1682 4 13
1683 4 13
1684 4 13
1685 4 13
1686 4 13
1687 4 13
1688 4 13
1689 4 13
1690 4 13
1691 4 13
1692 4 13
1693 4 13
1694 4 13
1695 4 13
1696 4 13
1697 4 13
1698 4 13
1699 4 13
1700 4 13
1701 4 13
1702 4 13
1703 4 13
1704 4 13
1705 4 13
1706 4 13
1707 4 13
1708 4 13
1709 4 13
1710 4 13
1711 4 13
1712 4 13
1713 4 13
1714 4 13
1715 4 13
1716 4 13
1717 4 13
1718 4 14
1719 4 14
1720 4 14
1721 4 14
1722 4 14
1723 4 14
1724 4 14
1725 4 14
1726 4 14
1727 4 14
1728 4 14
1729 4 13
1730 4 13
1731 4 13
1732 4 13
1733 4 13
1734 4 13
1735 4 13
1736 4 13
1737 4 13
1738 4 14
1739 4 14
1740 4 14
1741 4 14
1742 4 14
1743 4 14
1744 4 14
1745 4 14
1746 4 14
1747 4 14
1748 4 14
1749 4 15
1750 4 15
1751 4 15
1752 4 15
1753 4 15
1754 4 15
1755 4 15
1756 4 15
1757 4 15
1758 4 15
1759 4 15
1760 4 15
1761 4 15
1762 4 15
1763 4 15
1764 4 15
1765 4 15
1766 4 15
1767 4 15
1768 4 15
1769 4 15
1770 4 15
1771 4 15
1772 4 15
1773 4 15
1774 4 15
1775 4 15
1776 4 15
1777 4 15
1778 4 15
1779 4 15
1780 4 15
1781 4 15
1782 4 15
1783 4 15
1784 4 15
1785 4 15
1786 4 16
1787 4 16
1788 4 16
1789 4 15
1790 4 16
1791 4 16
1792 4 16
1793 4 16
1794 4 16
1795 4 16
1796 4 16
1797 4 16
1798 4 16
1799 4 16
1800 4 16
1801 4 16
1802 4 16
1803 4 16
1804 4 16
1805 4 16
1806 4 16
1807 4 16
1808 4 16
1809 4 16
1810 4 16
1811 4 16
1812 4 16
1813 4 16
1814 4 16
1815 4 16
1816 4 16
1817 4 16
1818 4 16
1819 4 16
1820 4 16
1821 4 16
1822 4 16
1823 4 16
1824 4 16
1825 4 16
1826 4 16
1827 4 16
1828 4 16
1829 4 16
1830 4 16
1831 4 16
1832 4 16
1833 4 16
1834 4 16
1835 4 16
1836 4 16
1837 4 16
1838 4 16
1839 4 16
1840 4 16
1841 4 16
1842 4 16
1843 4 16
1844 4 16
1845 4 16
1846 4 16
1847 4 17
1848 4 17
1849 4 17
1850 5 17
1851 5 17
1852 5 17
1853 5 17
1854 5 17
1855 5 17
1856 5 17
1857 5 17
1858 5 17
1859 5 17
1860 5 17
1861 5 17
1862 5 17
1863 5 17
1864 5 17
1865 5 17
1866 5 17
1867 5 18
1868 5 18
1869 5 18
1870 5 18
1871 5 18
1872 5 18
1873 5 18
1874 5 18
1875 5 18
1876 5 18
1877 5 18
1878 5 18
1879 5 18
1880 5 18
1881 5 18
1882 5 18
1883 5 18
1884 5 18
1885 5 18
1886 5 18
1887 5 18
1888 5 18
1889 5 18
1890 5 18
1891 5 18
1892 5 18
1893 5 18
1894 5 18
1895 5 18
1896 5 18
1897 5 18
1898 5 18
1899 5 18
1900 5 18
1901 5 18
1902 5 18
1903 5 18
1904 5 18
1905 5 18
1906 5 18
1907 5 18
1908 5 18
1909 5 18
1910 5 18
1911 5 18
1912 5 18
1913 5 18
1914 5 18
1915 5 18
1916 5 18
1917 5 18
1918 5 18
1919 5 18
1920 5 18
1921 5 18
1922 5 18
1923 5 18
1924 5 18
1925 5 18
1926 5 18
1927 5 18
1928 5 18
1929 5 18
1930 5 18
1931 5 18
1932 5 18
1933 5 18
1934 5 18
1935 5 18
1936 5 18
1937 5 19
1938 5 19
1939 5 19
1940 5 19
1941 5 19
1942 5 19
1943 5 19
1944 5 19
1945 5 19
1946 5 19
1947 5 19
1948 5 19
1949 5 19
1950 5 19
1951 5 19
1952 5 19
1953 5 19
1954 5 19
1955 5 19
1956 5 19
1957 5 19
1958 5 19
1959 5 19
1960 5 19
1961 5 19
1962 5 19
1963 5 19
1964 5 19
1965 5 19
1966 5 19
1967 5 19
1968 5 19
1969 5 19
1970 5 19
1971 5 19
1972 5 19
1973 5 19
1974 5 19
1975 5 19
1976 5 19
1977 5 19
1978 5 19
1979 5 19
1980 5 19
1981 5 19
1982 5 19
1983 5 19
1984 5 19
1985 5 19
1986 5 19
1987 5 19
1988 5 19
1989 5 19
1990 5 19
1991 5 19
1992 5 20
1993 5 20
1994 5 20
1995 5 20
1996 5 20
1997 5 20
1998 6 20
1999 6 20
2000 6 20
2001 6 20
2002 6 20
2003 6 20
2004 6 20
2005 6 20
2006 6 20
2007 6 20
2008 6 20
2009 6 20
2010 6 20
2011 6 20
2012 6 20
2013 6 20
2014 6 20
2015 6 20
2016 6 20
2017 6 20
2018 6 20
2019 6 20
2020 6 20
2021 6 20
2022 6 20
2023 6 20
2024 6 20
2025 6 20
2026 6 20
2027 6 20
2028 6 20
2029 6 20
2030 6 20
2031 6 20
2032 6 20
2033 6 20
2034 6 20
2035 6 20
2036 6 20
2037 6 20
2038 6 20
2039 6 20
2040 6 20
2041 6 20
2042 6 20
2043 6 20
2044 6 20
2045 6 20
2046 6 20
2047 6 20
2048 6 20
2049 6 20
2050 6 20
2051 6 20
2052 6 20
2053 6 20
2054 6 20
2055 6 20
2056 6 20
2057 6 20
2058 6 20
2059 6 20
2060 6 20
2061 6 20
2062 6 21
2063 6 21
2064 6 21
2065 6 21
2066 6 21
2067 6 21
2068 6 21
2069 6 21
2070 6 21
2071 6 21
2072 6 21
2073 6 21
2074 6 21
2075 6 21
2076 6 21
2077 6 21
2078 6 21
2079 6 21
2080 6 21
2081 6 21
2082 6 21
2083 6 21
2084 6 22
2085 6 22
2086 6 22
2087 6 22
2088 6 22
2089 6 22
2090 6 22
2091 6 22
2092 6 22
2093 6 22
2094 6 22
2095 6 22
2096 6 22
2097 6 22
2098 6 22
2099 6 22
2100 6 22
2101 6 22
2102 6 22
2103 6 22
2104 6 22
2105 6 22
2106 6 22
2107 6 22
2108 6 22
2109 6 22
2110 6 22
2111 6 22
2112 6 22
2113 6 22
2114 6 22
2115 6 22
2116 6 22
2117 6 22
2118 7 22
2119 7 22
2120 7 22
2121 7 22
2122 7 22
2123 7 22
2124 7 22
2125 7 22
2126 7 22
2127 7 22
2128 7 22
2129 7 22
2130 7 22
2131 7 22
2132 7 23
2133 7 23
2134 7 23
2135 7 23
2136 7 23
2137 7 23
2138 7 23
2139 7 23
2140 7 23
2141 7 23
2142 7 23
2143 7 23
2144 7 23
2145 7 23
2146 7 23
2147 7 23
2148 7 23
2149 7 23
2150 7 23
2151 7 23
2152 7 23
2153 7 23
2154 7 23
2155 7 23
2156 7 23
2157 7 23
2158 7 23
2159 7 23
2160 7 23
2161 7 23
2162 7 23
2163 7 23
2164 7 23
2165 7 23
2166 7 23
2167 7 23
2168 7 23
2169 7 23
2170 7 23
2171 7 23
2172 7 23
2173 7 23
2174 7 23
2175 7 23
2176 7 23
2177 7 23
2178 7 23
2179 7 23
2180 7 24
2181 7 24
2182 7 24
2183 7 24
2184 7 24
2185 7 24
2186 7 24
2187 7 24
2188 7 24
2189 7 24
2190 7 24
2191 7 24
2192 7 24
2193 7 24
2194 7 24
2195 7 24
2196 7 24
2197 7 24
2198 7 24
2199 7 24
2200 7 24
2201 7 24
2202 7 24
2203 7 24
2204 7 24
2205 7 24
2206 7 24
2207 7 24
2208 8 24
2209 8 24
2210 8 24
2211 8 24
2212 8 24
2213 8 24
2214 8 24
2215 8 24
2216 8 24
2217 8 24
2218 8 24
2219 8 25
2220 8 25
2221 8 25
2222 8 25
2223 8 25
2224 8 25
2225 8 25
2226 8 25
2227 8 25
2228 8 25
2229 8 25
2230 8 25
2231 8 25
2232 8 25
2233 8 25
2234 8 25
2235 8 25
2236 8 25
2237 8 25
2238 8 25
2239 8 25
2240 8 25
2241 8 25
2242 8 25
2243 8 25
2244 8 26
2245 8 26
2246 8 26
2247 8 26
2248 8 26
2249 8 26
2250 8 26
2251 8 26
2252 8 26
2253 8 26
2254 8 26
2255 8 26
2256 8 26
2257 8 26
2258 8 26
2259 8 26
2260 8 26
2261 8 26
2262 8 27
2263 8 27
2264 8 27
2265 8 27
2266 8 27
2267 8 27
2268 8 27
2269 8 27
2270 8 27
2271 8 27
2272 8 27
2273 8 27
2274 8 27
2275 9 27
2276 9 27
2277 9 27
2278 9 27
2279 9 27
2280 9 27
2281 9 27
2282 9 27
2283 9 27
2284 9 27
2285 9 27
2286 9 27
2287 9 27
2288 9 27
2289 9 27
2290 9 27
2291 9 27
2292 9 27
2293 9 27
2294 9 27
2295 9 27
2296 9 27
2297 9 27
2298 9 27
2299 9 27
2300 9 27
2301 9 27
2302 9 27
2303 9 28
2304 9 28
2305 9 28
2306 9 28
2307 9 28
2308 9 28
2309 9 28
2310 9 28
2311 9 28
2312 9 28
2313 9 28
2314 9 28
2315 9 28
2316 9 28
2317 9 28
2318 9 28
2319 9 28
2320 9 28
2321 9 28
2322 9 28
2323 9 28
2324 9 28
2325 9 28
2326 9 28
2327 9 28
2328 9 28
2329 9 28
2330 9 28
2331 9 28
2332 9 28
2333 9 28
2334 9 28
2335 9 28
2336 9 29
2337 9 29
2338 9 29
2339 9 29
2340 10 29
2341 10 29
2342 10 29
2343 10 29
2344 10 29
2345 10 29
2346 10 29
2347 10 29
2348 10 29
2349 10 29
2350 10 29
2351 10 29
2352 10 29
2353 10 29
2354 10 29
2355 10 29
2356 10 29
2357 10 29
2358 10 29
2359 10 29
2360 10 30
2361 10 30
2362 10 30
2363 10 30
2364 10 30
2365 10 30
2366 10 30
2367 10 30
2368 10 30
2369 10 30
2370 10 30
2371 10 30
2372 10 30
2373 10 30
2374 10 30
2375 10 30
2376 10 30
2377 10 30
2378 10 30
2379 10 30
2380 10 30
2381 10 30
2382 10 30
2383 10 30
2384 10 30
2385 10 30
2386 10 30
2387 10 30
2388 10 30
2389 10 30
2390 10 30
2391 10 30
2392 10 30
2393 10 30
2394 10 30
2395 10 31
2396 10 31
2397 10 31
2398 10 31
2399 10 31
2400 10 31
2401 10 31
2402 10 31
2403 10 31
2404 10 31
2405 10 31
2406 10 31
2407 10 31
2408 10 31
2409 10 31
2410 11 31
2411 11 31
2412 11 31
2413 11 31
2414 11 31
2415 11 31
2416 11 31
2417 11 31
2418 11 31
2419 11 31
2420 11 31
2421 11 31
2422 11 31
2423 11 31
2424 11 31
2425 11 31
2426 11 31
2427 11 32
2428 11 32
2429 11 32
2430 11 32
2431 11 32
2432 11 32
2433 11 32
2434 11 32
2435 11 32
2436 11 32
2437 11 32
2438 11 32
2439 11 32
2440 11 32
2441 11 32
2442 11 32
2443 11 32
2444 11 32
2445 11 32
2446 11 32
2447 11 32
2448 11 33
2449 11 33
2450 11 33
2451 11 33
2452 11 33
2453 11 33
2454 11 33
2455 11 33
2456 11 33
2457 11 33
2458 11 33
2459 11 33
2460 11 33
2461 11 33
2462 11 33
2463 11 33
2464 11 33
2465 11 33
2466 11 33
2467 12 33
2468 12 33
2469 12 33
2470 12 34
2471 12 34
2472 12 34
2473 12 34
2474 12 34
2475 12 34
2476 12 34
2477 12 34
2478 12 34
2479 12 34
2480 12 34
2481 12 34
2482 12 34
2483 12 34
2484 12 34
2485 12 34
2486 12 34
2487 12 34
2488 12 34
2489 12 34
2490 12 34
2491 12 34
2492 12 34
2493 12 34
2494 12 34
2495 12 34
2496 12 34
2497 12 34
2498 12 34
2499 13 34
2500 13 34
2501 13 34
2502 13 34
2503 13 35
2504 13 35
2505 13 35
2506 13 35
2507 13 35
2508 13 35
2509 13 35
2510 13 35
2511 13 35
2512 13 35
2513 13 35
2514 13 35
2515 13 35
2516 13 35
2517 13 36
2518 13 36
2519 13 36
2520 13 36
2521 13 36
2522 13 36
2523 13 36
2524 13 36
2525 13 36
2526 13 36
2527 13 36
2528 13 36
2529 13 36
2530 13 36
2531 13 36
2532 14 36
2533 14 36
2534 14 36
2535 14 36
2536 14 37
2537 14 37
2538 14 37
2539 14 37
2540 14 37
2541 14 37
2542 14 37
2543 14 37
2544 14 37
2545 14 37
2546 14 37
2547 14 37
2548 14 37
2549 14 37
2550 14 37
2551 14 37
2552 14 37
2553 14 37
2554 14 37
2555 14 37
2556 14 37
2557 14 37
2558 14 38
2559 14 38
2560 14 38
2561 14 38
2562 14 38
2563 14 38
2564 14 38
2565 14 38
2566 14 38
2567 14 38
2568 14 38
2569 14 38
2570 14 38
2571 15 38
2572 15 38
2573 15 38
2574 15 38
2575 15 38
2576 15 38
2577 15 38
2578 15 38
2579 15 38
2580 15 38
2581 15 38
2582 15 38
2583 15 39
2584 15 39
2585 15 39
2586 15 39
2587 15 39
2588 15 39
2589 15 39
2590 15 39
2591 15 39
2592 15 39
2593 15 39
2594 15 39
2595 15 39
2596 16 39
2597 16 39
2598 16 39
2599 16 39
2600 16 39
2601 16 39
2602 16 39
2603 16 39
2604 16 39
2605 16 40
2606 16 40
2607 16 40
2608 16 40
2609 16 40
2610 16 40
2611 16 40
2612 16 40
2613 16 40
2614 16 40
2615 16 40
2616 16 40
2617 16 40
2618 16 40
2619 16 40
2620 16 40
2621 17 40
2622 17 40
2623 17 40
2624 17 40
2625 17 40
2626 17 40
2627 17 40
2628 17 40
2629 17 40
2630 17 40
2631 17 40
2632 17 40
2633 18 40
2634 18 40
2635 18 40
2636 18 40
2637 18 40
2638 18 40
2639 18 40
2640 18 40
2641 18 40
2642 18 40
2643 18 40
2644 18 40
2645 18 40
2646 18 40
2647 18 40
2648 19 40
2649 19 41
2650 19 41
2651 19 41
2652 19 41
2653 19 41
2654 19 41
2655 19 41
2656 19 41
2657 19 41
2658 19 41
2659 19 41
2660 19 41
2661 19 41
2662 19 41
2663 19 41
2664 19 41
2665 20 41
2666 20 41
2667 20 41
2668 20 41
2669 20 41
2670 20 41
2671 20 41
2672 20 41
2673 21 41
2674 21 41
2675 21 42
2676 21 42
2677 21 42
2678 21 42
2679 21 42
2680 22 42
2681 22 42
2682 22 42
2683 22 42
2684 22 42
2685 23 42
2686 23 42
2687 23 42
2688 23 42
2689 23 42
2690 23 42
2691 23 42
2692 23 42
2693 24 42
2694 24 42
2695 24 42
2696 24 42
2697 24 42
2698 24 42
2699 24 42
2700 24 42
2701 24 42
2702 24 43
2703 24 43
2704 24 43
2705 24 43
2706 25 43
2707 25 43
2708 25 43
2709 25 43
2710 25 43
2711 26 43
2712 26 43
2713 27 43
2714 27 43
2715 27 43
2716 27 43
2717 28 43
2718 28 43
2719 28 43
2720 28 43
2721 28 43
2722 29 44
2723 29 44
2724 29 44
2725 29 44
2726 29 44
2727 29 44
2728 29 44
2729 29 44
2730 30 44
2731 30 44
2732 31 44
2733 31 44
2734 32 44
2735 32 44
2736 33 44
2737 33 44
2738 33 44
2739 33 44
2740 34 44
2741 34 44
2742 34 44
2743 34 44
2744 34 44
2745 35 44
2746 35 44
2747 35 45
2748 35 45
2749 35 45
2750 35 45
2751 35 45
2752 35 45
2753 36 45
2754 36 45
2755 36 45
2756 37 45
2757 37 45
2758 38 45
2759 38 45
2760 38 45
2761 38 45
2762 39 45
2763 39 45
2764 40 45
2765 41 45
2766 42 45
2767 44 45
2768 44 45
2769 45 45
2770 47 45
2771 48 45
2772 48 45
2773 48 46
2774 50 46
2775 55 46
2776 56 46
2777 57 46
2778 61 46
2779 63 46
2780 65 46
2781 72 46
2782 84 46
2783 100 46
