0 0 0
1 0 0
2 0 0
3 0 0
4 0 0
5 0 0
6 0 0
7 0 0
8 0 0
9 0 0
10 0 0
11 0 0
12 0 0
13 0 0
14 0 0
15 0 0
16 0 0
17 0 0
18 0 0
19 0 0
20 0 0
21 0 0
22 0 0
23 0 0
24 0 0
25 0 0
26 0 0
27 0 0
28 0 0
29 0 0
30 0 0
31 0 0
32 0 0
33 0 0
34 0 0
35 0 0
36 0 0
37 0 0
38 0 0
39 0 0
40 0 0
41 0 0
42 0 0
43 0 0
44 0 0
45 0 0
46 0 0
47 0 0
48 0 0
49 0 0
50 0 0
51 0 0
52 0 0
53 0 0
54 0 0
55 0 0
56 0 0
57 0 0
58 0 0
59 0 0
60 0 0
61 0 0
62 0 0
63 0 0
64 0 0
65 0 0
66 0 0
67 0 0
68 0 0
69 0 0
70 0 0
71 0 0
72 0 0
73 0 0
74 0 0
75 0 0
76 0 0
77 0 0
78 0 0
79 0 0
80 0 0
81 0 0
82 0 0
83 0 0
84 0 0
85 0 0
86 0 0
87 0 0
88 0 0
89 0 0
90 0 0
91 0 0
92 0 0
93 0 0
94 0 0
95 0 0
96 0 0
97 0 0
98 0 0
99 0 0
100 0 50
101 0 50
102 0 50
103 0 50
104 0 50
105 0 50
106 0 50
107 0 50
108 0 33
109 0 33
110 0 33
111 0 33
112 0 33
113 0 33
114 0 33
115 0 50
116 0 50
117 0 50
118 0 50
119 0 50
120 0 60
121 0 60
122 0 60
123 0 60
124 0 60
125 0 60
126 0 60
127 0 60
128 0 60
129 0 60
130 0 60
131 0 60
132 0 60
133 0 60
134 0 60
135 0 60
136 0 60
137 0 60
138 0 60
139 0 60
140 0 50
141 0 42
142 0 42
143 0 42
144 0 37
145 0 37
146 0 37
147 0 37
148 0 37
149 0 37
150 0 37
151 0 37
152 0 37
153 0 37
154 0 37
155 0 37
156 0 37
157 0 37
158 0 37
159 0 37
160 0 37
161 0 37
162 0 37
163 0 33
164 0 33
165 0 33
166 0 33
167 0 33
168 0 33
169 0 33
170 0 33
171 0 33
172 0 33
173 0 33
174 0 33
175 0 33
176 0 33
177 0 33
178 0 33
179 0 33
180 0 33
181 0 30
182 0 30
183 0 30
184 0 30
185 0 30
186 0 36
187 0 36
188 0 36
189 0 36
190 0 36
191 0 36
192 0 36
193 0 36
194 0 36
195 0 36
196 0 36
197 0 36
198 0 36
199 0 36
200 0 36
201 0 36
202 0 36
203 0 36
204 0 36
205 0 36
206 0 41
207 0 41
208 0 41
209 0 41
210 0 41
211 0 41
212 0 41
213 0 41
214 0 41
215 0 41
216 0 41
217 0 41
218 0 41
219 0 41
220 0 41
221 0 41
222 0 41
223 0 38
224 0 38
225 0 38
226 0 38
227 0 38
228 0 42
229 0 42
230 0 42
231 0 42
232 0 42
233 0 42
234 0 42
235 0 40
236 0 40
237 0 40
238 0 40
239 0 40
240 0 40
241 0 40
242 0 40
243 0 40
244 0 40
245 0 40
246 0 40
247 0 37
248 0 37
249 0 37
250 0 35
251 0 35
252 0 35
253 0 35
254 0 35
255 0 35
256 0 35
257 0 35
258 0 33
259 0 33
260 0 33
261 0 33
262 0 33
263 0 33
264 0 33
265 0 31
266 0 30
267 0 30
268 0 30
269 0 30
270 0 30
271 0 30
272 0 30
273 0 30
274 0 30
275 0 30
276 0 30
277 0 30
278 0 33
279 0 33
280 0 31
281 0 31
282 0 31
283 0 31
284 0 34
285 0 34
286 0 34
287 0 34
288 0 34
289 0 34
290 0 34
291 0 34
292 0 34
293 0 34
294 0 34
295 0 33
296 0 33
297 0 33
298 0 33
299 0 32
300 0 32
301 0 30
302 0 29
303 0 29
304 0 29
305 0 29
306 0 29
307 0 28
308 0 28
309 0 28
310 0 28
311 0 28
312 0 28
313 0 27
314 0 27
315 0 27
316 0 27
317 0 27
318 0 27
319 0 27
320 0 27
321 0 27
322 0 27
323 0 27
324 0 27
325 0 26
326 0 26
327 0 26
328 0 29
329 0 29
330 0 29
331 0 29
332 0 29
333 0 29
334 0 29
335 0 29
336 0 31
337 0 31
338 0 31
339 0 31
340 0 31
341 0 31
342 0 31
343 0 31
344 0 31
345 0 31
346 0 31
347 0 30
348 0 30
349 0 29
350 0 29
351 0 28
352 0 27
353 0 27
354 0 26
355 0 26
356 0 26
357 0 26
358 0 26
359 0 26
360 0 26
361 0 26
362 0 26
363 0 26
364 0 26
365 0 25
366 0 25
367 0 24
368 0 23
369 0 23
370 0 23
371 0 23
372 0 23
373 0 23
374 0 23
375 0 23
376 0 23
377 0 23
378 0 23
379 0 23
380 0 23
381 0 23
382 0 23
383 0 22
384 0 22
385 0 22
386 0 22
387 0 22
388 0 22
389 0 22
390 0 22
391 0 22
392 0 22
393 0 22
394 0 22
395 0 22
396 0 22
397 0 22
398 0 22
399 0 22
400 0 22
401 0 22
402 0 22
403 0 22
404 0 21
405 0 21
406 0 21
407 0 21
408 0 21
409 0 21
410 0 21
411 0 21
412 0 21
413 0 21
414 0 21
415 0 21
416 0 21
417 0 21
418 0 20
419 0 20
420 0 20
421 0 20
422 0 20
423 0 20
424 0 20
425 0 20
426 0 20
427 0 20
428 0 20
429 0 20
430 0 19
431 0 19
432 0 19
433 0 21
434 0 21
435 0 21
436 0 20
437 0 20
438 0 20
439 0 20
440 0 20
441 0 20
442 0 20
443 0 20
444 0 20
445 0 20
446 0 20
447 0 19
448 0 19
449 0 19
450 0 19
451 0 19
452 0 19
453 0 19
454 0 19
455 0 19
456 0 19
457 0 19
458 0 19
459 0 19
460 0 19
461 0 19
462 0 19
463 0 18
464 0 18
465 0 18
466 0 18
467 0 18
468 0 18
469 0 18
470 0 18
471 0 18
472 0 18
473 0 18
474 0 18
475 0 18
476 0 18
477 0 18
478 0 18
479 0 18
480 0 18
481 0 18
482 0 18
483 0 18
484 0 18
485 0 18
486 0 18
487 0 18
488 0 18
489 0 18
490 0 18
491 0 18
492 0 18
493 0 18
494 0 18
495 0 18
496 0 18
497 0 18
498 0 18
499 0 17
500 0 17
501 0 17
502 0 17
503 0 17
504 0 17
505 0 17
506 0 17
507 0 17
508 0 17
509 0 17
510 0 17
511 0 17
512 0 17
513 0 17
514 0 17
515 0 16
516 0 16
517 0 16
518 0 16
519 0 16
520 0 16
521 0 16
522 0 16
523 0 16
524 0 16
525 0 16
526 0 16
527 0 16
528 0 16
529 0 16
530 0 16
531 0 16
532 0 16
533 0 16
534 0 16
535 0 17
536 0 17
537 0 17
538 0 17
539 0 17
540 0 17
541 0 17
542 0 17
543 0 18
544 0 18
545 0 18
546 0 18
547 0 18
548 0 18
549 0 18
550 0 18
551 0 18
552 0 18
553 0 18
554 0 18
555 0 18
556 0 18
557 0 18
558 0 18
559 0 18
560 0 18
561 0 17
562 0 17
563 0 17
564 0 17
565 0 17
566 0 17
567 0 17
568 0 17
569 0 17
570 0 17
571 0 18
572 0 18
573 0 18
574 0 18
575 0 18
576 0 18
577 0 18
578 0 18
579 0 18
580 0 18
581 0 18
582 0 18
583 0 18
584 0 18
585 0 18
586 0 18
587 0 18
588 0 18
589 0 18
590 0 19
591 0 19
592 0 19
593 0 19
594 0 19
595 0 19
596 0 19
597 0 19
598 0 19
599 0 19
600 0 19
601 0 19
602 0 19
603 0 19
604 0 19
605 0 19
606 0 19
607 0 19
608 0 19
609 0 19
610 0 19
611 0 19
612 0 19
613 0 19
614 0 19
615 0 19
616 0 19
617 0 19
618 0 19
619 0 19
620 0 19
621 0 19
622 0 19
623 0 19
624 0 19
625 0 19
626 0 19
627 0 19
628 0 18
629 0 18
630 0 18
631 0 18
632 0 18
633 0 18
634 0 18
635 0 18
636 0 18
637 0 18
638 0 18
639 0 18
640 0 19
641 0 19
642 0 19
643 0 19
644 0 19
645 0 19
646 0 19
647 0 19
648 0 19
649 0 19
650 0 19
651 0 19
652 0 19
653 0 19
654 0 19
655 0 19
656 0 19
657 0 19
658 0 19
659 0 19
660 0 19
661 0 19
662 0 19
663 0 20
664 0 20
665 0 20
666 0 20
667 0 20
668 0 20
669 0 20
670 0 20
671 0 20
672 0 20
673 0 20
674 0 20
675 0 20
676 0 20
677 0 20
678 0 20
679 0 20
680 0 20
681 0 20
682 0 20
683 0 20
684 0 20
685 0 20
686 0 20
687 1 20
688 1 20
689 1 20
690 1 20
691 1 20
692 1 20
693 1 20
694 1 20
695 1 20
696 1 20
697 1 20
698 1 20
699 1 20
700 1 20
701 1 20
702 1 20
703 1 20
704 1 20
705 1 20
706 1 20
707 1 20
708 1 20
709 1 19
710 1 19
711 1 19
712 1 19
713 1 19
714 1 19
715 1 19
716 1 19
717 1 19
718 1 20
719 1 20
720 1 20
721 1 20
722 1 20
723 1 20
724 1 20
725 1 20
726 1 20
727 1 20
728 1 20
729 1 20
730 1 19
731 1 19
732 1 19
733 1 19
734 1 19
735 1 19
736 1 19
737 1 19
738 1 19
739 1 19
740 1 19
741 1 19
742 1 19
743 1 19
744 1 19
745 1 19
746 1 19
747 1 19
748 1 19
749 1 19
750 1 19
751 1 19
752 1 19
753 1 19
754 1 20
755 1 20
756 1 20
757 1 20
758 1 20
759 1 20
760 1 20
761 1 20
762 1 20
763 1 20
764 1 20
765 1 20
766 1 20
767 1 20
768 1 20
769 1 20
770 1 20
771 1 20
772 1 20
773 1 20
774 1 21
775 1 21
776 1 21
777 1 21
778 1 21
779 1 21
780 1 21
781 1 21
782 1 21
783 1 21
784 1 21
785 1 21
786 1 21
787 1 21
788 1 21
789 1 20
790 1 20
791 1 20
792 1 20
793 1 20
794 1 20
795 1 20
796 1 20
797 1 20
798 1 20
799 1 20
800 1 20
801 1 20
802 1 20
803 1 20
804 1 20
805 1 20
806 1 20
807 1 20
808 1 20
809 1 20
810 1 20
811 1 20
812 1 20
813 1 20
814 1 20
815 1 20
816 1 20
817 1 21
818 1 21
819 1 21
820 1 21
821 1 21
822 1 21
823 1 20
824 1 20
825 1 20
826 1 20
827 1 20
828 1 20
829 1 20
830 1 20
831 1 20
832 1 20
833 1 20
834 1 20
835 1 20
836 1 20
837 1 20
838 1 20
839 1 20
840 1 20
841 1 20
842 1 20
843 1 20
844 1 20
845 1 20
846 1 20
847 1 20
848 1 20
849 1 20
850 1 20
851 1 20
852 1 20
853 1 20
854 1 20
855 1 20
856 1 20
857 1 20
858 1 20
859 1 20
860 1 20
861 1 20
862 1 20
863 1 20
864 1 20
865 1 20
866 1 20
867 1 20
868 1 20
869 1 20
870 1 20
871 1 20
872 1 20
873 1 20
874 1 20
875 1 20
876 1 20
877 1 20
878 1 20
879 1 20
880 1 20
881 1 20
882 1 20
883 1 20
884 1 20
885 1 20
886 1 20
887 1 20
888 1 20
889 1 20
890 1 20
891 1 20
892 1 20
893 1 20
894 1 20
895 1 20
896 1 20
897 1 20
898 1 20
899 1 20
900 1 19
901 1 19
902 1 20
903 1 20
904 1 20
905 1 20
906 1 20
907 1 20
908 1 20
909 1 20
910 1 20
911 1 20
912 1 21
913 1 21
914 1 21
915 1 20
916 1 20
917 1 20
918 1 20
919 1 20
920 1 20
921 1 20
922 1 20
923 1 20
924 1 20
925 1 20
926 1 20
927 1 20
928 1 20
929 1 20
930 1 20
931 1 20
932 1 20
933 1 20
934 1 20
935 1 20
936 1 20
937 1 20
938 1 20
939 1 20
940 1 20
941 1 20
942 1 20
943 1 20
944 1 20
945 1 20
946 1 20
947 1 20
948 1 20
949 1 20
950 1 20
951 1 20
952 1 20
953 1 19
954 1 19
955 1 19
956 1 19
957 1 19
958 1 19
959 1 19
960 1 19
961 1 19
962 1 19
963 1 19
964 1 19
965 1 19
966 1 19
967 1 19
968 1 19
969 1 19
970 1 19
971 1 19
972 1 19
973 1 19
974 1 19
975 1 19
976 1 19
977 1 19
978 1 19
979 1 19
980 1 19
981 1 19
982 1 19
983 1 19
984 1 19
985 1 19
986 1 19
987 1 19
988 1 19
989 1 19
990 1 18
991 1 18
992 1 18
993 1 18
994 1 18
995 1 18
996 1 18
997 1 18
998 1 18
999 1 18
1000 1 18
1001 1 18
1002 1 18
1003 1 18
1004 1 18
1005 1 18
1006 1 18
1007 1 18
1008 1 18
1009 1 18
1010 1 18
1011 1 18
1012 1 18
1013 1 18
1014 1 18
1015 1 18
1016 1 18
1017 1 18
1018 1 18
1019 1 18
1020 1 18
1021 1 18
1022 1 18
1023 1 18
1024 1 18
1025 1 18
1026 1 18
1027 1 18
1028 1 18
1029 1 18
1030 1 18
1031 1 18
1032 1 18
1033 1 18
1034 1 18
1035 1 18
1036 1 18
1037 1 18
1038 1 18
1039 1 18
1040 1 18
1041 1 18
1042 1 18
1043 1 18
1044 1 18
1045 1 18
1046 1 18
1047 1 18
1048 1 18
1049 1 18
1050 1 18
1051 1 18
1052 1 18
1053 1 18
1054 1 18
1055 1 18
1056 1 18
1057 1 18
1058 1 18
1059 1 18
1060 1 18
1061 1 18
1062 1 18
1063 1 18
1064 1 18
1065 1 18
1066 1 18
1067 1 18
1068 1 18
1069 1 18
1070 1 18
1071 1 18
1072 1 18
1073 1 18
1074 1 18
1075 1 18
1076 1 18
1077 1 18
1078 1 17
1079 1 17
1080 1 17
1081 1 17
1082 1 17
1083 1 17
1084 1 17
1085 1 17
1086 1 17
1087 1 17
1088 1 17
1089 1 17
1090 1 17
1091 1 17
1092 1 17
1093 1 17
1094 1 17
1095 1 17
1096 1 17
1097 1 17
1098 1 17
1099 1 17
1100 1 17
1101 1 17
1102 1 17
1103 1 17
1104 1 17
1105 1 17
1106 1 17
1107 1 17
1108 1 17
1109 1 17
1110 1 17
1111 1 17
1112 1 17
1113 1 17
1114 1 17
1115 1 17
1116 1 17
1117 1 17
1118 1 17
1119 1 17
1120 1 17
1121 1 17
1122 1 17
1123 1 17
1124 1 17
1125 1 17
1126 1 17
1127 1 16
1128 1 16
1129 1 16
1130 1 16
1131 1 16
1132 1 16
1133 1 16
1134 1 16
1135 1 16
1136 1 16
1137 1 16
1138 1 16
1139 2 16
1140 2 16
1141 2 16
1142 2 16
1143 2 16
1144 2 16
1145 2 16
1146 2 16
1147 2 16
1148 2 16
1149 2 16
1150 2 16
1151 2 16
1152 2 16
1153 2 16
1154 2 16
1155 2 16
1156 2 16
1157 2 16
1158 2 16
1159 2 16
1160 2 16
1161 2 16
1162 2 16
1163 2 16
1164 2 16
1165 2 16
1166 2 16
1167 2 16
1168 2 16
1169 2 16
1170 2 16
1171 2 16
1172 2 16
1173 2 16
1174 2 16
1175 2 16
1176 2 16
1177 2 16
1178 2 16
1179 2 16
1180 2 16
1181 2 16
1182 2 16
1183 2 16
1184 2 16
1185 2 16
1186 2 16
1187 2 16
1188 2 16
1189 2 16
1190 2 16
1191 2 16
1192 2 16
1193 2 16
1194 2 16
1195 2 16
1196 2 16
1197 2 16
1198 2 16
1199 2 16
1200 2 16
1201 2 16
1202 2 16
1203 2 16
1204 2 16
1205 2 16
1206 2 16
1207 2 16
1208 2 16
1209 2 16
1210 2 16
1211 2 16
1212 2 16
1213 2 16
1214 2 16
1215 2 16
1216 2 15
1217 2 15
1218 2 15
1219 2 15
1220 2 15
1221 2 15
1222 2 15
1223 2 15
1224 2 15
1225 2 15
1226 2 15
1227 2 15
1228 2 15
1229 2 15
1230 2 15
1231 2 15
1232 2 15
1233 2 15
1234 2 15
1235 2 15
1236 2 15
1237 2 15
1238 2 15
1239 2 15
1240 2 15
1241 2 15
1242 2 15
1243 2 15
1244 2 15
1245 2 15
1246 2 15
1247 2 15
1248 2 16
1249 2 16
1250 2 16
1251 2 16
1252 2 16
1253 2 16
1254 2 16
1255 2 16
1256 2 16
1257 2 16
1258 2 16
1259 2 16
1260 2 16
1261 2 16
1262 2 16
1263 2 16
1264 2 16
1265 2 16
1266 2 16
1267 2 16
1268 2 16
1269 2 17
1270 2 17
1271 2 17
1272 2 17
1273 2 17
1274 2 17
1275 2 17
1276 2 17
1277 2 17
1278 2 17
1279 2 17
1280 2 17
1281 2 17
1282 2 17
1283 2 17
1284 2 17
1285 2 17
1286 2 17
1287 2 17
1288 2 17
1289 2 17
1290 2 17
1291 2 17
1292 2 17
1293 2 17
1294 2 17
1295 2 17
1296 2 17
1297 2 17
1298 2 17
1299 2 17
1300 2 17
1301 2 17
1302 2 17
1303 2 17
1304 2 17
1305 2 17
1306 2 17
1307 2 17
1308 2 17
1309 2 17
1310 2 17
1311 2 17
1312 2 17
1313 2 17
1314 2 17
1315 2 17
1316 2 17
1317 2 17
1318 2 17
1319 2 17
1320 2 17
1321 2 17
1322 2 17
1323 2 17
1324 2 17
1325 2 17
1326 2 17
1327 2 17
1328 2 17
1329 2 17
1330 2 17
1331 2 17
1332 2 17
1333 2 17
1334 2 17
1335 2 17
1336 2 17
1337 2 17
1338 2 17
1339 2 17
1340 2 17
1341 2 17
1342 2 17
1343 2 17
1344 2 17
1345 2 17
1346 2 17
1347 2 17
1348 2 17
1349 2 17
1350 2 17
1351 2 17
1352 2 17
1353 2 17
1354 2 17
1355 2 17
1356 2 17
1357 2 17
1358 2 17
1359 2 17
1360 2 18
1361 2 18
1362 2 18
1363 2 18
1364 2 18
1365 2 17
1366 2 17
1367 2 17
1368 2 17
1369 2 17
1370 2 17
1371 2 17
1372 2 17
1373 2 17
1374 2 17
1375 2 17
1376 2 17
1377 2 17
1378 2 17
1379 2 17
1380 2 17
1381 2 17
1382 2 17
1383 2 17
1384 2 17
1385 2 17
1386 2 17
1387 2 17
1388 2 17
1389 2 17
1390 2 17
1391 2 17
1392 2 17
1393 2 17
1394 2 17
1395 2 17
1396 2 17
1397 2 17
1398 2 17
1399 2 17
1400 2 17
1401 2 17
1402 2 17
1403 2 17
1404 2 17
1405 2 17
1406 2 17
1407 2 17
1408 2 17
1409 2 17
1410 2 17
1411 2 17
1412 2 17
1413 2 17
1414 2 17
1415 2 17
1416 2 17
1417 2 17
1418 2 17
1419 2 17
1420 2 17
1421 2 17
1422 2 17
1423 2 17
1424 2 17
1425 2 17
1426 2 17
1427 2 17
1428 2 17
1429 2 17
1430 2 17
1431 2 17
1432 2 17
1433 2 17
1434 2 17
1435 2 17
1436 2 17
1437 2 17
1438 2 17
1439 2 17
1440 2 17
1441 2 17
1442 2 17
1443 2 17
1444 2 17
1445 2 17
1446 2 17
1447 2 17
1448 2 17
1449 2 17
1450 2 17
1451 2 17
1452 2 17
1453 2 17
1454 2 17
1455 2 17
1456 2 17
1457 2 17
1458 2 17
1459 2 17
1460 2 17
1461 2 17
1462 2 17
1463 2 17
1464 2 17
1465 3 17
1466 3 17
1467 3 17
1468 3 17
1469 3 17
1470 3 17
1471 3 17
1472 3 17
1473 3 17
1474 3 17
1475 3 17
1476 3 17
1477 3 17
1478 3 17
1479 3 17
1480 3 17
1481 3 17
1482 3 17
1483 3 17
1484 3 17
1485 3 17
1486 3 17
1487 3 17
1488 3 17
1489 3 17
1490 3 17
1491 3 17
1492 3 17
1493 3 17
1494 3 17
1495 3 17
1496 3 17
1497 3 17
1498 3 17
1499 3 17
1500 3 17
1501 3 17
1502 3 17
1503 3 17
1504 3 17
1505 3 17
1506 3 17
1507 3 17
1508 3 16
1509 3 16
1510 3 16
1511 3 16
1512 3 16
1513 3 16
1514 3 17
1515 3 17
1516 3 17
1517 3 17
1518 3 17
1519 3 17
1520 3 17
1521 3 17
1522 3 17
1523 3 17
1524 3 17
1525 3 17
1526 3 17
1527 3 17
1528 3 17
1529 3 17
1530 3 17
1531 3 17
1532 3 17
1533 3 17
1534 3 17
1535 3 17
1536 3 17
1537 3 17
1538 3 17
1539 3 17
1540 3 17
1541 3 17
1542 3 17
1543 3 17
1544 3 17
1545 3 17
1546 3 17
1547 3 17
1548 3 17
1549 3 17
1550 3 17
1551 3 17
1552 3 17
1553 3 17
1554 3 17
1555 3 17
1556 3 17
1557 3 17
1558 3 17
1559 3 17
1560 3 17
1561 3 17
1562 3 17
1563 3 17
1564 3 17
1565 3 17
1566 3 17
1567 3 17
1568 3 17
1569 3 17
1570 3 17
1571 3 17
1572 3 17
1573 3 17
1574 3 17
1575 3 18
1576 3 18
1577 3 18
1578 3 18
1579 3 18
1580 3 18
1581 3 18
1582 3 18
1583 3 18
1584 3 18
1585 3 18
1586 3 18
1587 3 18
1588 3 18
1589 3 17
1590 3 17
1591 3 17
1592 3 17
1593 3 17
1594 3 17
1595 3 17
1596 3 17
1597 3 17
1598 3 17
1599 3 17
1600 3 17
1601 3 18
1602 3 18
1603 3 18
1604 3 18
1605 3 18
1606 3 18
1607 3 18
1608 3 18
1609 3 18
1610 3 18
1611 3 18
1612 3 18
1613 3 18
1614 3 18
1615 3 18
1616 3 18
1617 3 18
1618 3 17
1619 3 17
1620 3 17
1621 3 17
1622 3 17
1623 3 17
1624 3 17
1625 3 17
1626 3 17
1627 3 17
1628 3 17
1629 3 17
1630 3 18
1631 3 18
1632 3 18
1633 3 18
1634 3 18
1635 3 18
1636 3 18
1637 3 18
1638 3 18
1639 3 18
1640 3 18
1641 3 18
1642 3 18
1643 3 18
1644 3 18
1645 3 18
1646 3 18
1647 3 17
1648 3 17
1649 3 17
1650 3 17
1651 3 17
1652 3 17
1653 3 17
1654 3 17
1655 3 17
1656 3 17
1657 3 17
1658 3 17
1659 3 17
1660 3 17
1661 3 17
1662 3 17
1663 3 17
1664 3 17
1665 3 17
1666 3 17
1667 3 17
1668 3 17
1669 3 17
1670 3 17
1671 3 17
1672 3 17
1673 3 17
1674 4 17
1675 4 17
1676 4 17
1677 4 17
1678 4 17
1679 4 17
1680 4 17
1681 4 17
1682 4 17
1683 4 17
1684 4 17
1685 4 17
1686 4 17
1687 4 17
1688 4 17
1689 4 17
1690 4 17
1691 4 17
1692 4 17
1693 4 17
1694 4 17
1695 4 17
1696 4 17
1697 4 17
1698 4 17
1699 4 17
1700 4 17
1701 4 17
1702 4 17
1703 4 17
1704 4 17
1705 4 17
1706 4 17
1707 4 17
1708 4 17
1709 4 17
1710 4 17
1711 4 17
1712 4 17
1713 4 17
1714 4 17
1715 4 16
1716 4 16
1717 4 16
1718 4 16
1719 4 16
1720 4 16
1721 4 16
1722 4 17
1723 4 17
1724 4 17
1725 4 17
1726 4 17
1727 4 17
1728 4 17
1729 4 17
1730 4 17
1731 4 17
1732 4 17
1733 4 17
1734 4 17
1735 4 17
1736 4 17
1737 4 17
1738 4 17
1739 4 17
1740 4 17
1741 4 17
1742 4 17
1743 4 17
1744 4 17
1745 4 17
1746 4 17
1747 4 17
1748 4 17
1749 4 17
1750 4 17
1751 4 17
1752 4 17
1753 4 17
1754 4 17
1755 4 17
1756 4 17
1757 4 17
1758 4 17
1759 4 17
1760 4 17
1761 4 17
1762 4 17
1763 4 17
1764 4 17
1765 4 17
1766 4 17
1767 4 17
1768 4 17
1769 4 17
1770 4 17
1771 4 17
1772 4 17
1773 4 17
1774 4 17
1775 4 17
1776 4 17
1777 4 17
1778 4 17
1779 4 17
1780 4 17
1781 4 17
1782 4 17
1783 4 17
1784 4 17
1785 4 17
1786 4 17
1787 4 17
1788 4 17
1789 4 17
1790 4 17
1791 4 17
1792 4 17
1793 4 17
1794 4 17
1795 4 17
1796 4 17
1797 4 17
1798 4 17
1799 4 17
1800 4 17
1801 4 17
1802 4 17
1803 4 17
1804 4 17
1805 4 17
1806 4 17
1807 4 17
1808 4 17
1809 4 17
1810 4 17
1811 4 17
1812 4 17
1813 4 17
1814 4 17
1815 4 17
1816 4 17
1817 4 17
1818 4 17
1819 4 17
1820 4 17
1821 4 17
1822 4 17
1823 4 17
1824 4 17
1825 4 17
1826 4 17
1827 4 17
1828 4 17
1829 4 17
1830 4 17
1831 4 17
1832 4 17
1833 4 17
1834 4 17
1835 4 17
1836 4 17
1837 4 16
1838 4 16
1839 4 16
1840 4 17
1841 4 17
1842 4 17
1843 4 17
1844 4 17
1845 4 17
1846 4 17
1847 4 17
1848 4 17
1849 4 17
1850 5 17
1851 5 17
1852 5 17
1853 5 17
1854 5 17
1855 5 17
1856 5 17
1857 5 17
1858 5 17
1859 5 17
1860 5 17
1861 5 17
1862 5 17
1863 5 17
1864 5 17
1865 5 17
1866 5 17
1867 5 17
1868 5 17
1869 5 17
1870 5 17
1871 5 17
1872 5 17
1873 5 17
1874 5 17
1875 5 18
1876 5 18
1877 5 18
1878 5 18
1879 5 18
1880 5 18
1881 5 18
1882 5 18
1883 5 17
1884 5 17
1885 5 17
1886 5 17
1887 5 17
1888 5 17
1889 5 17
1890 5 17
1891 5 17
1892 5 17
1893 5 17
1894 5 17
1895 5 17
1896 5 17
1897 5 17
1898 5 17
1899 5 17
1900 5 17
1901 5 17
1902 5 17
1903 5 17
1904 5 17
1905 5 17
1906 5 17
1907 5 17
1908 5 17
1909 5 17
1910 5 17
1911 5 17
1912 5 17
1913 5 17
1914 5 17
1915 5 17
1916 5 17
1917 5 17
1918 5 17
1919 5 17
1920 5 17
1921 5 17
1922 5 17
1923 5 17
1924 5 17
1925 5 17
1926 5 17
1927 5 17
1928 5 17
1929 5 17
1930 5 17
1931 5 17
1932 5 17
1933 5 17
1934 5 17
1935 5 17
1936 5 17
1937 5 17
1938 5 17
1939 5 17
1940 5 17
1941 5 17
1942 5 17
1943 5 17
1944 5 17
1945 5 17
1946 5 17
1947 5 17
1948 5 17
1949 5 17
1950 5 17
1951 5 17
1952 5 17
1953 5 17
1954 5 17
1955 5 17
1956 5 17
1957 5 17
1958 5 17
1959 5 17
1960 5 17
1961 5 17
1962 5 17
1963 5 17
1964 5 17
1965 5 17
1966 5 17
1967 5 17
1968 5 17
1969 5 17
1970 5 17
1971 5 17
1972 5 17
1973 5 17
1974 5 18
1975 5 18
1976 5 18
1977 5 18
1978 5 18
1979 5 18
1980 5 18
1981 5 18
1982 5 18
1983 5 18
1984 5 18
1985 5 18
1986 5 18
1987 5 18
1988 5 18
1989 5 18
1990 5 18
1991 5 18
1992 5 18
1993 5 18
1994 5 18
1995 5 18
1996 5 18
1997 5 18
1998 6 18
1999 6 18
2000 6 18
2001 6 18
2002 6 18
2003 6 18
2004 6 18
2005 6 18
2006 6 18
2007 6 18
2008 6 18
2009 6 18
2010 6 18
2011 6 18
2012 6 18
2013 6 18
2014 6 18
2015 6 19
2016 6 19
2017 6 19
2018 6 19
2019 6 19
2020 6 19
2021 6 19
2022 6 19
2023 6 19
2024 6 19
2025 6 19
2026 6 19
2027 6 19
2028 6 19
2029 6 19
2030 6 19
2031 6 19
2032 6 19
2033 6 19
2034 6 19
2035 6 19
2036 6 19
2037 6 19
2038 6 19
2039 6 19
2040 6 19
2041 6 19
2042 6 19
2043 6 19
2044 6 19
2045 6 19
2046 6 19
2047 6 19
2048 6 19
2049 6 19
2050 6 19
2051 6 19
2052 6 19
2053 6 20
2054 6 20
2055 6 20
2056 6 20
2057 6 20
2058 6 20
2059 6 20
2060 6 20
2061 6 20
2062 6 20
2063 6 20
2064 6 20
2065 6 20
2066 6 20
2067 6 20
2068 6 20
2069 6 20
2070 6 20
2071 6 20
2072 6 20
2073 6 20
2074 6 20
2075 6 20
2076 6 20
2077 6 20
2078 6 20
2079 6 20
2080 6 20
2081 6 20
2082 6 20
2083 6 20
2084 6 20
2085 6 20
2086 6 20
2087 6 19
2088 6 19
2089 6 20
2090 6 20
2091 6 20
2092 6 20
2093 6 20
2094 6 20
2095 6 20
2096 6 20
2097 6 20
2098 6 20
2099 6 20
2100 6 20
2101 6 20
2102 6 20
2103 6 20
2104 6 20
2105 6 20
2106 6 20
2107 6 20
2108 6 20
2109 6 20
2110 6 20
2111 6 20
2112 6 20
2113 6 20
2114 6 20
2115 6 20
2116 6 20
2117 6 20
2118 7 20
2119 7 20
2120 7 20
2121 7 20
2122 7 20
2123 7 20
2124 7 20
2125 7 20
2126 7 20
2127 7 20
2128 7 20
2129 7 20
2130 7 20
2131 7 20
2132 7 20
2133 7 20
2134 7 20
2135 7 20
2136 7 20
2137 7 20
2138 7 21
2139 7 21
2140 7 21
2141 7 20
2142 7 21
2143 7 21
2144 7 21
2145 7 21
2146 7 21
2147 7 21
2148 7 21
2149 7 21
2150 7 21
2151 7 22
2152 7 22
2153 7 22
2154 7 22
2155 7 22
2156 7 22
2157 7 22
2158 7 22
2159 7 22
2160 7 22
2161 7 22
2162 7 22
2163 7 22
2164 7 22
2165 7 22
2166 7 22
2167 7 22
2168 7 22
2169 7 22
2170 7 22
2171 7 22
2172 7 22
2173 7 22
2174 7 22
2175 7 22
2176 7 22
2177 7 22
2178 7 22
2179 7 22
2180 7 22
2181 7 22
2182 7 23
2183 7 23
2184 7 23
2185 7 23
2186 7 23
2187 7 23
2188 7 23
2189 7 23
2190 7 23
2191 7 23
2192 7 23
2193 7 23
2194 7 23
2195 7 23
2196 7 23
2197 7 23
2198 7 23
2199 7 23
2200 7 23
2201 7 23
2202 7 23
2203 7 23
2204 7 23
2205 7 23
2206 7 23
2207 7 23
2208 8 23
2209 8 23
2210 8 23
2211 8 23
2212 8 23
2213 8 23
2214 8 23
2215 8 23
2216 8 23
2217 8 23
2218 8 23
2219 8 23
2220 8 23
2221 8 23
2222 8 23
2223 8 23
2224 8 23
2225 8 23
2226 8 23
2227 8 23
2228 8 23
2229 8 23
2230 8 23
2231 8 23
2232 8 23
2233 8 23
2234 8 23
2235 8 23
2236 8 23
2237 8 23
2238 8 23
2239 8 23
2240 8 24
2241 8 24
2242 8 24
2243 8 24
2244 8 24
2245 8 24
2246 8 24
2247 8 24
2248 8 24
2249 8 24
2250 8 24
2251 8 24
2252 8 24
2253 8 24
2254 8 24
2255 8 24
2256 8 24
2257 8 24
2258 8 24
2259 8 24
2260 8 24
2261 8 24
2262 8 24
2263 8 24
2264 8 24
2265 8 24
2266 8 24
2267 8 24
2268 8 24
2269 8 24
2270 8 24
2271 8 24
2272 8 24
2273 8 24
2274 8 24
2275 9 24
2276 9 24
2277 9 24
2278 9 24
2279 9 24
2280 9 24
2281 9 24
2282 9 24
2283 9 24
2284 9 24
2285 9 24
2286 9 24
2287 9 24
2288 9 24
2289 9 24
2290 9 24
2291 9 24
2292 9 24
2293 9 24
2294 9 24
2295 9 24
2296 9 24
2297 9 24
2298 9 24
2299 9 24
2300 9 24
2301 9 24
2302 9 24
2303 9 24
2304 9 25
2305 9 25
2306 9 25
2307 9 25
2308 9 25
2309 9 25
2310 9 25
2311 9 25
2312 9 25
2313 9 25
2314 9 25
2315 9 25
2316 9 24
2317 9 24
2318 9 24
2319 9 24
2320 9 24
2321 9 24
2322 9 24
2323 9 24
2324 9 24
2325 9 24
2326 9 24
2327 9 24
2328 9 24
2329 9 24
2330 9 24
2331 9 24
2332 9 24
2333 9 24
2334 9 24
2335 9 25
2336 9 25
2337 9 25
2338 9 25
2339 9 25
2340 10 25
2341 10 25
2342 10 25
2343 10 25
2344 10 25
2345 10 25
2346 10 25
2347 10 25
2348 10 25
2349 10 25
2350 10 25
2351 10 25
2352 10 25
2353 10 25
2354 10 25
2355 10 25
2356 10 25
2357 10 25
2358 10 25
2359 10 25
2360 10 25
2361 10 25
2362 10 25
2363 10 25
2364 10 25
2365 10 25
2366 10 26
2367 10 26
2368 10 26
2369 10 26
2370 10 26
2371 10 26
2372 10 26
2373 10 26
2374 10 26
2375 10 26
2376 10 26
2377 10 26
2378 10 26
2379 10 26
2380 10 26
2381 10 26
2382 10 26
2383 10 26
2384 10 26
2385 10 26
2386 10 26
2387 10 26
2388 10 26
2389 10 26
2390 10 26
2391 10 26
2392 10 26
2393 10 26
2394 10 26
2395 10 26
2396 10 26
2397 10 26
2398 10 26
2399 10 26
2400 10 26
2401 10 27
2402 10 26
2403 10 26
2404 10 26
2405 10 26
2406 10 26
2407 10 26
2408 10 26
2409 10 26
2410 11 26
2411 11 26
2412 11 26
2413 11 26
2414 11 26
2415 11 26
2416 11 26
2417 11 27
2418 11 27
2419 11 27
2420 11 27
2421 11 27
2422 11 27
2423 11 27
2424 11 27
2425 11 27
2426 11 27
2427 11 27
2428 11 27
2429 11 27
2430 11 27
2431 11 27
2432 11 27
2433 11 28
2434 11 28
2435 11 28
2436 11 28
2437 11 28
2438 11 28
2439 11 28
2440 11 28
2441 11 28
2442 11 28
2443 11 28
2444 11 28
2445 11 28
2446 11 28
2447 11 28
2448 11 28
2449 11 28
2450 11 28
2451 11 28
2452 11 28
2453 11 28
2454 11 28
2455 11 28
2456 11 28
2457 11 28
2458 11 28
2459 11 28
2460 11 28
2461 11 28
2462 11 28
2463 11 28
2464 11 28
2465 11 29
2466 11 29
2467 12 29
2468 12 29
2469 12 29
2470 12 29
2471 12 29
2472 12 29
2473 12 29
2474 12 29
2475 12 29
2476 12 29
2477 12 29
2478 12 29
2479 12 29
2480 12 29
2481 12 29
2482 12 29
2483 12 29
2484 12 29
2485 12 29
2486 12 29
2487 12 29
2488 12 29
2489 12 29
2490 12 29
2491 12 29
2492 12 29
2493 12 29
2494 12 30
2495 12 30
2496 12 30
2497 12 30
2498 12 30
2499 13 30
2500 13 30
2501 13 30
2502 13 30
2503 13 30
2504 13 30
2505 13 30
2506 13 30
2507 13 30
2508 13 30
2509 13 30
2510 13 30
2511 13 30
2512 13 30
2513 13 30
2514 13 30
2515 13 30
2516 13 31
2517 13 31
2518 13 31
2519 13 31
2520 13 31
2521 13 31
2522 13 31
2523 13 31
2524 13 31
2525 13 31
2526 13 31
2527 13 31
2528 13 31
2529 13 31
2530 13 31
2531 13 31
2532 14 31
2533 14 31
2534 14 31
2535 14 31
2536 14 31
2537 14 32
2538 14 32
2539 14 32
2540 14 32
2541 14 32
2542 14 32
2543 14 32
2544 14 32
2545 14 32
2546 14 32
2547 14 32
2548 14 32
2549 14 32
2550 14 32
2551 14 32
2552 14 32
2553 14 32
2554 14 32
2555 14 32
2556 14 32
2557 14 32
2558 14 32
2559 14 33
2560 14 33
2561 14 33
2562 14 33
2563 14 33
2564 14 33
2565 14 33
2566 14 33
2567 14 33
2568 14 33
2569 14 33
2570 14 33
2571 15 33
2572 15 33
2573 15 33
2574 15 33
2575 15 33
2576 15 33
2577 15 33
2578 15 33
2579 15 33
2580 15 33
2581 15 33
2582 15 33
2583 15 33
2584 15 33
2585 15 33
2586 15 33
2587 15 33
2588 15 33
2589 15 33
2590 15 33
2591 15 33
2592 15 33
2593 15 34
2594 15 34
2595 15 34
2596 16 34
2597 16 34
2598 16 34
2599 16 34
2600 16 34
2601 16 34
2602 16 34
2603 16 34
2604 16 34
2605 16 34
2606 16 34
2607 16 34
2608 16 34
2609 16 34
2610 16 34
2611 16 34
2612 16 34
2613 16 34
2614 16 34
2615 16 34
2616 16 34
2617 16 35
2618 16 35
2619 16 35
2620 16 35
2621 17 35
2622 17 35
2623 17 35
2624 17 35
2625 17 35
2626 17 35
2627 17 35
2628 17 35
2629 17 35
2630 17 35
2631 17 35
2632 17 35
2633 18 35
2634 18 35
2635 18 35
2636 18 35
2637 18 35
2638 18 35
2639 18 35
2640 18 35
2641 18 35
2642 18 35
2643 18 35
2644 18 35
2645 18 35
2646 18 35
2647 18 35
2648 19 36
2649 19 36
2650 19 36
2651 19 36
2652 19 36
2653 19 36
2654 19 36
2655 19 36
2656 19 36
2657 19 36
2658 19 36
2659 19 36
2660 19 36
2661 19 36
2662 19 36
2663 19 36
2664 19 37
2665 20 37
2666 20 37
2667 20 37
2668 20 37
2669 20 37
2670 20 37
2671 20 37
2672 20 37
2673 21 37
2674 21 37
2675 21 37
2676 21 37
2677 21 37
2678 21 37
2679 21 37
2680 22 37
2681 22 37
2682 22 37
2683 22 37
2684 22 37
2685 23 37
2686 23 37
2687 23 37
2688 23 38
2689 23 38
2690 23 38
2691 23 38
2692 23 38
2693 24 38
2694 24 38
2695 24 38
2696 24 38
2697 24 38
2698 24 38
2699 24 38
2700 24 38
2701 24 38
2702 24 38
2703 24 38
2704 24 38
2705 24 38
2706 25 38
2707 25 39
2708 25 39
2709 25 39
2710 25 39
2711 26 39
2712 26 39
2713 27 39
2714 27 39
2715 27 39
2716 27 39
2717 28 39
2718 28 39
2719 28 39
2720 28 39
2721 28 39
2722 29 39
2723 29 39
2724 29 39
2725 29 39
2726 29 39
2727 29 39
2728 29 39
2729 29 39
2730 30 39
2731 30 39
2732 31 39
2733 31 39
2734 32 39
2735 32 39
2736 33 39
2737 33 39
2738 33 40
2739 33 40
2740 34 40
2741 34 40
2742 34 40
2743 34 40
2744 34 40
2745 35 40
2746 35 40
2747 35 40
2748 35 40
2749 35 40
2750 35 40
2751 35 40
2752 35 40
2753 36 40
2754 36 40
2755 36 40
2756 37 41
2757 37 41
2758 38 41
2759 38 41
2760 38 41
2761 38 41
2762 39 41
2763 39 41
2764 40 41
2765 41 41
2766 42 41
2767 44 41
2768 44 41
2769 45 41
2770 47 41
2771 48 41
2772 48 41
2773 48 41
2774 50 41
2775 55 41
2776 56 42
2777 57 42
2778 61 42
2779 63 42
2780 65 42
2781 72 42
2782 84 42
2783 100 42
