0 0 0
1 0 0
2 0 0
3 0 0
4 0 0
5 0 0
6 0 0
7 0 0
8 0 0
9 0 0
10 0 0
11 0 0
12 0 0
13 0 0
14 0 0
15 0 0
16 0 0
17 0 0
18 0 0
19 0 0
20 0 0
21 0 0
22 0 0
23 0 0
24 0 0
25 0 0
26 0 0
27 0 0
28 0 0
29 0 0
30 0 0
31 0 0
32 0 0
33 0 0
34 0 0
35 0 0
36 0 0
37 0 0
38 0 0
39 0 100
40 0 100
41 0 100
42 0 100
43 0 100
44 0 100
45 0 100
46 0 100
47 0 100
48 0 100
49 0 100
50 0 100
51 0 100
52 0 100
53 0 100
54 0 100
55 0 100
56 0 100
57 0 100
58 0 100
59 0 100
60 0 100
61 0 100
62 0 100
63 0 100
64 0 100
65 0 100
66 0 100
67 0 100
68 0 100
69 0 100
70 0 100
71 0 100
72 0 100
73 0 100
74 0 100
75 0 100
76 0 100
77 0 100
78 0 100
79 0 100
80 0 100
81 0 100
82 0 100
83 0 100
84 0 100
85 0 100
86 0 100
87 0 100
88 0 100
89 0 100
90 0 100
91 0 100
92 0 100
93 0 100
94 0 100
95 0 100
96 0 100
97 0 100
98 0 100
99 0 100
100 0 50
101 0 50
102 0 50
103 0 50
104 0 50
105 0 50
106 0 50
107 0 50
108 0 33
109 0 33
110 0 33
111 0 33
112 0 33
113 0 33
114 0 33
115 0 25
116 0 25
117 0 25
118 0 25
119 0 25
120 0 20
121 0 20
122 0 20
123 0 20
124 0 20
125 0 20
126 0 20
127 0 20
128 0 20
129 0 20
130 0 20
131 0 20
132 0 20
133 0 20
134 0 20
135 0 20
136 0 20
137 0 20
138 0 20
139 0 20
140 0 16
141 0 14
142 0 14
143 0 14
144 0 12
145 0 12
146 0 12
147 0 12
148 0 12
149 0 12
150 0 12
151 0 12
152 0 12
153 0 12
154 0 12
155 0 12
156 0 12
157 0 12
158 0 12
159 0 12
160 0 12
161 0 12
162 0 12
163 0 11
164 0 11
165 0 11
166 0 11
167 0 11
168 0 11
169 0 11
170 0 11
171 0 11
172 0 11
173 0 11
174 0 11
175 0 11
176 0 11
177 0 11
178 0 11
179 0 11
180 0 11
181 0 10
182 0 10
183 0 10
184 0 10
185 0 10
186 0 9
187 0 9
188 0 9
189 0 9
190 0 9
191 0 9
192 0 9
193 0 9
194 0 9
195 0 9
196 0 9
197 0 9
198 0 9
199 0 9
200 0 9
201 0 9
202 0 9
203 0 9
204 0 9
205 0 9
206 0 8
207 0 8
208 0 8
209 0 8
210 0 8
211 0 8
212 0 8
213 0 8
214 0 8
215 0 8
216 0 8
217 0 8
218 0 8
219 0 8
220 0 8
221 0 8
222 0 8
223 0 7
224 0 7
225 0 7
226 0 7
227 0 7
228 0 7
229 0 7
230 0 7
231 0 7
232 0 7
233 0 7
234 0 7
235 0 6
236 0 6
237 0 6
238 0 6
239 0 6
240 0 6
241 0 6
242 0 6
243 0 6
244 0 6
245 0 6
246 0 6
247 0 6
248 0 6
249 0 6
250 0 5
251 0 5
252 0 5
253 0 5
254 0 5
255 0 5
256 0 5
257 0 5
258 0 5
259 0 5
260 0 5
261 0 5
262 0 5
263 0 5
264 0 5
265 0 5
266 0 5
267 0 5
268 0 5
269 0 5
270 0 5
271 0 5
272 0 5
273 0 5
274 0 5
275 0 5
276 0 5
277 0 5
278 0 4
279 0 4
280 0 4
281 0 4
282 0 4
283 0 4
284 0 4
285 0 4
286 0 4
287 0 4
288 0 4
289 0 4
290 0 4
291 0 4
292 0 4
293 0 4
294 0 4
295 0 4
296 0 4
297 0 4
298 0 4
299 0 4
300 0 4
301 0 3
302 0 3
303 0 3
304 0 3
305 0 3
306 0 3
307 0 3
308 0 3
309 0 3
310 0 3
311 0 3
312 0 3
313 0 3
314 0 3
315 0 3
316 0 3
317 0 3
318 0 3
319 0 3
320 0 3
321 0 3
322 0 3
323 0 3
324 0 3
325 0 3
326 0 3
327 0 3
328 0 3
329 0 3
330 0 3
331 0 3
332 0 3
333 0 3
334 0 3
335 0 3
336 0 3
337 0 3
338 0 3
339 0 3
340 0 3
341 0 3
342 0 3
343 0 3
344 0 3
345 0 3
346 0 3
347 0 3
348 0 3
349 0 5
350 0 5
351 0 8
352 0 11
353 0 13
354 0 13
355 0 13
356 0 13
357 0 13
358 0 13
359 0 13
360 0 13
361 0 13
362 0 13
363 0 13
364 0 13
365 0 12
366 0 15
367 0 14
368 0 14
369 0 13
370 0 13
371 0 13
372 0 13
373 0 13
374 0 13
375 0 13
376 0 13
377 0 13
378 0 13
379 0 13
380 0 13
381 0 13
382 0 13
383 0 13
384 0 13
385 0 13
386 0 13
387 0 13
388 0 13
389 0 13
390 0 13
391 0 13
392 0 13
393 0 13
394 0 13
395 0 13
396 0 13
397 0 13
398 0 13
399 0 13
400 0 13
401 0 13
402 0 13
403 0 13
404 0 13
405 0 13
406 0 13
407 0 13
408 0 13
409 0 13
410 0 13
411 0 13
412 0 13
413 0 13
414 0 13
415 0 13
416 0 12
417 0 12
418 0 12
419 0 12
420 0 12
421 0 12
422 0 12
423 0 12
424 0 12
425 0 12
426 0 12
427 0 12
428 0 12
429 0 12
430 0 11
431 0 11
432 0 11
433 0 11
434 0 11
435 0 11
436 0 11
437 0 11
438 0 11
439 0 11
440 0 11
441 0 11
442 0 10
443 0 10
444 0 10
445 0 10
446 0 10
447 0 10
448 0 10
449 0 10
450 0 12
451 0 12
452 0 12
453 0 12
454 0 12
455 0 12
456 0 12
457 0 12
458 0 12
459 0 12
460 0 12
461 0 12
462 0 12
463 0 13
464 0 13
465 0 13
466 0 13
467 0 13
468 0 13
469 0 13
470 0 13
471 0 13
472 0 13
473 0 13
474 0 13
475 0 13
476 0 13
477 0 15
478 0 15
479 0 16
480 0 16
481 0 16
482 0 16
483 0 16
484 0 16
485 0 16
486 0 16
487 0 16
488 0 16
489 0 16
490 0 16
491 0 16
492 0 16
493 0 16
494 0 16
495 0 16
496 0 16
497 0 18
498 0 18
499 0 17
500 0 17
501 0 17
502 0 17
503 0 17
504 0 17
505 0 17
506 0 17
507 0 17
508 0 17
509 0 17
510 0 17
511 0 17
512 0 17
513 0 17
514 0 17
515 0 16
516 0 16
517 0 16
518 0 16
519 0 16
520 0 16
521 0 16
522 0 16
523 0 16
524 0 16
525 0 16
526 0 16
527 0 16
528 0 16
529 0 16
530 0 16
531 0 16
532 0 16
533 0 16
534 0 16
535 0 16
536 0 16
537 0 16
538 0 16
539 0 16
540 0 16
541 0 16
542 0 16
543 0 15
544 0 15
545 0 17
546 0 17
547 0 17
548 0 17
549 0 17
550 0 17
551 0 17
552 0 17
553 0 17
554 0 17
555 0 17
556 0 17
557 0 18
558 0 18
559 0 18
560 0 18
561 0 17
562 0 17
563 0 17
564 0 17
565 0 17
566 0 17
567 0 17
568 0 17
569 0 17
570 0 17
571 0 17
572 0 17
573 0 17
574 0 17
575 0 17
576 0 17
577 0 17
578 0 17
579 0 17
580 0 17
581 0 17
582 0 17
583 0 17
584 0 17
585 0 17
586 0 17
587 0 17
588 0 17
589 0 17
590 0 16
591 0 16
592 0 16
593 0 16
594 0 16
595 0 16
596 0 16
597 0 16
598 0 16
599 0 16
600 0 16
601 0 16
602 0 16
603 0 16
604 0 16
605 0 16
606 0 16
607 0 16
608 0 16
609 0 16
610 0 16
611 0 16
612 0 16
613 0 16
614 0 16
615 0 16
616 0 16
617 0 16
618 0 16
619 0 16
620 0 16
621 0 16
622 0 16
623 0 16
624 0 16
625 0 16
626 0 16
627 0 16
628 0 16
629 0 16
630 0 16
631 0 16
632 0 16
633 0 16
634 0 16
635 0 17
636 0 17
637 0 17
638 0 17
639 0 17
640 0 17
641 0 17
642 0 17
643 0 17
644 0 17
645 0 17
646 0 17
647 0 17
648 0 17
649 0 17
650 0 17
651 0 17
652 0 17
653 0 17
654 0 17
655 0 17
656 0 17
657 0 17
658 0 17
659 0 17
660 0 17
661 0 17
662 0 17
663 0 16
664 0 16
665 0 16
666 0 16
667 0 16
668 0 16
669 0 16
670 0 17
671 0 17
672 0 17
673 0 17
674 0 17
675 0 17
676 0 18
677 0 18
678 0 18
679 0 18
680 0 18
681 0 18
682 0 18
683 0 18
684 0 18
685 0 18
686 0 18
687 1 18
688 1 19
689 1 19
690 1 19
691 1 19
692 1 19
693 1 19
694 1 19
695 1 19
696 1 19
697 1 19
698 1 20
699 1 20
700 1 20
701 1 20
702 1 20
703 1 21
704 1 21
705 1 21
706 1 21
707 1 21
708 1 21
709 1 20
710 1 20
711 1 20
712 1 20
713 1 20
714 1 21
715 1 21
716 1 21
717 1 22
718 1 23
719 1 23
720 1 23
721 1 23
722 1 23
723 1 23
724 1 24
725 1 24
726 1 24
727 1 24
728 1 24
729 1 24
730 1 23
731 1 23
732 1 23
733 1 23
734 1 23
735 1 23
736 1 23
737 1 23
738 1 23
739 1 23
740 1 23
741 1 23
742 1 23
743 1 23
744 1 23
745 1 23
746 1 23
747 1 23
748 1 23
749 1 23
750 1 23
751 1 23
752 1 23
753 1 23
754 1 23
755 1 23
756 1 23
757 1 23
758 1 24
759 1 24
760 1 24
761 1 24
762 1 24
763 1 24
764 1 24
765 1 24
766 1 24
767 1 24
768 1 24
769 1 24
770 1 24
771 1 24
772 1 24
773 1 24
774 1 24
775 1 24
776 1 24
777 1 24
778 1 24
779 1 24
780 1 24
781 1 24
782 1 24
783 1 24
784 1 25
785 1 25
786 1 25
787 1 25
788 1 25
789 1 26
790 1 26
791 1 26
792 1 26
793 1 26
794 1 27
795 1 27
796 1 27
797 1 27
798 1 27
799 1 27
800 1 27
801 1 27
802 1 27
803 1 28
804 1 28
805 1 28
806 1 28
807 1 28
808 1 28
809 1 28
810 1 28
811 1 28
812 1 28
813 1 28
814 1 28
815 1 28
816 1 28
817 1 27
818 1 27
819 1 27
820 1 27
821 1 27
822 1 27
823 1 28
824 1 28
825 1 28
826 1 28
827 1 28
828 1 28
829 1 28
830 1 28
831 1 28
832 1 28
833 1 28
834 1 28
835 1 28
836 1 28
837 1 28
838 1 28
839 1 29
840 1 29
841 1 29
842 1 29
843 1 29
844 1 30
845 1 30
846 1 31
847 1 31
848 1 31
849 1 31
850 1 31
851 1 31
852 1 31
853 1 31
854 1 31
855 1 32
856 1 32
857 1 32
858 1 32
859 1 32
860 1 32
861 1 32
862 1 32
863 1 32
864 1 32
865 1 32
866 1 33
867 1 33
868 1 33
869 1 33
870 1 33
871 1 33
872 1 33
873 1 33
874 1 33
875 1 33
876 1 33
877 1 33
878 1 33
879 1 33
880 1 33
881 1 33
882 1 33
883 1 33
884 1 33
885 1 33
886 1 33
887 1 33
888 1 33
889 1 33
890 1 33
891 1 33
892 1 32
893 1 32
894 1 32
895 1 32
896 1 32
897 1 32
898 1 32
899 1 32
900 1 33
901 1 33
902 1 33
903 1 33
904 1 33
905 1 33
906 1 33
907 1 33
908 1 33
909 1 33
910 1 33
911 1 33
912 1 33
913 1 33
914 1 33
915 1 34
916 1 34
917 1 34
918 1 34
919 1 34
920 1 34
921 1 34
922 1 34
923 1 34
924 1 34
925 1 34
926 1 34
927 1 34
928 1 34
929 1 34
930 1 34
931 1 34
932 1 34
933 1 34
934 1 34
935 1 34
936 1 34
937 1 34
938 1 34
939 1 34
940 1 34
941 1 35
942 1 34
943 1 34
944 1 34
945 1 34
946 1 34
947 1 34
948 1 34
949 1 34
950 1 34
951 1 34
952 1 34
953 1 34
954 1 34
955 1 35
956 1 35
957 1 35
958 1 35
959 1 35
960 1 35
961 1 35
962 1 34
963 1 34
964 1 34
965 1 34
966 1 34
967 1 34
968 1 34
969 1 34
970 1 34
971 1 34
972 1 34
973 1 34
974 1 34
975 1 34
976 1 34
977 1 34
978 1 34
979 1 34
980 1 34
981 1 34
982 1 34
983 1 34
984 1 34
985 1 35
986 1 35
987 1 35
988 1 35
989 1 35
990 1 35
991 1 35
992 1 35
993 1 36
994 1 36
995 1 36
996 1 36
997 1 36
998 1 36
999 1 36
1000 1 36
1001 1 36
1002 1 36
1003 1 36
1004 1 36
1005 1 35
1006 1 35
1007 1 35
1008 1 35
1009 1 36
1010 1 36
1011 1 36
1012 1 36
1013 1 36
1014 1 36
1015 1 36
1016 1 36
1017 1 35
1018 1 35
1019 1 36
1020 1 36
1021 1 36
1022 1 36
1023 1 36
1024 1 36
1025 1 36
1026 1 36
1027 1 36
1028 1 36
1029 1 36
1030 1 36
1031 1 36
1032 1 35
1033 1 35
1034 1 35
1035 1 35
1036 1 35
1037 1 35
1038 1 35
1039 1 35
1040 1 35
1041 1 36
1042 1 36
1043 1 36
1044 1 36
1045 1 36
1046 1 36
1047 1 36
1048 1 36
1049 1 36
1050 1 36
1051 1 36
1052 1 36
1053 1 35
1054 1 35
1055 1 35
1056 1 35
1057 1 35
1058 1 35
1059 1 35
1060 1 35
1061 1 35
1062 1 35
1063 1 35
1064 1 35
1065 1 35
1066 1 36
1067 1 36
1068 1 36
1069 1 36
1070 1 36
1071 1 36
1072 1 36
1073 1 36
1074 1 36
1075 1 36
1076 1 36
1077 1 36
1078 1 35
1079 1 36
1080 1 36
1081 1 36
1082 1 36
1083 1 36
1084 1 36
1085 1 36
1086 1 36
1087 1 36
1088 1 36
1089 1 36
1090 1 36
1091 1 36
1092 1 36
1093 1 36
1094 1 36
1095 1 36
1096 1 36
1097 1 36
1098 1 36
1099 1 36
1100 1 36
1101 1 36
1102 1 36
1103 1 37
1104 1 36
1105 1 36
1106 1 36
1107 1 37
1108 1 37
1109 1 37
1110 1 37
1111 1 37
1112 1 37
1113 1 37
1114 1 37
1115 1 37
1116 1 37
1117 1 37
1118 1 37
1119 1 37
1120 1 37
1121 1 37
1122 1 37
1123 1 37
1124 1 37
1125 1 37
1126 1 37
1127 1 37
1128 1 37
1129 1 37
1130 1 37
1131 1 36
1132 1 36
1133 1 36
1134 1 36
1135 1 36
1136 1 36
1137 1 36
1138 1 36
1139 2 36
1140 2 36
1141 2 36
1142 2 36
1143 2 36
1144 2 36
1145 2 36
1146 2 35
1147 2 35
1148 2 35
1149 2 35
1150 2 35
1151 2 35
1152 2 35
1153 2 35
1154 2 35
1155 2 35
1156 2 35
1157 2 35
1158 2 35
1159 2 35
1160 2 35
1161 2 35
1162 2 36
1163 2 36
1164 2 36
1165 2 36
1166 2 36
1167 2 36
1168 2 36
1169 2 36
1170 2 36
1171 2 35
1172 2 35
1173 2 35
1174 2 35
1175 2 35
1176 2 35
1177 2 35
1178 2 36
1179 2 36
1180 2 36
1181 2 36
1182 2 36
1183 2 36
1184 2 36
1185 2 36
1186 2 36
1187 2 36
1188 2 36
1189 2 36
1190 2 36
1191 2 36
1192 2 36
1193 2 36
1194 2 36
1195 2 36
1196 2 36
1197 2 36
1198 2 36
1199 2 36
1200 2 36
1201 2 36
1202 2 36
1203 2 36
1204 2 36
1205 2 36
1206 2 36
1207 2 36
1208 2 36
1209 2 36
1210 2 36
1211 2 36
1212 2 36
1213 2 36
1214 2 36
1215 2 35
1216 2 36
1217 2 36
1218 2 36
1219 2 36
1220 2 36
1221 2 36
1222 2 35
1223 2 35
1224 2 35
1225 2 35
1226 2 35
1227 2 35
1228 2 35
1229 2 35
1230 2 35
1231 2 35
1232 2 35
1233 2 35
1234 2 35
1235 2 35
1236 2 35
1237 2 35
1238 2 35
1239 2 35
1240 2 35
1241 2 35
1242 2 35
1243 2 35
1244 2 35
1245 2 35
1246 2 35
1247 2 35
1248 2 35
1249 2 35
1250 2 35
1251 2 35
1252 2 35
1253 2 35
1254 2 35
1255 2 35
1256 2 35
1257 2 35
1258 2 35
1259 2 35
1260 2 35
1261 2 35
1262 2 35
1263 2 35
1264 2 35
1265 2 35
1266 2 35
1267 2 35
1268 2 35
1269 2 35
1270 2 35
1271 2 35
1272 2 35
1273 2 35
1274 2 35
1275 2 35
1276 2 35
1277 2 35
1278 2 35
1279 2 35
1280 2 35
1281 2 35
1282 2 35
1283 2 35
1284 2 35
1285 2 35
1286 2 35
1287 2 35
1288 2 35
1289 2 35
1290 2 35
1291 2 34
1292 2 34
1293 2 34
1294 2 34
1295 2 34
1296 2 34
1297 2 34
1298 2 34
1299 2 34
1300 2 34
1301 2 34
1302 2 34
1303 2 34
1304 2 34
1305 2 34
1306 2 34
1307 2 34
1308 2 34
1309 2 34
1310 2 34
1311 2 34
1312 2 34
1313 2 34
1314 2 34
1315 2 34
1316 2 34
1317 2 34
1318 2 34
1319 2 34
1320 2 34
1321 2 34
1322 2 34
1323 2 34
1324 2 34
1325 2 34
1326 2 34
1327 2 34
1328 2 34
1329 2 34
1330 2 34
1331 2 34
1332 2 33
1333 2 33
1334 2 33
1335 2 33
1336 2 33
1337 2 33
1338 2 33
1339 2 33
1340 2 33
1341 2 33
1342 2 33
1343 2 33
1344 2 33
1345 2 33
1346 2 33
1347 2 33
1348 2 33
1349 2 33
1350 2 33
1351 2 33
1352 2 33
1353 2 33
1354 2 33
1355 2 33
1356 2 33
1357 2 33
1358 2 33
1359 2 33
1360 2 33
1361 2 33
1362 2 33
1363 2 33
1364 2 33
1365 2 33
1366 2 33
1367 2 33
1368 2 33
1369 2 33
1370 2 33
1371 2 33
1372 2 33
1373 2 33
1374 2 33
1375 2 33
1376 2 33
1377 2 33
1378 2 33
1379 2 33
1380 2 33
1381 2 33
1382 2 33
1383 2 33
1384 2 33
1385 2 33
1386 2 33
1387 2 33
1388 2 33
1389 2 32
1390 2 32
1391 2 32
1392 2 32
1393 2 32
1394 2 32
1395 2 32
1396 2 32
1397 2 32
1398 2 33
1399 2 33
1400 2 33
1401 2 33
1402 2 33
1403 2 33
1404 2 33
1405 2 33
1406 2 33
1407 2 33
1408 2 33
1409 2 32
1410 2 32
1411 2 32
1412 2 32
1413 2 32
1414 2 32
1415 2 32
1416 2 32
1417 2 32
1418 2 32
1419 2 32
1420 2 32
1421 2 32
1422 2 32
1423 2 32
1424 2 32
1425 2 32
1426 2 32
1427 2 32
1428 2 32
1429 2 32
1430 2 32
1431 2 32
1432 2 32
1433 2 32
1434 2 32
1435 2 33
1436 2 33
1437 2 33
1438 2 32
1439 2 32
1440 2 32
1441 2 32
1442 2 32
1443 2 32
1444 2 32
1445 2 32
1446 2 32
1447 2 32
1448 2 32
1449 2 32
1450 2 32
1451 2 32
1452 2 32
1453 2 32
1454 2 32
1455 2 32
1456 2 32
1457 2 32
1458 2 32
1459 2 32
1460 2 32
1461 2 32
1462 2 32
1463 2 32
1464 2 32
1465 3 32
1466 3 32
1467 3 32
1468 3 32
1469 3 32
1470 3 32
1471 3 32
1472 3 32
1473 3 32
1474 3 32
1475 3 32
1476 3 32
1477 3 32
1478 3 32
1479 3 32
1480 3 32
1481 3 32
1482 3 32
1483 3 32
1484 3 32
1485 3 32
1486 3 32
1487 3 32
1488 3 32
1489 3 32
1490 3 32
1491 3 32
1492 3 32
1493 3 32
1494 3 32
1495 3 32
1496 3 31
1497 3 31
1498 3 31
1499 3 31
1500 3 31
1501 3 31
1502 3 31
1503 3 31
1504 3 31
1505 3 31
1506 3 31
1507 3 31
1508 3 31
1509 3 31
1510 3 31
1511 3 31
1512 3 31
1513 3 31
1514 3 31
1515 3 31
1516 3 32
1517 3 32
1518 3 32
1519 3 32
1520 3 31
1521 3 31
1522 3 32
1523 3 32
1524 3 32
1525 3 32
1526 3 32
1527 3 32
1528 3 32
1529 3 32
1530 3 32
1531 3 32
1532 3 32
1533 3 32
1534 3 32
1535 3 32
1536 3 32
1537 3 32
1538 3 32
1539 3 32
1540 3 32
1541 3 32
1542 3 32
1543 3 32
1544 3 32
1545 3 32
1546 3 32
1547 3 32
1548 3 32
1549 3 32
1550 3 32
1551 3 32
1552 3 32
1553 3 32
1554 3 32
1555 3 32
1556 3 32
1557 3 32
1558 3 32
1559 3 32
1560 3 32
1561 3 32
1562 3 32
1563 3 32
1564 3 32
1565 3 32
1566 3 32
1567 3 32
1568 3 32
1569 3 32
1570 3 32
1571 3 32
1572 3 32
1573 3 32
1574 3 32
1575 3 31
1576 3 31
1577 3 31
1578 3 31
1579 3 31
1580 3 31
1581 3 31
1582 3 31
1583 3 31
1584 3 31
1585 3 31
1586 3 31
1587 3 31
1588 3 31
1589 3 31
1590 3 31
1591 3 31
1592 3 31
1593 3 31
1594 3 31
1595 3 31
1596 3 31
1597 3 31
1598 3 31
1599 3 31
1600 3 31
1601 3 31
1602 3 31
1603 3 31
1604 3 31
1605 3 31
1606 3 31
1607 3 31
1608 3 31
1609 3 31
1610 3 31
1611 3 31
1612 3 31
1613 3 31
1614 3 31
1615 3 31
1616 3 31
1617 3 31
1618 3 30
1619 3 30
1620 3 30
1621 3 30
1622 3 30
1623 3 30
1624 3 30
1625 3 30
1626 3 30
1627 3 30
1628 3 30
1629 3 30
1630 3 30
1631 3 30
1632 3 30
1633 3 30
1634 3 30
1635 3 30
1636 3 30
1637 3 30
1638 3 30
1639 3 30
1640 3 30
1641 3 30
1642 3 30
1643 3 30
1644 3 30
1645 3 30
1646 3 30
1647 3 30
1648 3 30
1649 3 30
1650 3 30
1651 3 30
1652 3 30
1653 3 30
1654 3 30
1655 3 30
1656 3 30
1657 3 30
1658 3 30
1659 3 30
1660 3 30
1661 3 30
1662 3 30
1663 3 30
1664 3 30
1665 3 30
1666 3 30
1667 3 30
1668 3 30
1669 3 30
1670 3 30
1671 3 30
1672 3 30
1673 3 30
1674 4 30
1675 4 30
1676 4 30
1677 4 30
1678 4 30
1679 4 30
1680 4 30
1681 4 30
1682 4 30
1683 4 30
1684 4 30
1685 4 30
1686 4 31
1687 4 31
1688 4 31
1689 4 31
1690 4 31
1691 4 31
1692 4 31
1693 4 31
1694 4 31
1695 4 31
1696 4 31
1697 4 31
1698 4 31
1699 4 31
1700 4 31
1701 4 31
1702 4 31
1703 4 31
1704 4 31
1705 4 31
1706 4 31
1707 4 31
1708 4 31
1709 4 31
1710 4 31
1711 4 31
1712 4 31
1713 4 31
1714 4 31
1715 4 31
1716 4 31
1717 4 31
1718 4 31
1719 4 31
1720 4 31
1721 4 31
1722 4 31
1723 4 31
1724 4 31
1725 4 31
1726 4 31
1727 4 31
1728 4 31
1729 4 31
1730 4 31
1731 4 31
1732 4 31
1733 4 31
1734 4 31
1735 4 31
1736 4 31
1737 4 31
1738 4 31
1739 4 31
1740 4 31
1741 4 31
1742 4 31
1743 4 31
1744 4 31
1745 4 31
1746 4 31
1747 4 31
1748 4 31
1749 4 31
1750 4 31
1751 4 31
1752 4 31
1753 4 31
1754 4 31
1755 4 31
1756 4 31
1757 4 31
1758 4 31
1759 4 31
1760 4 31
1761 4 31
1762 4 31
1763 4 31
1764 4 31
1765 4 31
1766 4 31
1767 4 31
1768 4 31
1769 4 31
1770 4 31
1771 4 31
1772 4 31
1773 4 31
1774 4 31
1775 4 31
1776 4 31
1777 4 31
1778 4 31
1779 4 31
1780 4 31
1781 4 31
1782 4 31
1783 4 31
1784 4 31
1785 4 31
1786 4 31
1787 4 31
1788 4 31
1789 4 31
1790 4 31
1791 4 31
1792 4 31
1793 4 31
1794 4 31
1795 4 31
1796 4 31
1797 4 31
1798 4 31
1799 4 31
1800 4 31
1801 4 31
1802 4 31
1803 4 31
1804 4 31
1805 4 31
1806 4 31
1807 4 31
1808 4 32
1809 4 32
1810 4 32
1811 4 32
1812 4 32
1813 4 32
1814 4 32
1815 4 32
1816 4 32
1817 4 32
1818 4 32
1819 4 32
1820 4 32
1821 4 32
1822 4 32
1823 4 32
1824 4 32
1825 4 32
1826 4 32
1827 4 32
1828 4 32
1829 4 32
1830 4 32
1831 4 32
1832 4 32
1833 4 32
1834 4 32
1835 4 32
1836 4 32
1837 4 32
1838 4 32
1839 4 32
1840 4 32
1841 4 32
1842 4 32
1843 4 32
1844 4 32
1845 4 32
1846 4 32
1847 4 32
1848 4 32
1849 4 32
1850 5 32
1851 5 32
1852 5 32
1853 5 32
1854 5 32
1855 5 32
1856 5 32
1857 5 32
1858 5 32
1859 5 32
1860 5 32
1861 5 32
1862 5 32
1863 5 32
1864 5 32
1865 5 32
1866 5 32
1867 5 32
1868 5 32
1869 5 32
1870 5 32
1871 5 32
1872 5 32
1873 5 32
1874 5 32
1875 5 32
1876 5 32
1877 5 32
1878 5 32
1879 5 32
1880 5 32
1881 5 32
1882 5 32
1883 5 32
1884 5 32
1885 5 32
1886 5 32
1887 5 32
1888 5 32
1889 5 32
1890 5 32
1891 5 32
1892 5 32
1893 5 31
1894 5 31
1895 5 31
1896 5 31
1897 5 31
1898 5 31
1899 5 31
1900 5 31
1901 5 31
1902 5 31
1903 5 31
1904 5 31
1905 5 31
1906 5 31
1907 5 31
1908 5 31
1909 5 31
1910 5 31
1911 5 31
1912 5 31
1913 5 31
1914 5 31
1915 5 31
1916 5 31
1917 5 31
1918 5 31
1919 5 31
1920 5 31
1921 5 31
1922 5 31
1923 5 31
1924 5 31
1925 5 31
1926 5 31
1927 5 31
1928 5 31
1929 5 31
1930 5 31
1931 5 31
1932 5 31
1933 5 31
1934 5 31
1935 5 31
1936 5 31
1937 5 31
1938 5 31
1939 5 31
1940 5 31
1941 5 31
1942 5 31
1943 5 31
1944 5 31
1945 5 31
1946 5 31
1947 5 31
1948 5 31
1949 5 31
1950 5 31
1951 5 31
1952 5 31
1953 5 31
1954 5 31
1955 5 31
1956 5 31
1957 5 31
1958 5 31
1959 5 31
1960 5 31
1961 5 31
1962 5 31
1963 5 31
1964 5 31
1965 5 31
1966 5 31
1967 5 31
1968 5 31
1969 5 31
1970 5 31
1971 5 31
1972 5 31
1973 5 31
1974 5 31
1975 5 31
1976 5 31
1977 5 31
1978 5 31
1979 5 31
1980 5 31
1981 5 31
1982 5 31
1983 5 31
1984 5 31
1985 5 31
1986 5 31
1987 5 31
1988 5 31
1989 5 30
1990 5 30
1991 5 30
1992 5 30
1993 5 30
1994 5 30
1995 5 30
1996 5 30
1997 5 30
1998 6 30
1999 6 30
2000 6 30
2001 6 30
2002 6 30
2003 6 31
2004 6 31
2005 6 31
2006 6 31
2007 6 31
2008 6 31
2009 6 31
2010 6 31
2011 6 31
2012 6 31
2013 6 30
2014 6 30
2015 6 30
2016 6 30
2017 6 30
2018 6 30
2019 6 31
2020 6 31
2021 6 31
2022 6 31
2023 6 31
2024 6 31
2025 6 31
2026 6 31
2027 6 31
2028 6 31
2029 6 31
2030 6 31
2031 6 31
2032 6 31
2033 6 31
2034 6 31
2035 6 31
2036 6 31
2037 6 31
2038 6 31
2039 6 31
2040 6 31
2041 6 30
2042 6 30
2043 6 30
2044 6 30
2045 6 30
2046 6 30
2047 6 30
2048 6 30
2049 6 30
2050 6 30
2051 6 30
2052 6 30
2053 6 30
2054 6 30
2055 6 30
2056 6 30
2057 6 30
2058 6 30
2059 6 30
2060 6 30
2061 6 30
2062 6 30
2063 6 30
2064 6 30
2065 6 30
2066 6 30
2067 6 30
2068 6 30
2069 6 30
2070 6 30
2071 6 30
2072 6 30
2073 6 30
2074 6 30
2075 6 30
2076 6 30
2077 6 30
2078 6 30
2079 6 30
2080 6 31
2081 6 31
2082 6 30
2083 6 30
2084 6 31
2085 6 31
2086 6 31
2087 6 31
2088 6 31
2089 6 30
2090 6 30
2091 6 30
2092 6 30
2093 6 30
2094 6 30
2095 6 30
2096 6 30
2097 6 30
2098 6 30
2099 6 30
2100 6 30
2101 6 30
2102 6 30
2103 6 30
2104 6 30
2105 6 30
2106 6 30
2107 6 30
2108 6 30
2109 6 30
2110 6 30
2111 6 30
2112 6 30
2113 6 30
2114 6 30
2115 6 30
2116 6 30
2117 6 30
2118 7 30
2119 7 30
2120 7 30
2121 7 30
2122 7 30
2123 7 30
2124 7 30
2125 7 30
2126 7 30
2127 7 30
2128 7 30
2129 7 30
2130 7 30
2131 7 30
2132 7 30
2133 7 30
2134 7 30
2135 7 30
2136 7 30
2137 7 30
2138 7 30
2139 7 30
2140 7 30
2141 7 30
2142 7 30
2143 7 30
2144 7 30
2145 7 30
2146 7 30
2147 7 30
2148 7 30
2149 7 30
2150 7 30
2151 7 30
2152 7 30
2153 7 30
2154 7 30
2155 7 30
2156 7 30
2157 7 30
2158 7 30
2159 7 30
2160 7 30
2161 7 30
2162 7 30
2163 7 30
2164 7 30
2165 7 30
2166 7 30
2167 7 30
2168 7 30
2169 7 30
2170 7 30
2171 7 30
2172 7 30
2173 7 30
2174 7 30
2175 7 30
2176 7 29
2177 7 29
2178 7 29
2179 7 29
2180 7 29
2181 7 29
2182 7 29
2183 7 29
2184 7 29
2185 7 29
2186 7 29
2187 7 29
2188 7 29
2189 7 29
2190 7 29
2191 7 29
2192 7 29
2193 7 29
2194 7 29
2195 7 29
2196 7 29
2197 7 29
2198 7 29
2199 7 29
2200 7 29
2201 7 29
2202 7 30
2203 7 30
2204 7 30
2205 7 30
2206 7 30
2207 7 30
2208 8 30
2209 8 30
2210 8 30
2211 8 30
2212 8 30
2213 8 30
2214 8 30
2215 8 30
2216 8 30
2217 8 30
2218 8 30
2219 8 30
2220 8 30
2221 8 30
2222 8 30
2223 8 30
2224 8 30
2225 8 30
2226 8 30
2227 8 30
2228 8 30
2229 8 30
2230 8 30
2231 8 30
2232 8 30
2233 8 30
2234 8 29
2235 8 29
2236 8 29
2237 8 29
2238 8 29
2239 8 30
2240 8 30
2241 8 30
2242 8 30
2243 8 30
2244 8 30
2245 8 30
2246 8 30
2247 8 30
2248 8 30
2249 8 30
2250 8 29
2251 8 29
2252 8 29
2253 8 29
2254 8 29
2255 8 29
2256 8 29
2257 8 29
2258 8 29
2259 8 29
2260 8 29
2261 8 29
2262 8 29
2263 8 29
2264 8 29
2265 8 29
2266 8 29
2267 8 29
2268 8 29
2269 8 29
2270 8 29
2271 8 29
2272 8 29
2273 8 29
2274 8 29
2275 9 29
2276 9 29
2277 9 29
2278 9 29
2279 9 29
2280 9 29
2281 9 29
2282 9 29
2283 9 29
2284 9 29
2285 9 29
2286 9 29
2287 9 29
2288 9 29
2289 9 29
2290 9 29
2291 9 29
2292 9 29
2293 9 29
2294 9 29
2295 9 29
2296 9 29
2297 9 29
2298 9 29
2299 9 29
2300 9 29
2301 9 29
2302 9 29
2303 9 29
2304 9 29
2305 9 29
2306 9 28
2307 9 28
2308 9 28
2309 9 28
2310 9 28
2311 9 28
2312 9 28
2313 9 28
2314 9 28
2315 9 28
2316 9 29
2317 9 29
2318 9 29
2319 9 29
2320 9 29
2321 9 29
2322 9 29
2323 9 29
2324 9 29
2325 9 29
2326 9 29
2327 9 29
2328 9 29
2329 9 29
2330 9 29
2331 9 29
2332 9 29
2333 9 29
2334 9 29
2335 9 29
2336 9 29
2337 9 29
2338 9 29
2339 9 29
2340 10 29
2341 10 29
2342 10 29
2343 10 29
2344 10 29
2345 10 29
2346 10 29
2347 10 29
2348 10 29
2349 10 29
2350 10 29
2351 10 29
2352 10 29
2353 10 29
2354 10 29
2355 10 29
2356 10 29
2357 10 29
2358 10 28
2359 10 28
2360 10 28
2361 10 28
2362 10 28
2363 10 28
2364 10 28
2365 10 28
2366 10 28
2367 10 28
2368 10 28
2369 10 28
2370 10 28
2371 10 28
2372 10 28
2373 10 28
2374 10 28
2375 10 28
2376 10 28
2377 10 28
2378 10 28
2379 10 28
2380 10 28
2381 10 28
2382 10 28
2383 10 28
2384 10 28
2385 10 28
2386 10 28
2387 10 28
2388 10 28
2389 10 28
2390 10 28
2391 10 28
2392 10 28
2393 10 28
2394 10 28
2395 10 28
2396 10 28
2397 10 28
2398 10 28
2399 10 28
2400 10 28
2401 10 28
2402 10 28
2403 10 28
2404 10 28
2405 10 28
2406 10 28
2407 10 28
2408 10 28
2409 10 28
2410 11 28
2411 11 28
2412 11 28
2413 11 28
2414 11 28
2415 11 28
2416 11 28
2417 11 28
2418 11 28
2419 11 28
2420 11 28
2421 11 28
2422 11 28
2423 11 28
2424 11 28
2425 11 28
2426 11 28
2427 11 28
2428 11 28
2429 11 27
2430 11 27
2431 11 27
2432 11 27
2433 11 27
2434 11 27
2435 11 27
2436 11 28
2437 11 28
2438 11 28
2439 11 28
2440 11 27
2441 11 27
2442 11 27
2443 11 27
2444 11 27
2445 11 27
2446 11 27
2447 11 27
2448 11 27
2449 11 27
2450 11 27
2451 11 27
2452 11 27
2453 11 27
2454 11 27
2455 11 27
2456 11 27
2457 11 27
2458 11 27
2459 11 27
2460 11 27
2461 11 27
2462 11 27
2463 11 27
2464 11 27
2465 11 27
2466 11 27
2467 12 27
2468 12 27
2469 12 27
2470 12 27
2471 12 27
2472 12 27
2473 12 27
2474 12 27
2475 12 27
2476 12 27
2477 12 27
2478 12 27
2479 12 27
2480 12 27
2481 12 27
2482 12 27
2483 12 27
2484 12 27
2485 12 27
2486 12 27
2487 12 27
2488 12 27
2489 12 27
2490 12 27
2491 12 27
2492 12 27
2493 12 27
2494 12 27
2495 12 27
2496 12 27
2497 12 27
2498 12 27
2499 13 27
2500 13 27
2501 13 27
2502 13 27
2503 13 27
2504 13 27
2505 13 27
2506 13 27
2507 13 27
2508 13 27
2509 13 27
2510 13 27
2511 13 27
2512 13 27
2513 13 27
2514 13 27
2515 13 27
2516 13 27
2517 13 27
2518 13 27
2519 13 27
2520 13 27
2521 13 27
2522 13 27
2523 13 27
2524 13 27
2525 13 27
2526 13 27
2527 13 27
2528 13 27
2529 13 27
2530 13 27
2531 13 27
2532 14 27
2533 14 27
2534 14 27
2535 14 27
2536 14 27
2537 14 27
2538 14 27
2539 14 27
2540 14 27
2541 14 27
2542 14 27
2543 14 27
2544 14 27
2545 14 27
2546 14 27
2547 14 27
2548 14 27
2549 14 27
2550 14 27
2551 14 27
2552 14 27
2553 14 27
2554 14 27
2555 14 27
2556 14 27
2557 14 27
2558 14 27
2559 14 27
2560 14 27
2561 14 27
2562 14 27
2563 14 27
2564 14 27
2565 14 27
2566 14 27
2567 14 27
2568 14 27
2569 14 27
2570 14 27
2571 15 27
2572 15 27
2573 15 27
2574 15 27
2575 15 27
2576 15 27
2577 15 27
2578 15 27
2579 15 27
2580 15 27
2581 15 27
2582 15 27
2583 15 27
2584 15 27
2585 15 27
2586 15 27
2587 15 27
2588 15 27
2589 15 27
2590 15 27
2591 15 27
2592 15 27
2593 15 27
2594 15 27
2595 15 27
2596 16 27
2597 16 27
2598 16 27
2599 16 27
2600 16 27
2601 16 27
2602 16 27
2603 16 27
2604 16 27
2605 16 27
2606 16 27
2607 16 27
2608 16 27
2609 16 27
2610 16 27
2611 16 27
2612 16 27
2613 16 27
2614 16 27
2615 16 27
2616 16 27
2617 16 27
2618 16 27
2619 16 27
2620 16 27
2621 17 27
2622 17 27
2623 17 27
2624 17 27
2625 17 27
2626 17 27
2627 17 27
2628 17 27
2629 17 27
2630 17 27
2631 17 27
2632 17 27
2633 18 27
2634 18 27
2635 18 27
2636 18 27
2637 18 27
2638 18 27
2639 18 27
2640 18 27
2641 18 27
2642 18 27
2643 18 27
2644 18 27
2645 18 27
2646 18 27
2647 18 27
2648 19 27
2649 19 27
2650 19 27
2651 19 27
2652 19 27
2653 19 27
2654 19 27
2655 19 27
2656 19 27
2657 19 27
2658 19 27
2659 19 27
2660 19 26
2661 19 26
2662 19 26
2663 19 26
2664 19 26
2665 20 26
2666 20 26
2667 20 26
2668 20 26
2669 20 27
2670 20 27
2671 20 26
2672 20 26
2673 21 26
2674 21 26
2675 21 26
2676 21 26
2677 21 26
2678 21 26
2679 21 26
2680 22 27
2681 22 27
2682 22 27
2683 22 27
2684 22 26
2685 23 26
2686 23 26
2687 23 26
2688 23 27
2689 23 27
2690 23 27
2691 23 27
2692 23 26
2693 24 26
2694 24 26
2695 24 26
2696 24 26
2697 24 26
2698 24 26
2699 24 26
2700 24 26
2701 24 26
2702 24 26
2703 24 26
2704 24 26
2705 24 26
2706 25 26
2707 25 26
2708 25 26
2709 25 26
2710 25 26
2711 26 26
2712 26 26
2713 27 26
2714 27 26
2715 27 26
2716 27 26
2717 28 26
2718 28 26
2719 28 26
2720 28 26
2721 28 26
2722 29 26
2723 29 26
2724 29 26
2725 29 26
2726 29 26
2727 29 26
2728 29 26
2729 29 26
2730 30 26
2731 30 26
2732 31 26
2733 31 26
2734 32 26
2735 32 26
2736 33 26
2737 33 26
2738 33 26
2739 33 26
2740 34 26
2741 34 26
2742 34 26
2743 34 26
2744 34 26
2745 35 26
2746 35 25
2747 35 25
2748 35 25
2749 35 25
2750 35 25
2751 35 25
2752 35 25
2753 36 25
2754 36 25
2755 36 25
2756 37 25
2757 37 25
2758 38 25
2759 38 25
2760 38 25
2761 38 25
2762 39 25
2763 39 25
2764 40 25
2765 41 25
2766 42 25
2767 44 25
2768 44 25
2769 45 25
2770 47 25
2771 48 25
2772 48 25
2773 48 25
2774 50 25
2775 55 25
2776 56 25
2777 57 25
2778 61 25
2779 63 25
2780 65 25
2781 72 25
2782 84 25
2783 100 25
