0 0 0
1 0 0
2 0 0
3 0 0
4 0 0
5 0 0
6 0 0
7 0 0
8 0 0
9 0 0
10 0 0
11 0 0
12 0 0
13 0 0
14 0 0
15 0 0
16 0 0
17 0 0
18 0 0
19 0 0
20 0 0
21 0 0
22 0 0
23 0 0
24 0 0
25 0 0
26 0 0
27 0 0
28 0 0
29 0 0
30 0 0
31 0 0
32 0 0
33 0 0
34 0 0
35 0 0
36 0 0
37 0 0
38 0 0
39 0 0
40 0 0
41 0 0
42 0 0
43 0 0
44 0 0
45 0 0
46 0 0
47 0 0
48 0 0
49 0 0
50 0 0
51 0 0
52 0 0
53 0 0
54 0 0
55 0 0
56 0 0
57 0 0
58 0 0
59 0 0
60 0 0
61 0 0
62 0 0
63 0 0
64 0 0
65 0 0
66 0 0
67 0 0
68 0 0
69 0 0
70 0 0
71 0 0
72 0 0
73 0 0
74 0 0
75 0 0
76 0 0
77 0 0
78 0 0
79 0 0
80 0 0
81 0 0
82 0 0
83 0 0
84 0 0
85 0 0
86 0 0
87 0 0
88 0 0
89 0 0
90 0 0
91 0 0
92 0 0
93 0 0
94 0 0
95 0 0
96 0 0
97 0 0
98 0 0
99 0 0
100 0 0
101 0 0
102 0 0
103 0 0
104 0 0
105 0 0
106 0 0
107 0 0
108 0 0
109 0 0
110 0 0
111 0 0
112 0 0
113 0 0
114 0 0
115 0 0
116 0 0
117 0 0
118 0 0
119 0 0
120 0 0
121 0 0
122 0 0
123 0 0
124 0 0
125 0 0
126 0 0
127 0 0
128 0 0
129 0 0
130 0 0
131 0 0
132 0 0
133 0 0
134 0 0
135 0 0
136 0 0
137 0 0
138 0 0
139 0 0
140 0 0
141 0 0
142 0 0
143 0 0
144 0 0
145 0 0
146 0 0
147 0 0
148 0 0
149 0 0
150 0 0
151 0 0
152 0 0
153 0 0
154 0 0
155 0 0
156 0 0
157 0 0
158 0 0
159 0 0
160 0 0
161 0 0
162 0 0
163 0 0
164 0 0
165 0 0
166 0 0
167 0 0
168 0 0
169 0 0
170 0 0
171 0 0
172 0 0
173 0 0
174 0 0
175 0 0
176 0 0
177 0 0
178 0 0
179 0 0
180 0 0
181 0 0
182 0 0
183 0 0
184 0 0
185 0 0
186 0 0
187 0 0
188 0 0
189 0 0
190 0 0
191 0 0
192 0 0
193 0 0
194 0 0
195 0 0
196 0 0
197 0 0
198 0 0
199 0 0
200 0 0
201 0 0
202 0 0
203 0 0
204 0 0
205 0 0
206 0 0
207 0 0
208 0 0
209 0 0
210 0 0
211 0 0
212 0 0
213 0 0
214 0 0
215 0 0
216 0 0
217 0 0
218 0 0
219 0 0
220 0 0
221 0 0
222 0 0
223 0 0
224 0 0
225 0 0
226 0 0
227 0 0
228 0 0
229 0 0
230 0 0
231 0 0
232 0 0
233 0 0
234 0 0
235 0 0
236 0 0
237 0 0
238 0 0
239 0 0
240 0 0
241 0 0
242 0 0
243 0 0
244 0 0
245 0 0
246 0 0
247 0 0
248 0 0
249 0 0
250 0 0
251 0 0
252 0 0
253 0 0
254 0 0
255 0 0
256 0 0
257 0 0
258 0 0
259 0 0
260 0 0
261 0 0
262 0 0
263 0 0
264 0 0
265 0 0
266 0 0
267 0 0
268 0 0
269 0 0
270 0 0
271 0 0
272 0 0
273 0 0
274 0 0
275 0 0
276 0 0
277 0 0
278 0 0
279 0 0
280 0 0
281 0 0
282 0 0
283 0 0
284 0 0
285 0 0
286 0 0
287 0 0
288 0 0
289 0 0
290 0 0
291 0 0
292 0 0
293 0 0
294 0 0
295 0 0
296 0 0
297 0 0
298 0 0
299 0 0
300 0 0
301 0 0
302 0 0
303 0 0
304 0 0
305 0 0
306 0 0
307 0 0
308 0 0
309 0 0
310 0 0
311 0 0
312 0 0
313 0 0
314 0 0
315 0 0
316 0 0
317 0 0
318 0 0
319 0 0
320 0 0
321 0 0
322 0 0
323 0 0
324 0 0
325 0 0
326 0 0
327 0 0
328 0 0
329 0 0
330 0 0
331 0 0
332 0 0
333 0 0
334 0 0
335 0 0
336 0 0
337 0 0
338 0 0
339 0 0
340 0 0
341 0 0
342 0 0
343 0 0
344 0 0
345 0 0
346 0 0
347 0 0
348 0 0
349 0 0
350 0 0
351 0 0
352 0 0
353 0 0
354 0 0
355 0 0
356 0 0
357 0 0
358 0 0
359 0 0
360 0 0
361 0 0
362 0 0
363 0 0
364 0 0
365 0 0
366 0 0
367 0 0
368 0 0
369 0 0
370 0 0
371 0 0
372 0 0
373 0 0
374 0 0
375 0 0
376 0 0
377 0 0
378 0 0
379 0 0
380 0 0
381 0 0
382 0 0
383 0 0
384 0 0
385 0 0
386 0 0
387 0 0
388 0 0
389 0 0
390 0 0
391 0 0
392 0 0
393 0 0
394 0 0
395 0 0
396 0 0
397 0 0
398 0 0
399 0 0
400 0 0
401 0 0
402 0 0
403 0 0
404 0 0
405 0 0
406 0 0
407 0 0
408 0 0
409 0 0
410 0 0
411 0 0
412 0 0
413 0 0
414 0 0
415 0 0
416 0 0
417 0 0
418 0 0
419 0 0
420 0 0
421 0 0
422 0 0
423 0 0
424 0 0
425 0 0
426 0 0
427 0 0
428 0 0
429 0 0
430 0 0
431 0 0
432 0 0
433 0 0
434 0 0
435 0 0
436 0 0
437 0 0
438 0 0
439 0 0
440 0 0
441 0 0
442 0 0
443 0 0
444 0 0
445 0 0
446 0 0
447 0 0
448 0 0
449 0 0
450 0 0
451 0 0
452 0 0
453 0 0
454 0 0
455 0 0
456 0 0
457 0 0
458 0 0
459 0 0
460 0 0
461 0 0
462 0 0
463 0 0
464 0 0
465 0 0
466 0 0
467 0 0
468 0 0
469 0 0
470 0 0
471 0 0
472 0 0
473 0 0
474 0 0
475 0 0
476 0 0
477 0 0
478 0 0
479 0 0
480 0 0
481 0 0
482 0 0
483 0 0
484 0 0
485 0 0
486 0 0
487 0 0
488 0 0
489 0 0
490 0 0
491 0 0
492 0 0
493 0 0
494 0 0
495 0 0
496 0 0
497 0 0
498 0 0
499 0 0
500 0 0
501 0 0
502 0 0
503 0 0
504 0 0
505 0 0
506 0 0
507 0 0
508 0 0
509 0 0
510 0 1
511 0 1
512 0 1
513 0 1
514 0 1
515 0 1
516 0 1
517 0 1
518 0 1
519 0 1
520 0 1
521 0 1
522 0 1
523 0 1
524 0 1
525 0 1
526 0 1
527 0 1
528 0 1
529 0 1
530 0 1
531 0 1
532 0 1
533 0 1
534 0 1
535 0 1
536 0 1
537 0 1
538 0 1
539 0 1
540 0 1
541 0 1
542 0 1
543 0 1
544 0 1
545 0 1
546 0 1
547 0 1
548 0 1
549 0 1
550 0 1
551 0 1
552 0 1
553 0 1
554 0 1
555 0 1
556 0 1
557 0 1
558 0 1
559 0 1
560 0 1
561 0 1
562 0 1
563 0 1
564 0 1
565 0 1
566 0 1
567 0 1
568 0 1
569 0 1
570 0 1
571 0 1
572 0 1
573 0 1
574 0 1
575 0 1
576 0 1
577 0 1
578 0 1
579 0 1
580 0 1
581 0 1
582 0 1
583 0 1
584 0 1
585 0 1
586 0 1
587 0 1
588 0 1
589 0 1
590 0 1
591 0 1
592 0 1
593 0 1
594 0 1
595 0 1
596 0 1
597 0 1
598 0 1
599 0 1
600 0 1
601 0 1
602 0 1
603 0 1
604 0 1
605 0 1
606 0 1
607 0 1
608 0 1
609 0 1
610 0 1
611 0 1
612 0 1
613 0 1
614 0 1
615 0 1
616 0 1
617 0 1
618 0 1
619 0 1
620 0 1
621 0 1
622 0 1
623 0 1
624 0 1
625 0 1
626 0 1
627 0 1
628 0 1
629 0 1
630 0 1
631 0 1
632 0 1
633 0 1
634 0 1
635 0 1
636 0 1
637 0 1
638 0 1
639 0 1
640 0 1
641 0 1
642 0 1
643 0 1
644 0 1
645 0 1
646 0 1
647 0 1
648 0 1
649 0 1
650 0 1
651 0 1
652 0 1
653 0 1
654 0 1
655 0 1
656 0 1
657 0 1
658 0 1
659 0 1
660 0 1
661 0 1
662 0 1
663 0 1
664 0 1
665 0 1
666 0 1
667 0 1
668 0 1
669 0 1
670 0 1
671 0 1
672 0 1
673 0 1
674 0 1
675 0 1
676 0 1
677 0 1
678 0 1
679 0 1
680 0 1
681 0 1
682 0 1
683 0 1
684 0 1
685 0 1
686 0 1
687 0 1
688 0 1
689 0 1
690 0 1
691 0 1
692 0 1
693 0 1
694 0 1
695 0 1
696 0 1
697 0 1
698 0 1
699 0 1
700 0 1
701 0 1
702 0 1
703 0 1
704 0 1
705 0 1
706 0 1
707 0 1
708 0 1
709 0 1
710 0 1
711 0 1
712 0 1
713 0 1
714 0 1
715 0 1
716 0 1
717 0 1
718 0 1
719 0 1
720 0 1
721 0 1
722 0 1
723 0 1
724 0 1
725 0 1
726 0 1
727 0 1
728 0 1
729 0 1
730 0 1
731 0 1
732 0 1
733 0 1
734 0 1
735 0 1
736 0 1
737 0 1
738 0 1
739 0 1
740 0 1
741 0 1
742 0 1
743 0 1
744 0 1
745 0 1
746 0 1
747 0 1
748 0 1
749 0 1
750 0 1
751 0 1
752 0 1
753 0 1
754 0 1
755 0 1
756 0 1
757 0 1
758 0 1
759 0 1
760 0 1
761 0 1
762 0 1
763 0 1
764 0 1
765 0 1
766 0 1
767 0 1
768 0 1
769 0 1
770 0 1
771 0 1
772 0 1
773 0 1
774 0 1
775 0 1
776 0 1
777 0 1
778 0 1
779 0 1
780 0 1
781 0 1
782 0 1
783 0 1
784 0 1
785 0 1
786 0 1
787 0 1
788 0 1
789 0 1
790 0 1
791 0 1
792 0 1
793 0 1
794 0 1
795 0 1
796 0 1
797 0 1
798 0 1
799 0 1
800 0 1
801 0 1
802 0 1
803 0 1
804 0 1
805 0 1
806 0 1
807 0 1
808 0 1
809 0 1
810 0 1
811 0 1
812 0 1
813 0 1
814 0 1
815 0 1
816 0 1
817 0 1
818 0 1
819 0 1
820 0 1
821 0 1
822 0 1
823 0 1
824 0 1
825 0 1
826 0 1
827 0 1
828 0 1
829 0 1
830 0 1
831 0 1
832 0 1
833 0 1
834 0 1
835 0 1
836 0 1
837 0 1
838 0 1
839 0 1
840 0 1
841 0 1
842 0 1
843 0 1
844 0 1
845 0 1
846 0 2
847 0 2
848 0 2
849 0 2
850 0 2
851 0 2
852 0 2
853 0 2
854 0 2
855 0 2
856 0 2
857 0 2
858 0 2
859 0 2
860 0 2
861 0 2
862 0 2
863 0 2
864 0 2
865 0 2
866 0 2
867 0 2
868 0 2
869 0 2
870 0 2
871 0 2
872 0 2
873 0 2
874 0 2
875 0 2
876 0 2
877 0 2
878 0 2
879 0 2
880 0 2
881 0 2
882 0 2
883 0 2
884 0 2
885 0 2
886 0 2
887 0 2
888 0 2
889 0 2
890 0 2
891 0 2
892 0 2
893 0 2
894 0 2
895 0 2
896 0 2
897 0 2
898 0 2
899 0 2
900 0 2
901 0 2
902 0 2
903 0 2
904 0 2
905 0 2
906 0 2
907 1 2
908 1 2
909 1 2
910 1 2
911 1 2
912 1 2
913 1 2
914 1 2
915 1 2
916 1 2
917 1 2
918 1 2
919 1 2
920 1 2
921 1 2
922 1 2
923 1 2
924 1 2
925 1 2
926 1 2
927 1 2
928 1 2
929 1 2
930 1 2
931 1 2
932 1 2
933 1 2
934 1 2
935 1 2
936 1 2
937 1 2
938 1 2
939 1 2
940 1 2
941 1 2
942 1 2
943 1 2
944 1 2
945 1 2
946 1 2
947 1 2
948 1 2
949 1 2
950 1 2
951 1 2
952 1 2
953 1 2
954 1 2
955 1 2
956 1 2
957 1 2
958 1 2
959 1 2
960 1 2
961 1 2
962 1 2
963 1 2
964 1 2
965 1 2
966 1 2
967 1 2
968 1 2
969 1 2
970 1 2
971 1 2
972 1 2
973 1 2
974 1 2
975 1 2
976 1 2
977 1 2
978 1 2
979 1 2
980 1 2
981 1 2
982 1 2
983 1 2
984 1 2
985 1 2
986 1 2
987 1 2
988 1 2
989 1 2
990 1 2
991 1 2
992 1 2
993 1 2
994 1 2
995 1 2
996 1 2
997 1 2
998 1 2
999 1 2
1000 1 2
1001 1 2
1002 1 2
1003 1 2
1004 1 2
1005 1 2
1006 1 2
1007 1 2
1008 1 2
1009 1 2
1010 1 2
1011 1 2
1012 1 2
1013 1 2
1014 1 2
1015 1 2
1016 1 2
1017 1 2
1018 1 2
1019 1 2
1020 1 2
1021 1 2
1022 1 2
1023 1 2
1024 1 2
1025 1 2
1026 1 2
1027 1 2
1028 1 2
1029 1 2
1030 1 2
1031 1 2
1032 1 2
1033 1 2
1034 1 2
1035 1 2
1036 1 2
1037 1 2
1038 1 2
1039 1 2
1040 1 2
1041 1 2
1042 1 2
1043 1 2
1044 1 2
1045 1 2
1046 1 2
1047 1 2
1048 1 2
1049 1 2
1050 1 2
1051 1 2
1052 1 2
1053 1 2
1054 1 2
1055 1 2
1056 1 2
1057 1 2
1058 1 3
1059 1 3
1060 1 3
1061 1 3
1062 1 3
1063 1 3
1064 1 3
1065 1 3
1066 1 3
1067 1 3
1068 1 3
1069 1 3
1070 1 3
1071 1 3
1072 1 3
1073 1 3
1074 1 3
1075 1 3
1076 1 3
1077 1 3
1078 1 3
1079 1 3
1080 1 3
1081 1 3
1082 1 3
1083 1 3
1084 1 3
1085 1 3
1086 1 3
1087 1 3
1088 1 3
1089 1 3
1090 1 3
1091 1 3
1092 1 3
1093 1 3
1094 1 3
1095 1 3
1096 1 3
1097 1 3
1098 1 3
1099 1 3
1100 1 3
1101 1 3
1102 1 3
1103 1 3
1104 1 3
1105 1 3
1106 1 3
1107 1 3
1108 1 3
1109 1 3
1110 1 3
1111 1 3
1112 1 3
1113 1 3
1114 1 3
1115 1 3
1116 1 3
1117 1 3
1118 1 3
1119 1 4
1120 1 4
1121 1 4
1122 1 4
1123 1 4
1124 1 4
1125 1 4
1126 1 4
1127 1 4
1128 1 4
1129 1 4
1130 1 3
1131 1 3
1132 1 3
1133 1 3
1134 1 3
1135 1 3
1136 1 3
1137 1 3
1138 1 3
1139 1 3
1140 1 3
1141 1 3
1142 1 3
1143 1 4
1144 1 4
1145 1 4
1146 1 4
1147 1 4
1148 1 4
1149 1 4
1150 1 4
1151 1 4
1152 1 4
1153 1 4
1154 1 4
1155 1 4
1156 1 4
1157 1 4
1158 1 4
1159 1 4
1160 1 4
1161 1 4
1162 1 4
1163 1 4
1164 1 4
1165 1 4
1166 1 4
1167 1 4
1168 1 4
1169 1 4
1170 1 4
1171 1 4
1172 1 4
1173 1 4
1174 1 4
1175 1 4
1176 1 4
1177 1 4
1178 1 4
1179 1 4
1180 1 4
1181 1 4
1182 1 4
1183 1 4
1184 1 4
1185 1 4
1186 1 4
1187 1 4
1188 1 4
1189 1 4
1190 1 4
1191 1 4
1192 1 4
1193 1 5
1194 1 5
1195 1 5
1196 1 5
1197 1 5
1198 1 5
1199 1 5
1200 1 5
1201 1 5
1202 1 5
1203 1 5
1204 1 5
1205 1 5
1206 1 5
1207 1 5
1208 1 5
1209 1 5
1210 1 5
1211 1 5
1212 1 5
1213 1 5
1214 1 5
1215 1 5
1216 1 5
1217 1 5
1218 1 5
1219 1 5
1220 1 5
1221 1 5
1222 1 5
1223 1 5
1224 1 5
1225 1 5
1226 1 5
1227 1 5
1228 1 5
1229 1 5
1230 1 5
1231 1 5
1232 1 5
1233 1 5
1234 1 4
1235 1 4
1236 1 4
1237 1 4
1238 1 4
1239 1 4
1240 1 4
1241 1 4
1242 1 4
1243 1 4
1244 1 4
1245 1 4
1246 1 4
1247 1 4
1248 1 4
1249 1 5
1250 1 5
1251 1 5
1252 1 5
1253 1 5
1254 1 5
1255 1 5
1256 1 5
1257 1 5
1258 1 5
1259 1 5
1260 1 5
1261 1 5
1262 1 5
1263 1 5
1264 1 5
1265 1 5
1266 1 5
1267 1 5
1268 1 5
1269 1 5
1270 1 5
1271 1 5
1272 1 5
1273 1 5
1274 1 5
1275 1 5
1276 1 5
1277 1 5
1278 1 5
1279 1 5
1280 1 5
1281 1 5
1282 1 5
1283 1 5
1284 1 5
1285 1 5
1286 1 5
1287 1 5
1288 1 5
1289 1 5
1290 1 5
1291 1 5
1292 2 5
1293 2 5
1294 2 5
1295 2 5
1296 2 5
1297 2 6
1298 2 6
1299 2 6
1300 2 6
1301 2 6
1302 2 6
1303 2 5
1304 2 5
1305 2 5
1306 2 5
1307 2 5
1308 2 5
1309 2 5
1310 2 5
1311 2 5
1312 2 5
1313 2 5
1314 2 6
1315 2 6
1316 2 6
1317 2 6
1318 2 6
1319 2 6
1320 2 6
1321 2 6
1322 2 6
1323 2 6
1324 2 6
1325 2 6
1326 2 6
1327 2 6
1328 2 6
1329 2 6
1330 2 6
1331 2 6
1332 2 6
1333 2 6
1334 2 6
1335 2 6
1336 2 6
1337 2 6
1338 2 6
1339 2 6
1340 2 6
1341 2 6
1342 2 6
1343 2 6
1344 2 6
1345 2 6
1346 2 6
1347 2 6
1348 2 6
1349 2 6
1350 2 6
1351 2 6
1352 2 6
1353 2 6
1354 2 6
1355 2 6
1356 2 6
1357 2 6
1358 2 6
1359 2 6
1360 2 6
1361 2 6
1362 2 6
1363 2 6
1364 2 6
1365 2 6
1366 2 6
1367 2 6
1368 2 6
1369 2 6
1370 2 6
1371 2 6
1372 2 6
1373 2 6
1374 2 6
1375 2 6
1376 2 6
1377 2 6
1378 2 6
1379 2 6
1380 2 6
1381 2 6
1382 2 6
1383 2 6
1384 2 6
1385 2 6
1386 2 6
1387 2 6
1388 2 6
1389 2 6
1390 2 6
1391 2 6
1392 2 6
1393 2 6
1394 2 7
1395 2 7
1396 2 7
1397 2 7
1398 2 7
1399 2 7
1400 2 7
1401 2 7
1402 2 7
1403 2 7
1404 2 7
1405 2 7
1406 2 7
1407 2 7
1408 2 7
1409 2 7
1410 2 7
1411 2 7
1412 2 7
1413 2 7
1414 2 7
1415 2 7
1416 2 7
1417 2 7
1418 2 7
1419 2 7
1420 2 7
1421 2 7
1422 2 7
1423 2 7
1424 2 7
1425 2 7
1426 2 7
1427 2 7
1428 2 7
1429 2 7
1430 2 7
1431 2 7
1432 2 7
1433 2 7
1434 2 7
1435 2 7
1436 2 7
1437 2 7
1438 2 7
1439 2 7
1440 2 7
1441 2 8
1442 2 8
1443 2 8
1444 2 8
1445 2 8
1446 2 8
1447 2 8
1448 2 8
1449 2 8
1450 2 8
1451 2 8
1452 2 7
1453 2 7
1454 2 7
1455 2 7
1456 2 7
1457 2 7
1458 2 7
1459 2 7
1460 2 7
1461 2 8
1462 2 8
1463 2 8
1464 2 8
1465 2 8
1466 2 8
1467 2 8
1468 2 8
1469 2 8
1470 2 8
1471 2 8
1472 2 8
1473 2 8
1474 2 8
1475 2 8
1476 2 8
1477 2 8
1478 2 8
1479 2 8
1480 2 8
1481 2 8
1482 2 8
1483 2 8
1484 2 8
1485 2 8
1486 2 8
1487 2 8
1488 2 8
1489 2 9
1490 2 9
1491 2 9
1492 2 9
1493 2 9
1494 2 9
1495 2 9
1496 2 9
1497 2 9
1498 2 9
1499 2 9
1500 2 9
1501 2 9
1502 2 9
1503 2 9
1504 2 9
1505 2 9
1506 2 9
1507 2 9
1508 2 9
1509 2 9
1510 2 9
1511 2 9
1512 2 9
1513 2 9
1514 2 9
1515 2 9
1516 2 9
1517 2 9
1518 2 9
1519 2 9
1520 2 9
1521 2 9
1522 2 9
1523 2 9
1524 2 9
1525 2 9
1526 2 9
1527 2 9
1528 2 9
1529 2 9
1530 2 9
1531 2 9
1532 2 9
1533 2 9
1534 2 9
1535 2 9
1536 2 9
1537 2 9
1538 2 9
1539 2 9
1540 2 9
1541 2 9
1542 2 9
1543 2 9
1544 2 9
1545 2 9
1546 2 9
1547 2 9
1548 2 10
1549 2 10
1550 2 10
1551 2 10
1552 2 10
1553 2 10
1554 2 10
1555 2 10
1556 2 10
1557 2 10
1558 2 10
1559 2 10
1560 2 10
1561 2 10
1562 2 10
1563 2 10
1564 2 10
1565 2 10
1566 2 10
1567 2 10
1568 2 10
1569 2 10
1570 2 10
1571 2 10
1572 2 10
1573 2 11
1574 2 11
1575 2 11
1576 2 11
1577 2 11
1578 2 11
1579 2 11
1580 2 11
1581 2 11
1582 2 11
1583 2 11
1584 3 11
1585 3 11
1586 3 11
1587 3 11
1588 3 11
1589 3 11
1590 3 11
1591 3 11
1592 3 11
1593 3 11
1594 3 11
1595 3 11
1596 3 11
1597 3 11
1598 3 11
1599 3 11
1600 3 11
1601 3 11
1602 3 11
1603 3 11
1604 3 11
1605 3 11
1606 3 11
1607 3 11
1608 3 11
1609 3 11
1610 3 11
1611 3 11
1612 3 11
1613 3 11
1614 3 11
1615 3 11
1616 3 11
1617 3 11
1618 3 11
1619 3 11
1620 3 11
1621 3 11
1622 3 12
1623 3 12
1624 3 12
1625 3 12
1626 3 12
1627 3 12
1628 3 12
1629 3 12
1630 3 12
1631 3 12
1632 3 12
1633 3 12
1634 3 12
1635 3 12
1636 3 12
1637 3 12
1638 3 12
1639 3 12
1640 3 12
1641 3 12
1642 3 12
1643 3 12
1644 3 12
1645 3 12
1646 3 12
1647 3 12
1648 3 12
1649 3 12
1650 3 12
1651 3 12
1652 3 12
1653 3 12
1654 3 12
1655 3 12
1656 3 12
1657 3 12
1658 3 12
1659 3 12
1660 3 12
1661 3 12
1662 3 12
1663 3 13
1664 3 13
1665 3 13
1666 3 13
1667 3 13
1668 3 13
1669 3 13
1670 3 13
1671 3 13
1672 3 13
1673 3 13
1674 3 13
1675 3 13
1676 3 13
1677 3 13
1678 3 13
1679 3 13
1680 3 13
1681 3 13
1682 3 13
1683 3 13
1684 3 13
1685 3 13
1686 3 13
1687 3 13
1688 3 13
1689 3 13
1690 3 13
1691 3 13
1692 3 13
1693 3 13
1694 3 13
1695 3 13
1696 3 13
1697 3 13
1698 3 13
1699 3 13
1700 3 13
1701 3 13
1702 3 13
1703 3 13
1704 3 13
1705 3 13
1706 3 13
1707 3 13
1708 3 13
1709 3 13
1710 3 13
1711 3 13
1712 3 13
1713 3 13
1714 3 13
1715 3 14
1716 3 14
1717 3 14
1718 3 14
1719 3 14
1720 3 14
1721 3 14
1722 3 14
1723 3 14
1724 3 14
1725 3 14
1726 3 14
1727 3 14
1728 3 14
1729 3 14
1730 3 14
1731 3 14
1732 3 14
1733 3 14
1734 3 14
1735 3 15
1736 3 15
1737 3 15
1738 3 15
1739 3 15
1740 3 15
1741 3 15
1742 3 15
1743 3 15
1744 3 15
1745 3 15
1746 3 15
1747 3 15
1748 3 15
1749 3 16
1750 3 15
1751 3 15
1752 3 15
1753 3 15
1754 3 16
1755 3 16
1756 3 16
1757 3 16
1758 3 16
1759 3 16
1760 3 16
1761 3 16
1762 3 16
1763 3 16
1764 3 16
1765 3 16
1766 3 16
1767 3 16
1768 3 16
1769 3 16
1770 3 16
1771 3 16
1772 3 16
1773 3 16
1774 3 17
1775 3 17
1776 3 17
1777 3 17
1778 3 17
1779 3 17
1780 3 17
1781 3 17
1782 3 17
1783 3 17
1784 3 17
1785 3 17
1786 3 17
1787 3 17
1788 3 17
1789 3 17
1790 3 17
1791 3 17
1792 3 17
1793 3 17
1794 3 17
1795 3 17
1796 3 17
1797 3 17
1798 3 17
1799 3 17
1800 3 17
1801 3 17
1802 3 17
1803 3 17
1804 3 17
1805 3 17
1806 3 17
1807 3 17
1808 3 17
1809 4 17
1810 4 17
1811 4 17
1812 4 17
1813 4 17
1814 4 17
1815 4 17
1816 4 17
1817 4 17
1818 4 17
1819 4 17
1820 4 17
1821 4 17
1822 4 17
1823 4 18
1824 4 18
1825 4 18
1826 4 18
1827 4 18
1828 4 18
1829 4 18
1830 4 18
1831 4 18
1832 4 18
1833 4 18
1834 4 18
1835 4 18
1836 4 18
1837 4 18
1838 4 18
1839 4 18
1840 4 18
1841 4 18
1842 4 18
1843 4 18
1844 4 18
1845 4 18
1846 4 18
1847 4 18
1848 4 18
1849 4 18
1850 4 19
1851 4 18
1852 4 18
1853 4 18
1854 4 18
1855 4 18
1856 4 18
1857 4 19
1858 4 19
1859 4 19
1860 4 19
1861 4 19
1862 4 19
1863 4 19
1864 4 19
1865 4 19
1866 4 19
1867 4 19
1868 4 19
1869 4 19
1870 4 19
1871 4 19
1872 4 19
1873 4 19
1874 4 19
1875 4 19
1876 4 19
1877 4 19
1878 4 19
1879 4 19
1880 4 19
1881 4 19
1882 4 19
1883 4 19
1884 4 20
1885 4 20
1886 4 20
1887 4 20
1888 4 20
1889 4 20
1890 4 20
1891 4 20
1892 4 20
1893 4 20
1894 4 20
1895 4 20
1896 4 20
1897 4 20
1898 4 20
1899 4 20
1900 4 20
1901 4 20
1902 4 20
1903 4 20
1904 4 20
1905 4 20
1906 4 20
1907 4 20
1908 4 20
1909 4 20
1910 4 20
1911 4 21
1912 4 21
1913 4 21
1914 4 21
1915 4 21
1916 4 21
1917 4 21
1918 4 21
1919 4 21
1920 4 21
1921 4 21
1922 4 21
1923 4 21
1924 4 21
1925 4 21
1926 4 21
1927 4 21
1928 4 21
1929 4 21
1930 4 21
1931 4 21
1932 4 21
1933 4 21
1934 4 21
1935 4 21
1936 4 21
1937 4 21
1938 4 21
1939 4 21
1940 4 21
1941 4 21
1942 4 21
1943 4 21
1944 4 21
1945 4 21
1946 4 22
1947 4 22
1948 4 22
1949 4 22
1950 4 22
1951 4 22
1952 4 22
1953 4 22
1954 5 22
1955 5 22
1956 5 22
1957 5 22
1958 5 22
1959 5 22
1960 5 22
1961 5 22
1962 5 22
1963 5 22
1964 5 22
1965 5 22
1966 5 22
1967 5 22
1968 5 22
1969 5 22
1970 5 22
1971 5 22
1972 5 22
1973 5 22
1974 5 22
1975 5 22
1976 5 22
1977 5 22
1978 5 22
1979 5 22
1980 5 22
1981 5 22
1982 5 22
1983 5 22
1984 5 22
1985 5 22
1986 5 22
1987 5 22
1988 5 22
1989 5 22
1990 5 22
1991 5 22
1992 5 22
1993 5 22
1994 5 22
1995 5 22
1996 5 22
1997 5 22
1998 5 22
1999 5 22
2000 5 22
2001 5 22
2002 5 22
2003 5 22
2004 5 22
2005 5 22
2006 5 22
2007 5 22
2008 5 22
2009 5 22
2010 5 22
2011 5 22
2012 5 22
2013 5 22
2014 5 22
2015 5 22
2016 5 22
2017 5 22
2018 5 22
2019 5 22
2020 5 22
2021 5 22
2022 5 22
2023 5 22
2024 5 22
2025 5 22
2026 5 22
2027 5 22
2028 5 22
2029 5 22
2030 5 22
2031 5 22
2032 5 22
2033 5 22
2034 5 22
2035 5 22
2036 5 22
2037 5 22
2038 5 22
2039 5 22
2040 5 22
2041 5 22
2042 5 23
2043 5 23
2044 5 23
2045 5 23
2046 5 23
2047 5 23
2048 5 23
2049 5 23
2050 5 23
2051 5 23
2052 5 23
2053 5 23
2054 5 23
2055 5 23
2056 5 23
2057 5 23
2058 5 23
2059 5 23
2060 5 23
2061 5 23
2062 5 23
2063 5 23
2064 5 23
2065 5 23
2066 5 23
2067 5 23
2068 5 23
2069 5 23
2070 5 23
2071 5 23
2072 5 24
2073 5 24
2074 5 24
2075 5 24
2076 5 24
2077 5 24
2078 5 24
2079 5 24
2080 5 24
2081 5 24
2082 5 24
2083 5 24
2084 5 24
2085 5 24
2086 5 24
2087 5 24
2088 5 24
2089 5 24
2090 5 24
2091 5 24
2092 5 24
2093 5 24
2094 5 24
2095 5 24
2096 5 24
2097 5 24
2098 5 24
2099 5 24
2100 5 24
2101 5 24
2102 5 24
2103 5 24
2104 5 24
2105 5 24
2106 5 24
2107 5 24
2108 5 24
2109 5 25
2110 5 25
2111 5 25
2112 5 25
2113 5 25
2114 5 25
2115 5 25
2116 5 25
2117 5 25
2118 5 25
2119 5 25
2120 5 25
2121 5 25
2122 5 25
2123 6 25
2124 6 25
2125 6 25
2126 6 25
2127 6 25
2128 6 25
2129 6 25
2130 6 25
2131 6 25
2132 6 25
2133 6 25
2134 6 25
2135 6 25
2136 6 25
2137 6 25
2138 6 25
2139 6 25
2140 6 25
2141 6 25
2142 6 25
2143 6 25
2144 6 25
2145 6 25
2146 6 25
2147 6 25
2148 6 25
2149 6 25
2150 6 25
2151 6 25
2152 6 25
2153 6 25
2154 6 25
2155 6 25
2156 6 25
2157 6 25
2158 6 25
2159 6 26
2160 6 26
2161 6 26
2162 6 26
2163 6 26
2164 6 26
2165 6 26
2166 6 26
2167 6 26
2168 6 26
2169 6 26
2170 6 26
2171 6 26
2172 6 26
2173 6 26
2174 6 26
2175 6 26
2176 6 26
2177 6 26
2178 6 26
2179 6 26
2180 6 26
2181 6 26
2182 6 26
2183 6 26
2184 6 26
2185 6 26
2186 6 26
2187 6 26
2188 6 26
2189 6 26
2190 6 26
2191 6 26
2192 6 26
2193 6 26
2194 6 26
2195 6 26
2196 6 26
2197 6 26
2198 6 26
2199 6 26
2200 6 27
2201 6 26
2202 6 26
2203 6 27
2204 6 27
2205 6 27
2206 6 27
2207 6 27
2208 6 27
2209 6 27
2210 6 27
2211 6 27
2212 6 27
2213 6 27
2214 6 27
2215 6 27
2216 6 27
2217 6 27
2218 6 27
2219 6 27
2220 6 27
2221 6 27
2222 6 27
2223 6 27
2224 6 27
2225 6 27
2226 6 27
2227 6 27
2228 6 27
2229 6 27
2230 6 27
2231 6 27
2232 6 27
2233 6 27
2234 6 27
2235 6 27
2236 6 27
2237 6 27
2238 6 27
2239 6 27
2240 6 27
2241 6 27
2242 6 27
2243 6 27
2244 7 27
2245 7 27
2246 7 27
2247 7 27
2248 7 27
2249 7 27
2250 7 27
2251 7 27
2252 7 27
2253 7 27
2254 7 27
2255 7 27
2256 7 27
2257 7 27
2258 7 27
2259 7 27
2260 7 27
2261 7 27
2262 7 27
2263 7 27
2264 7 27
2265 7 27
2266 7 27
2267 7 27
2268 7 27
2269 7 27
2270 7 27
2271 7 27
2272 7 27
2273 7 27
2274 7 27
2275 7 27
2276 7 27
2277 7 27
2278 7 27
2279 7 28
2280 7 28
2281 7 28
2282 7 28
2283 7 28
2284 7 28
2285 7 28
2286 7 28
2287 7 28
2288 7 28
2289 7 28
2290 7 28
2291 7 28
2292 7 28
2293 7 28
2294 7 28
2295 7 28
2296 7 28
2297 7 28
2298 7 28
2299 7 28
2300 7 28
2301 7 28
2302 7 28
2303 7 28
2304 7 28
2305 7 28
2306 7 28
2307 7 28
2308 7 28
2309 7 28
2310 7 28
2311 7 28
2312 7 28
2313 7 28
2314 7 28
2315 7 28
2316 7 28
2317 7 29
2318 7 29
2319 7 29
2320 7 29
2321 7 29
2322 7 29
2323 7 29
2324 7 29
2325 7 29
2326 7 29
2327 7 29
2328 7 29
2329 7 29
2330 7 29
2331 7 29
2332 7 29
2333 7 29
2334 7 29
2335 7 29
2336 7 29
2337 7 29
2338 7 29
2339 7 29
2340 7 29
2341 7 29
2342 7 29
2343 7 29
2344 7 29
2345 7 29
2346 8 29
2347 8 29
2348 8 29
2349 8 29
2350 8 29
2351 8 29
2352 8 29
2353 8 29
2354 8 29
2355 8 29
2356 8 29
2357 8 29
2358 8 29
2359 8 29
2360 8 29
2361 8 29
2362 8 29
2363 8 29
2364 8 29
2365 8 29
2366 8 29
2367 8 29
2368 8 29
2369 8 29
2370 8 29
2371 8 29
2372 8 29
2373 8 29
2374 8 29
2375 8 29
2376 8 29
2377 8 29
2378 8 29
2379 8 29
2380 8 29
2381 8 29
2382 8 29
2383 8 29
2384 8 29
2385 8 29
2386 8 29
2387 8 29
2388 8 29
2389 8 29
2390 8 29
2391 8 29
2392 8 29
2393 8 29
2394 8 29
2395 8 29
2396 8 29
2397 8 29
2398 8 29
2399 8 29
2400 8 29
2401 8 30
2402 8 30
2403 8 30
2404 8 30
2405 8 30
2406 8 30
2407 8 30
2408 8 30
2409 8 30
2410 8 30
2411 8 30
2412 8 30
2413 8 30
2414 8 30
2415 8 30
2416 8 30
2417 8 30
2418 8 30
2419 8 30
2420 8 30
2421 8 30
2422 8 30
2423 8 30
2424 8 30
2425 8 30
2426 8 30
2427 8 30
2428 8 30
2429 8 30
2430 8 30
2431 8 30
2432 8 30
2433 8 30
2434 8 30
2435 8 30
2436 8 30
2437 8 30
2438 9 30
2439 9 30
2440 9 30
2441 9 30
2442 9 30
2443 9 30
2444 9 30
2445 9 30
2446 9 31
2447 9 31
2448 9 31
2449 9 31
2450 9 31
2451 9 31
2452 9 31
2453 9 31
2454 9 31
2455 9 31
2456 9 31
2457 9 31
2458 9 31
2459 9 31
2460 9 31
2461 9 31
2462 9 31
2463 9 31
2464 9 31
2465 9 31
2466 9 31
2467 9 31
2468 9 31
2469 9 31
2470 9 31
2471 9 31
2472 9 31
2473 9 31
2474 9 31
2475 9 31
2476 9 31
2477 9 31
2478 9 31
2479 9 31
2480 9 31
2481 9 31
2482 9 31
2483 9 31
2484 9 31
2485 9 31
2486 9 31
2487 9 31
2488 9 31
2489 9 31
2490 9 31
2491 9 31
2492 9 31
2493 9 31
2494 9 31
2495 9 31
2496 9 31
2497 9 31
2498 9 31
2499 9 31
2500 9 31
2501 10 31
2502 10 31
2503 10 31
2504 10 31
2505 10 31
2506 10 31
2507 10 31
2508 10 31
2509 10 31
2510 10 31
2511 10 31
2512 10 31
2513 10 31
2514 10 31
2515 10 31
2516 10 31
2517 10 31
2518 10 31
2519 10 31
2520 10 31
2521 10 31
2522 10 31
2523 10 31
2524 10 31
2525 10 31
2526 10 31
2527 10 31
2528 10 31
2529 10 31
2530 10 31
2531 10 31
2532 10 31
2533 10 31
2534 10 31
2535 10 31
2536 10 31
2537 10 31
2538 10 31
2539 10 31
2540 10 31
2541 10 31
2542 10 31
2543 10 31
2544 10 31
2545 10 31
2546 10 31
2547 10 31
2548 10 31
2549 10 31
2550 10 31
2551 10 31
2552 10 31
2553 10 31
2554 10 31
2555 10 31
2556 10 31
2557 10 31
2558 10 31
2559 10 31
2560 10 31
2561 10 31
2562 10 32
2563 10 32
2564 10 32
2565 10 32
2566 10 32
2567 10 32
2568 10 32
2569 10 32
2570 10 32
2571 10 32
2572 10 32
2573 10 32
2574 10 32
2575 10 32
2576 10 32
2577 11 32
2578 11 32
2579 11 32
2580 11 32
2581 11 32
2582 11 32
2583 11 32
2584 11 32
2585 11 32
2586 11 32
2587 11 32
2588 11 32
2589 11 32
2590 11 32
2591 11 32
2592 11 32
2593 11 32
2594 11 32
2595 11 32
2596 11 32
2597 11 32
2598 11 32
2599 11 32
2600 11 32
2601 11 32
2602 11 32
2603 11 32
2604 11 32
2605 11 32
2606 11 32
2607 11 32
2608 11 32
2609 11 32
2610 11 32
2611 11 32
2612 11 32
2613 11 32
2614 11 32
2615 11 32
2616 11 32
2617 11 32
2618 11 32
2619 11 32
2620 11 32
2621 11 32
2622 11 32
2623 11 32
2624 11 32
2625 11 32
2626 11 32
2627 11 32
2628 11 32
2629 11 32
2630 11 33
2631 11 33
2632 11 33
2633 11 33
2634 11 33
2635 11 33
2636 11 33
2637 12 33
2638 12 33
2639 12 33
2640 12 33
2641 12 33
2642 12 33
2643 12 33
2644 12 33
2645 12 33
2646 12 33
2647 12 33
2648 12 33
2649 12 33
2650 12 33
2651 12 33
2652 12 33
2653 12 33
2654 12 33
2655 12 33
2656 12 33
2657 12 33
2658 12 34
2659 12 34
2660 12 34
2661 12 34
2662 12 34
2663 12 34
2664 12 34
2665 12 34
2666 12 34
2667 12 34
2668 12 34
2669 12 34
2670 12 34
2671 12 34
2672 12 34
2673 12 34
2674 12 34
2675 12 34
2676 12 34
2677 12 34
2678 12 34
2679 12 34
2680 12 34
2681 12 34
2682 12 34
2683 12 34
2684 12 34
2685 13 34
2686 13 34
2687 13 34
2688 13 34
2689 13 34
2690 13 34
2691 13 34
2692 13 34
2693 13 34
2694 13 34
2695 13 34
2696 13 34
2697 13 34
2698 13 34
2699 13 34
2700 13 34
2701 13 34
2702 13 34
2703 13 34
2704 13 34
2705 13 34
2706 13 34
2707 13 34
2708 13 34
2709 13 34
2710 13 34
2711 13 34
2712 13 34
2713 13 34
2714 13 34
2715 13 34
2716 13 34
2717 13 34
2718 13 34
2719 13 34
2720 13 34
2721 13 34
2722 13 34
2723 13 34
2724 13 34
2725 13 34
2726 13 34
2727 13 34
2728 13 34
2729 13 34
2730 13 34
2731 13 34
2732 13 34
2733 13 34
2734 13 34
2735 13 34
2736 13 34
2737 13 34
2738 13 34
2739 13 34
2740 13 34
2741 13 34
2742 13 34
2743 13 34
2744 13 34
2745 13 34
2746 13 34
2747 13 34
2748 13 34
2749 13 34
2750 13 34
2751 13 34
2752 13 34
2753 13 34
2754 13 34
2755 13 34
2756 13 34
2757 13 34
2758 13 34
2759 13 34
2760 13 34
2761 14 34
2762 14 34
2763 14 34
2764 14 34
2765 14 34
2766 14 34
2767 14 34
2768 14 34
2769 14 34
2770 14 34
2771 14 34
2772 14 34
2773 14 34
2774 14 34
2775 14 34
2776 14 34
2777 14 35
2778 14 35
2779 14 34
2780 14 34
2781 14 34
2782 14 34
2783 14 34
2784 15 35
2785 15 35
2786 15 35
2787 15 35
2788 15 35
2789 15 35
2790 15 35
2791 15 35
2792 15 35
2793 15 35
2794 15 35
2795 15 35
2796 15 35
2797 15 35
2798 15 35
2799 15 35
2800 15 35
2801 15 35
2802 15 35
2803 15 35
2804 15 35
2805 15 35
2806 15 35
2807 15 35
2808 15 35
2809 15 35
2810 15 35
2811 15 36
2812 15 36
2813 15 36
2814 15 36
2815 15 36
2816 15 36
2817 15 36
2818 15 36
2819 15 36
2820 16 36
2821 16 36
2822 16 36
2823 16 36
2824 16 36
2825 16 36
2826 16 36
2827 16 36
2828 16 36
2829 16 36
2830 16 36
2831 16 36
2832 16 36
2833 16 36
2834 16 36
2835 16 36
2836 16 36
2837 16 36
2838 16 36
2839 17 36
2840 17 36
2841 17 36
2842 17 36
2843 17 36
2844 17 36
2845 17 36
2846 17 36
2847 17 36
2848 17 36
2849 17 36
2850 17 36
2851 17 37
2852 17 37
2853 17 37
2854 17 37
2855 17 37
2856 17 37
2857 17 37
2858 17 37
2859 17 37
2860 18 37
2861 18 37
2862 18 37
2863 18 37
2864 18 37
2865 18 37
2866 18 37
2867 18 37
2868 18 37
2869 18 37
2870 18 37
2871 18 37
2872 18 37
2873 18 37
2874 18 37
2875 18 37
2876 18 37
2877 18 37
2878 18 37
2879 18 37
2880 18 37
2881 18 37
2882 18 37
2883 18 37
2884 18 37
2885 18 37
2886 18 37
2887 18 37
2888 18 37
2889 18 37
2890 18 37
2891 18 37
2892 18 37
2893 18 37
2894 19 37
2895 19 38
2896 19 38
2897 19 38
2898 19 38
2899 19 38
2900 19 38
2901 19 38
2902 19 38
2903 19 38
2904 19 38
2905 19 38
2906 19 38
2907 19 38
2908 19 38
2909 19 38
2910 19 38
2911 19 38
2912 19 38
2913 20 38
2914 20 38
2915 20 38
2916 20 38
2917 20 38
2918 20 38
2919 20 38
2920 20 38
2921 20 38
2922 20 38
2923 20 38
2924 20 38
2925 20 38
2926 20 38
2927 20 38
2928 20 38
2929 20 38
2930 20 38
2931 20 38
2932 20 38
2933 20 38
2934 20 38
2935 20 38
2936 21 38
2937 21 38
2938 21 38
2939 21 38
2940 21 38
2941 21 38
2942 21 38
2943 21 39
2944 21 39
2945 21 39
2946 21 39
2947 21 38
2948 22 38
2949 22 38
2950 22 38
2951 22 38
2952 22 38
2953 22 38
2954 22 38
2955 22 38
2956 23 38
2957 23 38
2958 23 38
2959 23 38
2960 23 38
2961 23 38
2962 23 38
2963 23 38
2964 23 38
2965 23 38
2966 24 38
2967 24 38
2968 24 38
2969 24 39
2970 24 39
2971 24 39
2972 24 39
2973 24 39
2974 24 39
2975 24 39
2976 24 39
2977 24 39
2978 25 39
2979 25 39
2980 25 39
2981 25 39
2982 25 39
2983 25 39
2984 25 39
2985 25 39
2986 25 39
2987 25 39
2988 25 39
2989 25 39
2990 25 39
2991 25 39
2992 25 39
2993 25 39
2994 25 39
2995 25 39
2996 25 39
2997 25 39
2998 25 39
2999 25 39
3000 25 39
3001 25 39
3002 25 39
3003 25 39
3004 25 38
3005 25 39
3006 26 38
3007 26 38
3008 26 38
3009 26 38
3010 26 38
3011 26 38
3012 26 38
3013 26 38
3014 26 38
3015 26 38
3016 26 38
3017 26 38
3018 26 38
3019 26 38
3020 26 38
3021 26 38
3022 26 38
3023 26 38
3024 26 38
3025 26 38
3026 26 38
3027 26 38
3028 26 38
3029 26 38
3030 26 38
3031 26 38
3032 27 38
3033 27 38
3034 27 38
3035 27 38
3036 27 38
3037 27 38
3038 27 38
3039 27 38
3040 27 38
3041 27 38
3042 27 38
3043 27 38
3044 27 38
3045 27 38
3046 27 38
3047 27 38
3048 27 38
3049 27 38
3050 27 38
3051 27 38
3052 27 38
3053 27 37
3054 27 37
3055 27 37
3056 27 37
3057 27 37
3058 27 37
3059 27 37
3060 27 37
3061 27 37
3062 27 37
3063 27 37
3064 27 37
3065 28 37
3066 28 37
3067 28 37
3068 28 37
3069 28 37
3070 28 37
3071 29 37
3072 29 37
3073 29 37
3074 29 37
3075 29 37
3076 29 37
3077 29 37
3078 29 37
3079 29 37
3080 29 37
3081 30 37
3082 31 37
3083 31 37
3084 31 37
3085 31 37
3086 31 37
3087 31 37
3088 32 37
3089 32 37
3090 32 37
3091 32 38
3092 33 38
3093 33 38
3094 33 38
3095 33 38
3096 33 38
3097 34 38
3098 34 38
3099 34 38
3100 35 38
3101 35 38
3102 35 38
3103 36 38
3104 36 38
3105 36 38
3106 36 38
3107 36 38
3108 36 38
3109 36 38
3110 37 38
3111 37 38
3112 37 38
3113 37 38
3114 37 38
3115 37 38
3116 37 38
3117 37 38
3118 37 38
3119 37 38
3120 38 38
3121 38 38
3122 38 39
3123 39 39
3124 40 39
3125 41 39
3126 41 39
3127 41 39
3128 41 39
3129 41 39
3130 41 39
3131 41 39
3132 41 39
3133 41 39
3134 41 39
3135 41 39
3136 41 39
3137 41 39
3138 41 39
3139 41 39
3140 41 39
3141 41 38
3142 42 38
3143 42 38
3144 42 38
3145 42 39
3146 43 39
3147 43 39
3148 43 39
3149 44 39
3150 44 39
3151 44 39
3152 44 39
3153 45 39
3154 45 39
3155 45 39
3156 45 39
3157 45 39
3158 45 39
3159 45 39
3160 45 39
3161 46 39
3162 46 39
3163 47 39
3164 47 39
3165 47 39
3166 47 39
3167 47 39
3168 47 39
3169 47 39
3170 47 39
3171 47 39
3172 47 39
3173 47 39
3174 47 39
3175 47 39
3176 47 39
3177 47 39
3178 47 39
3179 47 39
3180 47 39
3181 47 39
3182 47 39
3183 47 39
3184 47 39
3185 47 39
3186 47 39
3187 47 39
3188 47 38
3189 47 38
3190 47 38
3191 47 38
3192 47 38
3193 47 38
3194 47 38
3195 47 38
3196 47 38
3197 47 38
3198 47 38
3199 47 38
3200 47 38
3201 48 38
3202 48 38
3203 48 38
3204 49 38
3205 49 39
3206 49 39
3207 50 39
3208 50 39
3209 50 39
3210 50 39
3211 51 39
3212 51 39
3213 51 39
3214 51 39
3215 51 39
3216 51 39
3217 51 39
3218 52 39
3219 53 39
3220 53 39
3221 53 39
3222 53 39
3223 53 39
3224 53 39
3225 53 39
3226 53 39
3227 54 39
3228 54 39
3229 55 39
3230 55 39
3231 55 39
3232 55 39
3233 56 39
3234 56 39
3235 57 39
3236 57 39
3237 57 39
3238 57 39
3239 57 39
3240 57 39
3241 58 39
3242 59 39
3243 60 39
3244 60 39
3245 60 39
3246 60 39
3247 63 39
3248 63 39
3249 64 40
3250 64 40
3251 65 40
3252 67 40
3253 68 40
3254 68 40
3255 69 40
3256 69 40
3257 71 40
3258 71 40
3259 72 40
3260 72 40
3261 72 40
3262 72 40
3263 73 40
3264 73 40
3265 73 40
3266 74 40
3267 74 40
3268 74 40
3269 74 40
3270 75 40
3271 77 40
3272 78 40
3273 81 40
3274 83 40
3275 83 40
3276 83 40
3277 83 40
3278 83 40
3279 83 40
3280 83 40
3281 83 40
3282 83 40
3283 83 40
3284 84 40
3285 95 40
3286 95 40
3287 95 40
3288 95 40
3289 95 40
3290 95 40
3291 95 39
3292 95 39
3293 95 39
3294 95 39
3295 95 39
3296 95 39
3297 95 39
3298 95 39
3299 95 39
3300 95 39
3301 95 39
3302 95 39
3303 95 39
3304 95 39
3305 95 39
3306 95 39
3307 95 39
3308 95 39
3309 95 39
3310 95 39
3311 95 39
3312 95 39
3313 95 39
3314 95 39
3315 95 39
3316 95 39
3317 95 39
3318 96 39
3319 100 39
