0 0 0
1 0 0
2 0 0
3 0 0
4 0 0
5 0 0
6 0 0
7 0 0
8 0 0
9 0 0
10 0 0
11 0 0
12 0 0
13 0 0
14 0 0
15 0 0
16 0 0
17 0 0
18 0 0
19 0 0
20 0 0
21 0 0
22 0 0
23 0 0
24 0 0
25 0 0
26 0 0
27 0 0
28 0 0
29 0 0
30 0 0
31 0 0
32 0 0
33 0 0
34 0 0
35 0 0
36 0 0
37 0 0
38 0 0
39 0 0
40 0 0
41 0 0
42 0 0
43 0 0
44 0 0
45 0 0
46 0 0
47 0 0
48 0 0
49 0 0
50 0 0
51 0 0
52 0 0
53 0 0
54 0 0
55 0 0
56 0 0
57 0 0
58 0 0
59 0 0
60 0 0
61 0 0
62 0 0
63 0 0
64 0 0
65 0 0
66 0 0
67 0 0
68 0 0
69 0 0
70 0 0
71 0 0
72 0 0
73 0 0
74 0 0
75 0 0
76 0 0
77 0 0
78 0 0
79 0 0
80 0 0
81 0 0
82 0 0
83 0 0
84 0 0
85 0 0
86 0 0
87 0 0
88 0 0
89 0 0
90 0 0
91 0 0
92 0 0
93 0 0
94 0 0
95 0 0
96 0 0
97 0 0
98 0 0
99 0 0
100 0 3
101 0 3
102 0 3
103 0 3
104 0 2
105 0 2
106 0 2
107 0 2
108 0 2
109 0 2
110 0 2
111 0 2
112 0 2
113 0 2
114 0 2
115 0 2
116 0 2
117 0 2
118 0 2
119 0 2
120 0 2
121 0 2
122 0 2
123 0 2
124 0 2
125 0 2
126 0 2
127 0 2
128 0 2
129 0 2
130 0 2
131 0 2
132 0 2
133 0 2
134 0 2
135 0 2
136 0 2
137 0 2
138 0 2
139 0 2
140 0 2
141 0 2
142 0 2
143 0 2
144 0 2
145 0 2
146 0 1
147 0 1
148 0 3
149 0 3
150 0 3
151 0 5
152 0 5
153 0 7
154 0 7
155 0 7
156 0 7
157 0 7
158 0 7
159 0 7
160 0 7
161 0 7
162 0 7
163 0 7
164 0 6
165 0 6
166 0 6
167 0 6
168 0 6
169 0 6
170 0 6
171 0 6
172 0 6
173 0 6
174 0 6
175 0 6
176 0 6
177 0 8
178 0 8
179 0 8
180 0 8
181 0 8
182 0 7
183 0 7
184 0 7
185 0 7
186 0 7
187 0 7
188 0 7
189 0 7
190 0 7
191 0 7
192 0 7
193 0 7
194 0 7
195 0 7
196 0 7
197 0 7
198 0 7
199 0 7
200 0 7
201 0 7
202 0 7
203 0 7
204 0 7
205 0 7
206 0 7
207 0 7
208 0 6
209 0 6
210 0 6
211 0 6
212 0 6
213 0 6
214 0 6
215 0 6
216 0 6
217 0 8
218 0 8
219 0 8
220 0 8
221 0 8
222 0 8
223 0 8
224 0 8
225 0 8
226 0 7
227 0 7
228 0 7
229 0 7
230 0 7
231 0 7
232 0 7
233 0 7
234 0 7
235 0 7
236 0 7
237 0 7
238 0 7
239 0 7
240 0 7
241 0 7
242 0 7
243 0 7
244 0 7
245 0 7
246 0 7
247 0 7
248 0 6
249 0 6
250 0 6
251 0 6
252 0 6
253 0 6
254 0 6
255 0 7
256 0 7
257 0 8
258 0 8
259 0 8
260 0 8
261 0 8
262 0 8
263 0 8
264 0 8
265 0 8
266 0 8
267 0 8
268 0 8
269 0 8
270 0 8
271 0 8
272 0 8
273 0 8
274 0 8
275 0 8
276 0 8
277 0 8
278 0 8
279 0 8
280 0 8
281 0 8
282 0 8
283 0 8
284 0 9
285 0 9
286 0 9
287 0 9
288 0 8
289 0 8
290 0 8
291 0 8
292 0 8
293 0 8
294 0 8
295 0 8
296 0 9
297 0 9
298 0 9
299 0 9
300 0 9
301 0 9
302 0 9
303 0 9
304 0 9
305 0 9
306 0 9
307 0 9
308 0 9
309 0 9
310 0 9
311 0 9
312 0 9
313 0 9
314 0 9
315 0 10
316 0 10
317 0 10
318 0 9
319 0 9
320 0 9
321 0 9
322 0 9
323 0 9
324 0 9
325 0 9
326 0 9
327 0 9
328 0 9
329 0 9
330 0 9
331 0 9
332 0 9
333 0 10
334 0 10
335 0 10
336 0 11
337 0 11
338 0 11
339 0 10
340 0 10
341 0 10
342 0 10
343 0 10
344 0 10
345 0 10
346 0 11
347 0 11
348 0 11
349 0 11
350 0 11
351 0 11
352 0 11
353 0 10
354 0 10
355 0 10
356 0 10
357 0 10
358 0 10
359 0 10
360 0 10
361 0 10
362 0 10
363 0 10
364 0 10
365 0 10
366 0 10
367 0 10
368 0 10
369 0 10
370 0 10
371 0 10
372 0 10
373 0 10
374 0 10
375 0 10
376 0 10
377 0 10
378 0 10
379 0 10
380 0 9
381 0 9
382 0 9
383 0 9
384 0 9
385 0 9
386 0 9
387 0 9
388 0 9
389 0 9
390 0 9
391 0 9
392 0 9
393 0 9
394 0 10
395 0 10
396 0 10
397 0 10
398 0 10
399 0 10
400 0 10
401 0 10
402 0 10
403 0 10
404 0 10
405 0 10
406 0 10
407 0 10
408 0 10
409 0 10
410 0 10
411 0 10
412 0 10
413 0 10
414 0 10
415 0 10
416 0 10
417 0 10
418 0 10
419 0 10
420 0 10
421 0 10
422 0 9
423 0 9
424 0 9
425 0 9
426 0 9
427 0 9
428 0 9
429 0 9
430 0 9
431 0 9
432 0 9
433 0 9
434 0 9
435 0 9
436 0 9
437 0 9
438 0 9
439 0 9
440 0 9
441 0 9
442 0 9
443 0 9
444 0 9
445 0 9
446 0 9
447 0 9
448 0 9
449 0 9
450 0 9
451 0 9
452 0 9
453 0 8
454 0 8
455 0 8
456 0 8
457 0 8
458 0 8
459 0 8
460 0 8
461 0 8
462 0 8
463 0 8
464 0 8
465 0 8
466 0 8
467 0 8
468 0 8
469 0 8
470 0 8
471 0 8
472 0 8
473 0 8
474 0 8
475 0 8
476 0 8
477 0 8
478 0 8
479 0 8
480 0 8
481 0 8
482 0 8
483 0 8
484 0 8
485 0 8
486 0 8
487 0 8
488 0 8
489 0 8
490 0 8
491 0 8
492 0 8
493 0 8
494 0 8
495 0 8
496 0 8
497 0 8
498 0 8
499 0 8
500 0 8
501 0 8
502 0 8
503 0 9
504 0 9
505 0 9
506 0 9
507 0 8
508 0 8
509 0 8
510 0 8
511 0 8
512 0 8
513 0 8
514 0 8
515 0 8
516 0 8
517 0 8
518 0 8
519 0 8
520 0 8
521 0 8
522 0 8
523 0 8
524 0 8
525 0 8
526 0 8
527 0 8
528 0 8
529 0 8
530 0 8
531 0 8
532 0 8
533 0 8
534 0 8
535 0 8
536 0 8
537 0 8
538 0 8
539 0 8
540 0 8
541 0 8
542 0 8
543 0 8
544 0 8
545 0 8
546 0 8
547 0 8
548 0 8
549 0 8
550 0 8
551 0 8
552 0 8
553 0 8
554 0 8
555 0 8
556 0 8
557 0 8
558 0 8
559 0 8
560 0 8
561 0 8
562 0 8
563 0 8
564 0 8
565 0 8
566 0 8
567 0 8
568 0 8
569 0 8
570 0 8
571 0 8
572 0 8
573 0 9
574 0 9
575 0 9
576 0 9
577 0 9
578 0 9
579 0 9
580 0 9
581 0 9
582 0 9
583 0 9
584 0 9
585 0 9
586 0 9
587 0 9
588 0 9
589 0 9
590 0 9
591 0 9
592 0 9
593 0 9
594 0 9
595 0 8
596 0 8
597 0 8
598 0 8
599 0 8
600 0 8
601 0 8
602 0 8
603 0 8
604 0 8
605 0 8
606 0 8
607 0 8
608 0 8
609 0 8
610 0 8
611 0 8
612 0 8
613 0 8
614 0 8
615 0 8
616 0 8
617 0 8
618 0 8
619 0 8
620 0 8
621 0 8
622 0 8
623 0 8
624 0 8
625 0 8
626 0 8
627 0 8
628 0 8
629 0 8
630 0 8
631 0 8
632 0 8
633 0 8
634 0 8
635 0 8
636 0 8
637 0 8
638 0 8
639 0 8
640 0 8
641 0 8
642 0 8
643 0 8
644 0 8
645 0 8
646 0 8
647 0 8
648 0 8
649 0 8
650 0 8
651 0 8
652 0 8
653 0 8
654 0 8
655 0 8
656 0 8
657 0 9
658 0 9
659 0 9
660 0 9
661 0 9
662 0 9
663 0 9
664 0 9
665 0 9
666 0 9
667 0 9
668 0 9
669 0 9
670 0 9
671 0 9
672 0 9
673 0 9
674 0 9
675 0 9
676 0 9
677 0 9
678 0 9
679 0 9
680 0 9
681 0 9
682 0 9
683 0 9
684 0 9
685 0 9
686 0 9
687 0 9
688 0 9
689 0 9
690 0 9
691 0 9
692 0 9
693 0 9
694 0 9
695 0 9
696 0 9
697 0 9
698 0 9
699 0 9
700 0 9
701 0 9
702 0 9
703 0 9
704 0 9
705 0 9
706 0 9
707 0 9
708 0 9
709 0 9
710 0 9
711 0 9
712 0 9
713 0 9
714 0 9
715 0 9
716 0 9
717 0 9
718 0 9
719 0 9
720 0 9
721 0 9
722 0 9
723 0 9
724 0 9
725 0 9
726 0 8
727 0 8
728 0 8
729 0 8
730 0 8
731 0 8
732 0 8
733 0 8
734 0 8
735 0 8
736 0 8
737 0 8
738 0 8
739 0 8
740 0 8
741 0 8
742 0 8
743 0 8
744 0 8
745 0 8
746 0 8
747 0 8
748 0 8
749 0 8
750 0 8
751 0 8
752 0 8
753 0 8
754 0 8
755 0 8
756 0 8
757 0 8
758 0 8
759 0 8
760 0 8
761 0 8
762 0 8
763 0 8
764 0 8
765 0 8
766 0 8
767 0 8
768 0 8
769 0 8
770 0 8
771 0 8
772 0 8
773 0 8
774 0 8
775 0 8
776 0 8
777 0 8
778 0 8
779 0 8
780 0 8
781 0 8
782 0 8
783 0 8
784 0 8
785 0 8
786 0 8
787 0 8
788 0 8
789 0 8
790 0 8
791 0 8
792 0 8
793 0 8
794 0 8
795 0 8
796 0 8
797 0 8
798 0 8
799 0 8
800 0 8
801 0 8
802 0 8
803 0 8
804 0 8
805 0 8
806 0 8
807 0 8
808 0 8
809 0 8
810 0 8
811 0 8
812 0 8
813 0 8
814 0 8
815 0 9
816 0 9
817 0 9
818 0 9
819 0 9
820 0 9
821 0 9
822 0 9
823 0 9
824 0 9
825 0 9
826 0 9
827 0 9
828 0 9
829 0 9
830 0 9
831 0 9
832 0 9
833 0 9
834 0 9
835 0 9
836 0 9
837 0 9
838 0 9
839 0 9
840 0 9
841 0 9
842 0 10
843 0 10
844 0 10
845 0 10
846 0 10
847 0 10
848 0 10
849 0 10
850 0 10
851 0 10
852 0 10
853 0 10
854 0 10
855 0 10
856 0 10
857 0 10
858 0 10
859 0 10
860 0 10
861 0 10
862 0 10
863 0 10
864 0 10
865 0 10
866 0 10
867 0 10
868 0 10
869 0 10
870 0 10
871 0 10
872 0 10
873 0 10
874 0 10
875 0 10
876 0 10
877 0 10
878 0 10
879 0 10
880 0 10
881 0 10
882 0 10
883 0 10
884 0 10
885 0 10
886 0 10
887 0 10
888 0 10
889 0 10
890 0 10
891 0 10
892 0 10
893 0 10
894 0 10
895 0 10
896 0 10
897 0 10
898 0 10
899 0 10
900 0 10
901 0 10
902 0 10
903 0 10
904 0 10
905 0 10
906 0 10
907 1 10
908 1 10
909 1 10
910 1 10
911 1 10
912 1 10
913 1 10
914 1 10
915 1 10
916 1 10
917 1 10
918 1 10
919 1 10
920 1 10
921 1 10
922 1 10
923 1 10
924 1 9
925 1 9
926 1 9
927 1 9
928 1 9
929 1 9
930 1 9
931 1 9
932 1 9
933 1 9
934 1 9
935 1 9
936 1 9
937 1 9
938 1 9
939 1 9
940 1 9
941 1 9
942 1 9
943 1 9
944 1 9
945 1 9
946 1 9
947 1 9
948 1 9
949 1 9
950 1 9
951 1 9
952 1 9
953 1 9
954 1 9
955 1 9
956 1 9
957 1 10
958 1 9
959 1 9
960 1 9
961 1 9
962 1 9
963 1 9
964 1 10
965 1 10
966 1 10
967 1 10
968 1 10
969 1 10
970 1 10
971 1 10
972 1 10
973 1 10
974 1 10
975 1 10
976 1 10
977 1 10
978 1 10
979 1 10
980 1 10
981 1 10
982 1 10
983 1 10
984 1 10
985 1 10
986 1 10
987 1 10
988 1 10
989 1 10
990 1 10
991 1 10
992 1 10
993 1 10
994 1 10
995 1 10
996 1 10
997 1 10
998 1 10
999 1 10
1000 1 10
1001 1 10
1002 1 10
1003 1 10
1004 1 10
1005 1 10
1006 1 10
1007 1 10
1008 1 10
1009 1 10
1010 1 10
1011 1 10
1012 1 10
1013 1 10
1014 1 10
1015 1 10
1016 1 10
1017 1 10
1018 1 10
1019 1 10
1020 1 10
1021 1 10
1022 1 10
1023 1 10
1024 1 10
1025 1 10
1026 1 10
1027 1 10
1028 1 10
1029 1 10
1030 1 10
1031 1 10
1032 1 10
1033 1 10
1034 1 10
1035 1 10
1036 1 10
1037 1 10
1038 1 10
1039 1 10
1040 1 10
1041 1 10
1042 1 10
1043 1 10
1044 1 10
1045 1 10
1046 1 10
1047 1 10
1048 1 10
1049 1 9
1050 1 9
1051 1 10
1052 1 10
1053 1 10
1054 1 10
1055 1 10
1056 1 10
1057 1 10
1058 1 10
1059 1 10
1060 1 10
1061 1 10
1062 1 10
1063 1 10
1064 1 10
1065 1 10
1066 1 10
1067 1 10
1068 1 10
1069 1 10
1070 1 10
1071 1 10
1072 1 10
1073 1 10
1074 1 10
1075 1 10
1076 1 10
1077 1 10
1078 1 10
1079 1 10
1080 1 10
1081 1 10
1082 1 10
1083 1 10
1084 1 10
1085 1 10
1086 1 10
1087 1 10
1088 1 10
1089 1 10
1090 1 10
1091 1 10
1092 1 10
1093 1 10
1094 1 10
1095 1 10
1096 1 10
1097 1 10
1098 1 10
1099 1 10
1100 1 10
1101 1 10
1102 1 10
1103 1 10
1104 1 10
1105 1 10
1106 1 10
1107 1 10
1108 1 10
1109 1 10
1110 1 10
1111 1 10
1112 1 10
1113 1 10
1114 1 10
1115 1 10
1116 1 10
1117 1 10
1118 1 10
1119 1 9
1120 1 9
1121 1 9
1122 1 9
1123 1 9
1124 1 9
1125 1 9
1126 1 9
1127 1 9
1128 1 9
1129 1 9
1130 1 9
1131 1 9
1132 1 9
1133 1 9
1134 1 9
1135 1 9
1136 1 9
1137 1 9
1138 1 9
1139 1 9
1140 1 9
1141 1 9
1142 1 9
1143 1 10
1144 1 10
1145 1 10
1146 1 10
1147 1 10
1148 1 10
1149 1 10
1150 1 10
1151 1 10
1152 1 10
1153 1 10
1154 1 10
1155 1 10
1156 1 10
1157 1 10
1158 1 10
1159 1 10
1160 1 10
1161 1 10
1162 1 10
1163 1 10
1164 1 10
1165 1 10
1166 1 10
1167 1 10
1168 1 10
1169 1 10
1170 1 10
1171 1 10
1172 1 10
1173 1 10
1174 1 10
1175 1 10
1176 1 10
1177 1 10
1178 1 10
1179 1 10
1180 1 10
1181 1 10
1182 1 10
1183 1 10
1184 1 10
1185 1 10
1186 1 10
1187 1 10
1188 1 10
1189 1 10
1190 1 10
1191 1 10
1192 1 10
1193 1 10
1194 1 10
1195 1 10
1196 1 10
1197 1 10
1198 1 10
1199 1 10
1200 1 10
1201 1 10
1202 1 10
1203 1 10
1204 1 10
1205 1 10
1206 1 10
1207 1 10
1208 1 10
1209 1 10
1210 1 10
1211 1 10
1212 1 10
1213 1 10
1214 1 10
1215 1 10
1216 1 10
1217 1 10
1218 1 10
1219 1 10
1220 1 10
1221 1 10
1222 1 10
1223 1 10
1224 1 10
1225 1 10
1226 1 10
1227 1 10
1228 1 10
1229 1 10
1230 1 10
1231 1 10
1232 1 10
1233 1 10
1234 1 10
1235 1 10
1236 1 10
1237 1 10
1238 1 10
1239 1 10
1240 1 10
1241 1 10
1242 1 10
1243 1 10
1244 1 10
1245 1 10
1246 1 10
1247 1 10
1248 1 10
1249 1 10
1250 1 10
1251 1 10
1252 1 10
1253 1 10
1254 1 10
1255 1 11
1256 1 11
1257 1 11
1258 1 11
1259 1 11
1260 1 11
1261 1 11
1262 1 11
1263 1 11
1264 1 11
1265 1 11
1266 1 11
1267 1 11
1268 1 11
1269 1 11
1270 1 11
1271 1 11
1272 1 11
1273 1 10
1274 1 11
1275 1 11
1276 1 11
1277 1 11
1278 1 11
1279 1 11
1280 1 11
1281 1 11
1282 1 11
1283 1 11
1284 1 11
1285 1 11
1286 1 11
1287 1 11
1288 1 11
1289 1 11
1290 1 11
1291 1 11
1292 2 11
1293 2 11
1294 2 11
1295 2 11
1296 2 11
1297 2 11
1298 2 11
1299 2 11
1300 2 11
1301 2 11
1302 2 11
1303 2 11
1304 2 11
1305 2 11
1306 2 11
1307 2 11
1308 2 11
1309 2 11
1310 2 11
1311 2 11
1312 2 11
1313 2 11
1314 2 11
1315 2 11
1316 2 11
1317 2 11
1318 2 11
1319 2 11
1320 2 11
1321 2 11
1322 2 11
1323 2 11
1324 2 11
1325 2 11
1326 2 11
1327 2 11
1328 2 11
1329 2 11
1330 2 11
1331 2 11
1332 2 11
1333 2 11
1334 2 11
1335 2 11
1336 2 11
1337 2 11
1338 2 11
1339 2 11
1340 2 11
1341 2 11
1342 2 11
1343 2 11
1344 2 11
1345 2 11
1346 2 11
1347 2 11
1348 2 11
1349 2 11
1350 2 11
1351 2 11
1352 2 11
1353 2 11
1354 2 12
1355 2 12
1356 2 12
1357 2 12
1358 2 12
1359 2 12
1360 2 12
1361 2 12
1362 2 12
1363 2 12
1364 2 12
1365 2 12
1366 2 12
1367 2 12
1368 2 12
1369 2 12
1370 2 12
1371 2 12
1372 2 12
1373 2 12
1374 2 12
1375 2 12
1376 2 12
1377 2 12
1378 2 12
1379 2 12
1380 2 12
1381 2 12
1382 2 12
1383 2 12
1384 2 12
1385 2 13
1386 2 13
1387 2 13
1388 2 13
1389 2 13
1390 2 13
1391 2 13
1392 2 13
1393 2 13
1394 2 12
1395 2 12
1396 2 12
1397 2 12
1398 2 12
1399 2 12
1400 2 12
1401 2 12
1402 2 12
1403 2 12
1404 2 12
1405 2 12
1406 2 12
1407 2 13
1408 2 13
1409 2 13
1410 2 13
1411 2 13
1412 2 13
1413 2 13
1414 2 13
1415 2 13
1416 2 13
1417 2 13
1418 2 13
1419 2 13
1420 2 13
1421 2 13
1422 2 13
1423 2 13
1424 2 13
1425 2 13
1426 2 13
1427 2 13
1428 2 13
1429 2 13
1430 2 13
1431 2 13
1432 2 13
1433 2 13
1434 2 13
1435 2 13
1436 2 13
1437 2 13
1438 2 13
1439 2 13
1440 2 13
1441 2 13
1442 2 13
1443 2 13
1444 2 14
1445 2 14
1446 2 14
1447 2 14
1448 2 14
1449 2 14
1450 2 14
1451 2 14
1452 2 14
1453 2 14
1454 2 14
1455 2 14
1456 2 14
1457 2 14
1458 2 14
1459 2 14
1460 2 14
1461 2 14
1462 2 14
1463 2 14
1464 2 14
1465 2 14
1466 2 14
1467 2 14
1468 2 14
1469 2 14
1470 2 14
1471 2 14
1472 2 14
1473 2 15
1474 2 15
1475 2 15
1476 2 15
1477 2 15
1478 2 15
1479 2 15
1480 2 15
1481 2 15
1482 2 15
1483 2 15
1484 2 15
1485 2 15
1486 2 15
1487 2 15
1488 2 15
1489 2 15
1490 2 15
1491 2 15
1492 2 14
1493 2 14
1494 2 14
1495 2 14
1496 2 14
1497 2 14
1498 2 14
1499 2 14
1500 2 14
1501 2 14
1502 2 15
1503 2 15
1504 2 15
1505 2 15
1506 2 15
1507 2 15
1508 2 15
1509 2 14
1510 2 14
1511 2 14
1512 2 15
1513 2 15
1514 2 15
1515 2 15
1516 2 15
1517 2 15
1518 2 15
1519 2 15
1520 2 15
1521 2 15
1522 2 15
1523 2 15
1524 2 15
1525 2 15
1526 2 15
1527 2 15
1528 2 15
1529 2 15
1530 2 15
1531 2 15
1532 2 15
1533 2 15
1534 2 16
1535 2 16
1536 2 15
1537 2 15
1538 2 15
1539 2 16
1540 2 16
1541 2 16
1542 2 16
1543 2 16
1544 2 16
1545 2 16
1546 2 16
1547 2 16
1548 2 16
1549 2 16
1550 2 16
1551 2 16
1552 2 16
1553 2 16
1554 2 16
1555 2 16
1556 2 16
1557 2 16
1558 2 16
1559 2 16
1560 2 16
1561 2 16
1562 2 16
1563 2 16
1564 2 16
1565 2 16
1566 2 16
1567 2 16
1568 2 16
1569 2 16
1570 2 16
1571 2 16
1572 2 16
1573 2 16
1574 2 16
1575 2 16
1576 2 16
1577 2 16
1578 2 16
1579 2 16
1580 2 16
1581 2 16
1582 2 16
1583 2 16
1584 3 16
1585 3 16
1586 3 16
1587 3 16
1588 3 16
1589 3 16
1590 3 16
1591 3 16
1592 3 16
1593 3 16
1594 3 16
1595 3 16
1596 3 16
1597 3 16
1598 3 16
1599 3 16
1600 3 16
1601 3 16
1602 3 16
1603 3 16
1604 3 16
1605 3 16
1606 3 16
1607 3 16
1608 3 16
1609 3 16
1610 3 16
1611 3 16
1612 3 16
1613 3 16
1614 3 16
1615 3 16
1616 3 16
1617 3 16
1618 3 16
1619 3 16
1620 3 16
1621 3 16
1622 3 16
1623 3 16
1624 3 16
1625 3 16
1626 3 16
1627 3 16
1628 3 16
1629 3 16
1630 3 16
1631 3 16
1632 3 16
1633 3 16
1634 3 16
1635 3 16
1636 3 16
1637 3 16
1638 3 16
1639 3 16
1640 3 16
1641 3 16
1642 3 16
1643 3 16
1644 3 16
1645 3 16
1646 3 16
1647 3 16
1648 3 16
1649 3 16
1650 3 16
1651 3 16
1652 3 16
1653 3 16
1654 3 16
1655 3 16
1656 3 16
1657 3 16
1658 3 17
1659 3 17
1660 3 16
1661 3 16
1662 3 16
1663 3 17
1664 3 17
1665 3 17
1666 3 17
1667 3 17
1668 3 17
1669 3 17
1670 3 17
1671 3 17
1672 3 17
1673 3 17
1674 3 16
1675 3 16
1676 3 16
1677 3 16
1678 3 16
1679 3 16
1680 3 16
1681 3 16
1682 3 17
1683 3 17
1684 3 17
1685 3 17
1686 3 17
1687 3 17
1688 3 17
1689 3 17
1690 3 17
1691 3 17
1692 3 17
1693 3 17
1694 3 17
1695 3 17
1696 3 17
1697 3 17
1698 3 17
1699 3 17
1700 3 17
1701 3 17
1702 3 17
1703 3 17
1704 3 17
1705 3 17
1706 3 17
1707 3 17
1708 3 17
1709 3 17
1710 3 17
1711 3 17
1712 3 17
1713 3 17
1714 3 17
1715 3 17
1716 3 17
1717 3 17
1718 3 17
1719 3 17
1720 3 17
1721 3 17
1722 3 17
1723 3 17
1724 3 17
1725 3 17
1726 3 17
1727 3 17
1728 3 17
1729 3 17
1730 3 17
1731 3 17
1732 3 17
1733 3 17
1734 3 17
1735 3 17
1736 3 17
1737 3 17
1738 3 17
1739 3 17
1740 3 17
1741 3 17
1742 3 17
1743 3 17
1744 3 17
1745 3 17
1746 3 17
1747 3 17
1748 3 17
1749 3 17
1750 3 17
1751 3 17
1752 3 17
1753 3 17
1754 3 17
1755 3 17
1756 3 17
1757 3 17
1758 3 17
1759 3 17
1760 3 17
1761 3 17
1762 3 17
1763 3 17
1764 3 17
1765 3 17
1766 3 17
1767 3 17
1768 3 17
1769 3 17
1770 3 17
1771 3 17
1772 3 17
1773 3 17
1774 3 17
1775 3 18
1776 3 18
1777 3 18
1778 3 18
1779 3 18
1780 3 18
1781 3 18
1782 3 18
1783 3 18
1784 3 18
1785 3 18
1786 3 18
1787 3 18
1788 3 18
1789 3 18
1790 3 18
1791 3 18
1792 3 18
1793 3 18
1794 3 18
1795 3 18
1796 3 18
1797 3 18
1798 3 18
1799 3 18
1800 3 18
1801 3 18
1802 3 18
1803 3 18
1804 3 18
1805 3 18
1806 3 18
1807 3 18
1808 3 18
1809 4 18
1810 4 18
1811 4 18
1812 4 18
1813 4 18
1814 4 18
1815 4 18
1816 4 18
1817 4 18
1818 4 18
1819 4 18
1820 4 18
1821 4 18
1822 4 18
1823 4 18
1824 4 19
1825 4 19
1826 4 19
1827 4 19
1828 4 19
1829 4 19
1830 4 19
1831 4 19
1832 4 19
1833 4 19
1834 4 19
1835 4 19
1836 4 19
1837 4 19
1838 4 19
1839 4 19
1840 4 19
1841 4 19
1842 4 19
1843 4 19
1844 4 19
1845 4 19
1846 4 19
1847 4 19
1848 4 19
1849 4 19
1850 4 19
1851 4 19
1852 4 19
1853 4 19
1854 4 19
1855 4 19
1856 4 19
1857 4 19
1858 4 19
1859 4 19
1860 4 19
1861 4 19
1862 4 19
1863 4 19
1864 4 19
1865 4 19
1866 4 19
1867 4 19
1868 4 19
1869 4 19
1870 4 19
1871 4 19
1872 4 19
1873 4 19
1874 4 19
1875 4 19
1876 4 19
1877 4 19
1878 4 19
1879 4 19
1880 4 19
1881 4 19
1882 4 19
1883 4 19
1884 4 19
1885 4 19
1886 4 19
1887 4 19
1888 4 19
1889 4 19
1890 4 19
1891 4 19
1892 4 19
1893 4 19
1894 4 19
1895 4 19
1896 4 19
1897 4 19
1898 4 19
1899 4 19
1900 4 19
1901 4 19
1902 4 19
1903 4 19
1904 4 19
1905 4 19
1906 4 19
1907 4 19
1908 4 19
1909 4 19
1910 4 19
1911 4 19
1912 4 19
1913 4 19
1914 4 19
1915 4 19
1916 4 19
1917 4 19
1918 4 19
1919 4 19
1920 4 19
1921 4 19
1922 4 19
1923 4 19
1924 4 19
1925 4 19
1926 4 20
1927 4 20
1928 4 20
1929 4 19
1930 4 19
1931 4 19
1932 4 19
1933 4 19
1934 4 19
1935 4 19
1936 4 19
1937 4 20
1938 4 20
1939 4 19
1940 4 19
1941 4 19
1942 4 19
1943 4 19
1944 4 19
1945 4 19
1946 4 20
1947 4 20
1948 4 20
1949 4 20
1950 4 20
1951 4 20
1952 4 20
1953 4 20
1954 5 20
1955 5 20
1956 5 20
1957 5 20
1958 5 20
1959 5 20
1960 5 20
1961 5 20
1962 5 20
1963 5 20
1964 5 20
1965 5 20
1966 5 20
1967 5 20
1968 5 20
1969 5 20
1970 5 20
1971 5 21
1972 5 21
1973 5 21
1974 5 21
1975 5 21
1976 5 21
1977 5 21
1978 5 21
1979 5 21
1980 5 21
1981 5 21
1982 5 21
1983 5 22
1984 5 22
1985 5 22
1986 5 22
1987 5 22
1988 5 22
1989 5 22
1990 5 22
1991 5 22
1992 5 22
1993 5 22
1994 5 22
1995 5 22
1996 5 22
1997 5 22
1998 5 22
1999 5 22
2000 5 22
2001 5 22
2002 5 22
2003 5 22
2004 5 22
2005 5 22
2006 5 22
2007 5 21
2008 5 21
2009 5 21
2010 5 21
2011 5 21
2012 5 21
2013 5 21
2014 5 21
2015 5 21
2016 5 21
2017 5 21
2018 5 21
2019 5 21
2020 5 22
2021 5 22
2022 5 22
2023 5 22
2024 5 22
2025 5 22
2026 5 22
2027 5 22
2028 5 22
2029 5 22
2030 5 22
2031 5 22
2032 5 22
2033 5 22
2034 5 22
2035 5 22
2036 5 22
2037 5 22
2038 5 22
2039 5 22
2040 5 22
2041 5 22
2042 5 22
2043 5 22
2044 5 22
2045 5 22
2046 5 22
2047 5 22
2048 5 22
2049 5 22
2050 5 22
2051 5 22
2052 5 22
2053 5 22
2054 5 22
2055 5 22
2056 5 22
2057 5 22
2058 5 22
2059 5 22
2060 5 22
2061 5 22
2062 5 22
2063 5 22
2064 5 22
2065 5 22
2066 5 22
2067 5 22
2068 5 22
2069 5 22
2070 5 23
2071 5 23
2072 5 23
2073 5 23
2074 5 23
2075 5 23
2076 5 23
2077 5 23
2078 5 23
2079 5 23
2080 5 23
2081 5 23
2082 5 23
2083 5 23
2084 5 23
2085 5 23
2086 5 23
2087 5 23
2088 5 23
2089 5 23
2090 5 23
2091 5 23
2092 5 23
2093 5 23
2094 5 23
2095 5 23
2096 5 23
2097 5 23
2098 5 23
2099 5 23
2100 5 23
2101 5 23
2102 5 23
2103 5 23
2104 5 23
2105 5 23
2106 5 23
2107 5 23
2108 5 23
2109 5 23
2110 5 23
2111 5 23
2112 5 23
2113 5 23
2114 5 23
2115 5 23
2116 5 23
2117 5 23
2118 5 23
2119 5 23
2120 5 23
2121 5 23
2122 5 23
2123 6 23
2124 6 23
2125 6 23
2126 6 23
2127 6 23
2128 6 23
2129 6 23
2130 6 23
2131 6 23
2132 6 23
2133 6 23
2134 6 23
2135 6 24
2136 6 24
2137 6 24
2138 6 24
2139 6 24
2140 6 24
2141 6 24
2142 6 24
2143 6 24
2144 6 24
2145 6 24
2146 6 24
2147 6 24
2148 6 24
2149 6 24
2150 6 24
2151 6 24
2152 6 24
2153 6 24
2154 6 24
2155 6 24
2156 6 24
2157 6 24
2158 6 24
2159 6 24
2160 6 24
2161 6 24
2162 6 24
2163 6 24
2164 6 24
2165 6 25
2166 6 25
2167 6 25
2168 6 24
2169 6 25
2170 6 25
2171 6 25
2172 6 25
2173 6 25
2174 6 25
2175 6 25
2176 6 25
2177 6 25
2178 6 25
2179 6 25
2180 6 25
2181 6 25
2182 6 25
2183 6 25
2184 6 25
2185 6 25
2186 6 25
2187 6 25
2188 6 25
2189 6 25
2190 6 25
2191 6 25
2192 6 25
2193 6 25
2194 6 25
2195 6 25
2196 6 25
2197 6 25
2198 6 25
2199 6 25
2200 6 25
2201 6 25
2202 6 25
2203 6 25
2204 6 25
2205 6 25
2206 6 25
2207 6 25
2208 6 25
2209 6 25
2210 6 25
2211 6 25
2212 6 25
2213 6 25
2214 6 25
2215 6 25
2216 6 25
2217 6 25
2218 6 25
2219 6 25
2220 6 26
2221 6 26
2222 6 26
2223 6 26
2224 6 26
2225 6 26
2226 6 26
2227 6 26
2228 6 26
2229 6 26
2230 6 26
2231 6 26
2232 6 26
2233 6 26
2234 6 26
2235 6 26
2236 6 26
2237 6 26
2238 6 26
2239 6 26
2240 6 26
2241 6 26
2242 6 26
2243 6 26
2244 7 26
2245 7 26
2246 7 26
2247 7 26
2248 7 26
2249 7 26
2250 7 26
2251 7 26
2252 7 26
2253 7 26
2254 7 26
2255 7 26
2256 7 26
2257 7 26
2258 7 26
2259 7 26
2260 7 26
2261 7 27
2262 7 27
2263 7 27
2264 7 26
2265 7 26
2266 7 27
2267 7 27
2268 7 27
2269 7 27
2270 7 27
2271 7 27
2272 7 27
2273 7 27
2274 7 27
2275 7 27
2276 7 27
2277 7 27
2278 7 27
2279 7 27
2280 7 27
2281 7 27
2282 7 27
2283 7 27
2284 7 27
2285 7 27
2286 7 27
2287 7 27
2288 7 27
2289 7 27
2290 7 27
2291 7 27
2292 7 27
2293 7 27
2294 7 27
2295 7 27
2296 7 27
2297 7 27
2298 7 27
2299 7 27
2300 7 27
2301 7 27
2302 7 27
2303 7 27
2304 7 27
2305 7 27
2306 7 27
2307 7 27
2308 7 27
2309 7 27
2310 7 27
2311 7 27
2312 7 27
2313 7 27
2314 7 27
2315 7 27
2316 7 27
2317 7 27
2318 7 27
2319 7 27
2320 7 27
2321 7 27
2322 7 27
2323 7 27
2324 7 27
2325 7 27
2326 7 27
2327 7 27
2328 7 27
2329 7 27
2330 7 27
2331 7 27
2332 7 27
2333 7 27
2334 7 27
2335 7 27
2336 7 28
2337 7 28
2338 7 28
2339 7 28
2340 7 28
2341 7 28
2342 7 28
2343 7 28
2344 7 28
2345 7 28
2346 8 28
2347 8 28
2348 8 28
2349 8 28
2350 8 28
2351 8 28
2352 8 28
2353 8 28
2354 8 28
2355 8 28
2356 8 28
2357 8 28
2358 8 28
2359 8 28
2360 8 28
2361 8 28
2362 8 28
2363 8 28
2364 8 28
2365 8 28
2366 8 28
2367 8 28
2368 8 28
2369 8 28
2370 8 28
2371 8 28
2372 8 29
2373 8 29
2374 8 29
2375 8 29
2376 8 29
2377 8 29
2378 8 29
2379 8 29
2380 8 29
2381 8 29
2382 8 29
2383 8 29
2384 8 29
2385 8 29
2386 8 29
2387 8 29
2388 8 29
2389 8 29
2390 8 29
2391 8 29
2392 8 29
2393 8 29
2394 8 29
2395 8 29
2396 8 30
2397 8 30
2398 8 30
2399 8 30
2400 8 30
2401 8 30
2402 8 30
2403 8 30
2404 8 30
2405 8 30
2406 8 30
2407 8 30
2408 8 30
2409 8 30
2410 8 30
2411 8 30
2412 8 30
2413 8 30
2414 8 30
2415 8 30
2416 8 30
2417 8 30
2418 8 30
2419 8 30
2420 8 30
2421 8 30
2422 8 30
2423 8 30
2424 8 30
2425 8 30
2426 8 30
2427 8 30
2428 8 30
2429 8 30
2430 8 30
2431 8 30
2432 8 30
2433 8 30
2434 8 30
2435 8 30
2436 8 30
2437 8 30
2438 9 30
2439 9 30
2440 9 30
2441 9 30
2442 9 30
2443 9 31
2444 9 31
2445 9 31
2446 9 31
2447 9 31
2448 9 31
2449 9 31
2450 9 31
2451 9 31
2452 9 31
2453 9 31
2454 9 31
2455 9 31
2456 9 31
2457 9 31
2458 9 31
2459 9 31
2460 9 31
2461 9 31
2462 9 31
2463 9 31
2464 9 31
2465 9 31
2466 9 31
2467 9 32
2468 9 32
2469 9 32
2470 9 32
2471 9 32
2472 9 32
2473 9 32
2474 9 32
2475 9 32
2476 9 32
2477 9 32
2478 9 32
2479 9 32
2480 9 32
2481 9 32
2482 9 32
2483 9 32
2484 9 32
2485 9 32
2486 9 32
2487 9 32
2488 9 32
2489 9 32
2490 9 32
2491 9 32
2492 9 32
2493 9 32
2494 9 32
2495 9 32
2496 9 32
2497 9 32
2498 9 32
2499 9 32
2500 9 32
2501 10 32
2502 10 32
2503 10 32
2504 10 32
2505 10 32
2506 10 32
2507 10 33
2508 10 33
2509 10 33
2510 10 33
2511 10 33
2512 10 33
2513 10 33
2514 10 33
2515 10 33
2516 10 33
2517 10 33
2518 10 33
2519 10 33
2520 10 33
2521 10 33
2522 10 33
2523 10 33
2524 10 33
2525 10 33
2526 10 33
2527 10 33
2528 10 33
2529 10 33
2530 10 33
2531 10 33
2532 10 33
2533 10 33
2534 10 33
2535 10 33
2536 10 33
2537 10 33
2538 10 33
2539 10 33
2540 10 33
2541 10 33
2542 10 33
2543 10 33
2544 10 33
2545 10 33
2546 10 33
2547 10 33
2548 10 33
2549 10 33
2550 10 33
2551 10 33
2552 10 33
2553 10 33
2554 10 33
2555 10 33
2556 10 34
2557 10 34
2558 10 34
2559 10 34
2560 10 34
2561 10 34
2562 10 34
2563 10 34
2564 10 34
2565 10 34
2566 10 34
2567 10 34
2568 10 34
2569 10 34
2570 10 34
2571 10 34
2572 10 34
2573 10 34
2574 10 34
2575 10 34
2576 10 34
2577 11 34
2578 11 34
2579 11 34
2580 11 34
2581 11 34
2582 11 34
2583 11 34
2584 11 34
2585 11 34
2586 11 34
2587 11 34
2588 11 34
2589 11 34
2590 11 34
2591 11 34
2592 11 34
2593 11 34
2594 11 34
2595 11 34
2596 11 34
2597 11 34
2598 11 34
2599 11 34
2600 11 34
2601 11 34
2602 11 35
2603 11 35
2604 11 35
2605 11 35
2606 11 35
2607 11 35
2608 11 35
2609 11 35
2610 11 35
2611 11 35
2612 11 35
2613 11 35
2614 11 35
2615 11 35
2616 11 35
2617 11 35
2618 11 35
2619 11 35
2620 11 35
2621 11 35
2622 11 35
2623 11 35
2624 11 35
2625 11 35
2626 11 35
2627 11 35
2628 11 35
2629 11 35
2630 11 35
2631 11 35
2632 11 35
2633 11 35
2634 11 35
2635 11 35
2636 11 35
2637 12 35
2638 12 35
2639 12 35
2640 12 36
2641 12 36
2642 12 36
2643 12 36
2644 12 36
2645 12 36
2646 12 36
2647 12 36
2648 12 36
2649 12 36
2650 12 36
2651 12 36
2652 12 36
2653 12 36
2654 12 36
2655 12 36
2656 12 36
2657 12 36
2658 12 36
2659 12 36
2660 12 36
2661 12 36
2662 12 36
2663 12 36
2664 12 36
2665 12 36
2666 12 36
2667 12 36
2668 12 36
2669 12 36
2670 12 36
2671 12 36
2672 12 36
2673 12 36
2674 12 36
2675 12 36
2676 12 36
2677 12 36
2678 12 36
2679 12 36
2680 12 36
2681 12 36
2682 12 36
2683 12 36
2684 12 36
2685 13 36
2686 13 36
2687 13 36
2688 13 36
2689 13 36
2690 13 36
2691 13 36
2692 13 36
2693 13 36
2694 13 36
2695 13 36
2696 13 36
2697 13 36
2698 13 36
2699 13 36
2700 13 36
2701 13 36
2702 13 37
2703 13 37
2704 13 37
2705 13 37
2706 13 37
2707 13 37
2708 13 37
2709 13 37
2710 13 37
2711 13 37
2712 13 37
2713 13 37
2714 13 37
2715 13 37
2716 13 37
2717 13 37
2718 13 37
2719 13 37
2720 13 37
2721 13 37
2722 13 37
2723 13 37
2724 13 37
2725 13 37
2726 13 37
2727 13 37
2728 13 37
2729 13 37
2730 13 37
2731 13 37
2732 13 37
2733 13 37
2734 13 37
2735 13 37
2736 13 37
2737 13 37
2738 13 37
2739 13 37
2740 13 38
2741 13 38
2742 13 38
2743 13 38
2744 13 38
2745 13 38
2746 13 38
2747 13 38
2748 13 38
2749 13 38
2750 13 38
2751 13 38
2752 13 38
2753 13 38
2754 13 38
2755 13 38
2756 13 38
2757 13 38
2758 13 38
2759 13 38
2760 13 38
2761 14 38
2762 14 38
2763 14 38
2764 14 38
2765 14 38
2766 14 38
2767 14 38
2768 14 38
2769 14 38
2770 14 38
2771 14 38
2772 14 38
2773 14 38
2774 14 38
2775 14 38
2776 14 38
2777 14 38
2778 14 38
2779 14 38
2780 14 38
2781 14 38
2782 14 39
2783 14 39
2784 15 39
2785 15 39
2786 15 39
2787 15 39
2788 15 39
2789 15 39
2790 15 39
2791 15 39
2792 15 39
2793 15 39
2794 15 39
2795 15 39
2796 15 39
2797 15 39
2798 15 39
2799 15 39
2800 15 39
2801 15 39
2802 15 39
2803 15 39
2804 15 39
2805 15 39
2806 15 39
2807 15 39
2808 15 39
2809 15 39
2810 15 39
2811 15 39
2812 15 39
2813 15 39
2814 15 39
2815 15 39
2816 15 39
2817 15 39
2818 15 39
2819 15 40
2820 16 40
2821 16 40
2822 16 40
2823 16 40
2824 16 40
2825 16 40
2826 16 40
2827 16 40
2828 16 40
2829 16 40
2830 16 40
2831 16 40
2832 16 40
2833 16 40
2834 16 40
2835 16 40
2836 16 40
2837 16 40
2838 16 40
2839 17 40
2840 17 40
2841 17 40
2842 17 40
2843 17 40
2844 17 40
2845 17 40
2846 17 40
2847 17 40
2848 17 40
2849 17 40
2850 17 40
2851 17 40
2852 17 40
2853 17 40
2854 17 40
2855 17 40
2856 17 41
2857 17 41
2858 17 41
2859 17 41
2860 18 41
2861 18 41
2862 18 41
2863 18 41
2864 18 41
2865 18 41
2866 18 41
2867 18 41
2868 18 41
2869 18 41
2870 18 41
2871 18 41
2872 18 41
2873 18 41
2874 18 41
2875 18 41
2876 18 41
2877 18 41
2878 18 41
2879 18 41
2880 18 41
2881 18 41
2882 18 41
2883 18 41
2884 18 41
2885 18 41
2886 18 41
2887 18 41
2888 18 41
2889 18 41
2890 18 41
2891 18 41
2892 18 41
2893 18 41
2894 19 41
2895 19 42
2896 19 42
2897 19 42
2898 19 42
2899 19 42
2900 19 42
2901 19 42
2902 19 42
2903 19 42
2904 19 42
2905 19 42
2906 19 42
2907 19 42
2908 19 42
2909 19 42
2910 19 42
2911 19 42
2912 19 42
2913 20 42
2914 20 42
2915 20 42
2916 20 42
2917 20 42
2918 20 42
2919 20 42
2920 20 42
2921 20 42
2922 20 42
2923 20 42
2924 20 42
2925 20 42
2926 20 42
2927 20 42
2928 20 42
2929 20 42
2930 20 42
2931 20 42
2932 20 42
2933 20 42
2934 20 42
2935 20 42
2936 21 42
2937 21 42
2938 21 42
2939 21 42
2940 21 43
2941 21 43
2942 21 43
2943 21 43
2944 21 43
2945 21 43
2946 21 43
2947 21 43
2948 22 43
2949 22 43
2950 22 43
2951 22 43
2952 22 43
2953 22 43
2954 22 43
2955 22 43
2956 23 43
2957 23 43
2958 23 43
2959 23 43
2960 23 43
2961 23 43
2962 23 43
2963 23 43
2964 23 43
2965 23 43
2966 24 43
2967 24 43
2968 24 43
2969 24 43
2970 24 43
2971 24 43
2972 24 43
2973 24 43
2974 24 43
2975 24 43
2976 24 43
2977 24 43
2978 25 43
2979 25 43
2980 25 43
2981 25 43
2982 25 43
2983 25 44
2984 25 44
2985 25 44
2986 25 44
2987 25 44
2988 25 44
2989 25 44
2990 25 44
2991 25 44
2992 25 44
2993 25 44
2994 25 44
2995 25 44
2996 25 44
2997 25 44
2998 25 44
2999 25 44
3000 25 44
3001 25 44
3002 25 44
3003 25 44
3004 25 44
3005 25 44
3006 26 44
3007 26 44
3008 26 44
3009 26 44
3010 26 44
3011 26 44
3012 26 45
3013 26 45
3014 26 45
3015 26 45
3016 26 45
3017 26 45
3018 26 45
3019 26 45
3020 26 45
3021 26 45
3022 26 45
3023 26 45
3024 26 45
3025 26 45
3026 26 45
3027 26 45
3028 26 45
3029 26 45
3030 26 45
3031 26 45
3032 27 45
3033 27 45
3034 27 45
3035 27 45
3036 27 45
3037 27 45
3038 27 45
3039 27 45
3040 27 45
3041 27 46
3042 27 46
3043 27 46
3044 27 46
3045 27 46
3046 27 46
3047 27 46
3048 27 46
3049 27 46
3050 27 46
3051 27 46
3052 27 46
3053 27 46
3054 27 46
3055 27 46
3056 27 46
3057 27 46
3058 27 46
3059 27 46
3060 27 46
3061 27 46
3062 27 46
3063 27 46
3064 27 46
3065 28 46
3066 28 46
3067 28 46
3068 28 46
3069 28 46
3070 28 46
3071 29 47
3072 29 47
3073 29 47
3074 29 47
3075 29 47
3076 29 47
3077 29 47
3078 29 47
3079 29 47
3080 29 47
3081 30 47
3082 31 47
3083 31 47
3084 31 47
3085 31 47
3086 31 47
3087 31 47
3088 32 47
3089 32 47
3090 32 47
3091 32 47
3092 33 47
3093 33 47
3094 33 47
3095 33 47
3096 33 47
3097 34 47
3098 34 47
3099 34 47
3100 35 47
3101 35 47
3102 35 47
3103 36 47
3104 36 47
3105 36 47
3106 36 47
3107 36 47
3108 36 47
3109 36 47
3110 37 47
3111 37 47
3112 37 48
3113 37 48
3114 37 48
3115 37 48
3116 37 48
3117 37 48
3118 37 48
3119 37 48
3120 38 48
3121 38 48
3122 38 48
3123 39 48
3124 40 48
3125 41 48
3126 41 48
3127 41 48
3128 41 48
3129 41 48
3130 41 48
3131 41 48
3132 41 48
3133 41 48
3134 41 48
3135 41 48
3136 41 48
3137 41 48
3138 41 48
3139 41 48
3140 41 48
3141 41 48
3142 42 48
3143 42 48
3144 42 48
3145 42 48
3146 43 48
3147 43 48
3148 43 49
3149 44 49
3150 44 49
3151 44 49
3152 44 49
3153 45 49
3154 45 49
3155 45 49
3156 45 49
3157 45 49
3158 45 49
3159 45 49
3160 45 49
3161 46 49
3162 46 49
3163 47 49
3164 47 49
3165 47 49
3166 47 49
3167 47 49
3168 47 49
3169 47 49
3170 47 49
3171 47 49
3172 47 49
3173 47 49
3174 47 49
3175 47 49
3176 47 49
3177 47 49
3178 47 49
3179 47 49
3180 47 49
3181 47 49
3182 47 49
3183 47 49
3184 47 50
3185 47 50
3186 47 50
3187 47 50
3188 47 50
3189 47 50
3190 47 50
3191 47 50
3192 47 50
3193 47 50
3194 47 50
3195 47 50
3196 47 50
3197 47 50
3198 47 50
3199 47 50
3200 47 50
3201 48 50
3202 48 50
3203 48 50
3204 49 50
3205 49 50
3206 49 50
3207 50 50
3208 50 50
3209 50 50
3210 50 50
3211 51 50
3212 51 50
3213 51 50
3214 51 50
3215 51 50
3216 51 50
3217 51 50
3218 52 50
3219 53 50
3220 53 50
3221 53 50
3222 53 50
3223 53 50
3224 53 50
3225 53 51
3226 53 51
3227 54 51
3228 54 51
3229 55 51
3230 55 51
3231 55 51
3232 55 51
3233 56 51
3234 56 51
3235 57 51
3236 57 51
3237 57 51
3238 57 51
3239 57 51
3240 57 51
3241 58 51
3242 59 51
3243 60 51
3244 60 51
3245 60 51
3246 60 51
3247 63 51
3248 63 51
3249 64 51
3250 64 51
3251 65 51
3252 67 51
3253 68 51
3254 68 51
3255 69 51
3256 69 51
3257 71 51
3258 71 51
3259 72 51
3260 72 51
3261 72 51
3262 72 51
3263 73 51
3264 73 51
3265 73 51
3266 74 51
3267 74 51
3268 74 51
3269 74 52
3270 75 52
3271 77 52
3272 78 52
3273 81 52
3274 83 52
3275 83 52
3276 83 52
3277 83 52
3278 83 52
3279 83 52
3280 83 52
3281 83 52
3282 83 52
3283 83 52
3284 84 52
3285 95 52
3286 95 52
3287 95 52
3288 95 52
3289 95 52
3290 95 52
3291 95 52
3292 95 52
3293 95 52
3294 95 52
3295 95 52
3296 95 52
3297 95 52
3298 95 52
3299 95 52
3300 95 52
3301 95 52
3302 95 52
3303 95 52
3304 95 52
3305 95 52
3306 95 52
3307 95 52
3308 95 52
3309 95 52
3310 95 52
3311 95 52
3312 95 52
3313 95 52
3314 95 52
3315 95 52
3316 95 53
3317 95 53
3318 96 53
3319 100 53
