0 0 0
1 0 0
2 0 0
3 0 100
4 0 100
5 0 100
6 0 100
7 0 100
8 0 100
9 0 100
10 0 100
11 0 100
12 0 100
13 0 100
14 0 100
15 0 75
16 0 80
17 0 83
18 0 83
19 0 83
20 0 83
21 0 83
22 0 83
23 0 83
24 0 83
25 0 71
26 0 75
27 0 77
28 0 77
29 0 80
30 0 81
31 0 81
32 0 81
33 0 81
34 0 81
35 0 81
36 0 81
37 0 83
38 0 83
39 0 76
40 0 76
41 0 76
42 0 71
43 0 73
44 0 73
45 0 73
46 0 75
47 0 75
48 0 75
49 0 76
50 0 72
51 0 73
52 0 73
53 0 73
54 0 73
55 0 73
56 0 73
57 0 73
58 0 73
59 0 73
60 0 73
61 0 73
62 0 73
63 0 73
64 0 75
65 0 75
66 0 75
67 0 75
68 0 76
69 0 76
70 0 76
71 0 77
72 0 77
73 0 78
74 0 78
75 0 78
76 0 78
77 0 78
78 0 79
79 0 80
80 0 80
81 0 80
82 0 80
83 0 81
84 0 81
85 0 81
86 0 81
87 0 81
88 0 81
89 0 81
90 0 81
91 0 82
92 0 82
93 0 82
94 0 82
95 0 82
96 0 83
97 0 83
98 0 80
99 0 80
100 0 81
101 0 81
102 0 81
103 0 81
104 0 82
105 0 82
106 0 82
107 0 80
108 0 80
109 0 81
110 0 81
111 0 81
112 0 81
113 0 78
114 0 78
115 0 78
116 0 79
117 0 80
118 0 80
119 0 80
120 0 80
121 0 80
122 0 80
123 0 78
124 0 78
125 0 78
126 0 79
127 0 79
128 0 79
129 0 79
130 0 77
131 0 76
132 0 76
133 0 76
134 0 76
135 0 76
136 0 76
137 0 76
138 0 76
139 0 76
140 0 76
141 0 75
142 0 73
143 0 73
144 0 73
145 0 72
146 0 70
147 0 71
148 0 71
149 0 70
150 0 70
151 0 70
152 0 69
153 0 70
154 0 70
155 0 70
156 0 70
157 0 70
158 0 70
159 0 70
160 0 70
161 0 70
162 0 70
163 0 70
164 0 68
165 0 68
166 0 68
167 0 67
168 0 67
169 0 67
170 0 66
171 0 66
172 0 66
173 0 66
174 0 66
175 0 66
176 0 65
177 0 66
178 0 66
179 0 66
180 0 66
181 0 66
182 0 66
183 0 66
184 0 66
185 0 66
186 0 65
187 0 65
188 0 65
189 0 65
190 0 65
191 0 65
192 0 65
193 0 66
194 0 65
195 0 64
196 0 63
197 0 63
198 0 63
199 0 63
200 0 63
201 0 63
202 0 63
203 0 63
204 0 62
205 0 62
206 0 61
207 0 61
208 0 61
209 0 61
210 0 61
211 0 61
212 0 61
213 0 61
214 0 61
215 0 61
216 0 61
217 0 61
218 0 61
219 0 61
220 0 61
221 0 61
222 0 61
223 0 60
224 0 60
225 0 60
226 0 60
227 0 61
228 0 61
229 0 60
230 0 60
231 0 60
232 0 59
233 0 58
234 0 58
235 0 58
236 0 57
237 0 57
238 0 57
239 0 57
240 0 57
241 0 56
242 0 56
243 0 56
244 0 56
245 0 56
246 0 56
247 0 56
248 0 56
249 0 56
250 0 56
251 0 56
252 0 55
253 0 56
254 0 55
255 0 56
256 0 56
257 0 56
258 0 56
259 0 56
260 0 56
261 0 56
262 0 56
263 0 55
264 0 55
265 0 55
266 0 55
267 0 55
268 0 55
269 0 55
270 0 55
271 0 55
272 0 55
273 0 54
274 0 54
275 0 54
276 0 54
277 0 54
278 0 54
279 0 53
280 0 53
281 0 53
282 0 53
283 0 53
284 0 54
285 0 54
286 0 53
287 0 53
288 0 53
289 0 53
290 0 53
291 0 53
292 0 53
293 0 53
294 0 53
295 0 53
296 0 54
297 0 54
298 0 54
299 0 54
300 0 54
301 0 54
302 0 54
303 0 54
304 0 54
305 0 54
306 0 54
307 0 54
308 0 54
309 0 54
310 0 54
311 0 53
312 0 53
313 0 53
314 0 53
315 0 53
316 0 53
317 0 53
318 0 53
319 0 52
320 0 52
321 0 52
322 0 52
323 0 52
324 0 52
325 0 52
326 0 51
327 0 51
328 0 51
329 0 51
330 0 51
331 0 50
332 0 50
333 0 51
334 0 51
335 0 51
336 0 51
337 0 51
338 0 51
339 0 52
340 0 51
341 0 52
342 0 51
343 0 51
344 0 52
345 0 52
346 0 52
347 0 52
348 0 52
349 0 51
350 0 51
351 0 51
352 0 51
353 0 50
354 0 50
355 0 50
356 0 50
357 0 50
358 0 50
359 0 50
360 0 50
361 0 50
362 0 50
363 0 50
364 0 49
365 0 50
366 0 50
367 0 50
368 0 49
369 0 49
370 0 49
371 0 49
372 0 48
373 0 48
374 0 48
375 0 48
376 0 49
377 0 48
378 0 48
379 0 48
380 0 48
381 0 48
382 0 48
383 0 48
384 0 48
385 0 48
386 0 48
387 0 47
388 0 47
389 0 47
390 0 47
391 0 47
392 0 47
393 0 47
394 0 48
395 0 48
396 0 48
397 0 48
398 0 48
399 0 48
400 0 48
401 0 48
402 0 48
403 0 48
404 0 48
405 0 48
406 0 48
407 0 47
408 0 47
409 0 47
410 0 47
411 0 47
412 0 47
413 0 47
414 0 47
415 0 47
416 0 47
417 0 47
418 0 47
419 0 47
420 0 47
421 0 47
422 0 47
423 0 46
424 0 46
425 0 46
426 0 46
427 0 46
428 0 45
429 0 45
430 0 45
431 0 45
432 0 45
433 0 45
434 0 44
435 0 44
436 0 44
437 0 45
438 0 45
439 0 44
440 0 44
441 0 44
442 0 44
443 0 44
444 0 44
445 0 44
446 0 44
447 0 43
448 0 43
449 0 43
450 0 43
451 0 43
452 0 43
453 0 43
454 0 43
455 0 44
456 0 43
457 0 43
458 0 43
459 0 43
460 0 43
461 0 43
462 0 43
463 0 43
464 0 43
465 0 43
466 0 43
467 0 43
468 0 44
469 0 43
470 0 43
471 0 43
472 0 43
473 0 43
474 0 43
475 0 42
476 0 43
477 0 43
478 0 43
479 0 43
480 0 43
481 0 43
482 0 43
483 0 43
484 0 43
485 0 43
486 0 43
487 0 43
488 0 43
489 0 43
490 0 43
491 0 43
492 0 43
493 0 43
494 0 43
495 0 44
496 0 44
497 0 44
498 0 45
499 0 45
500 0 45
501 0 44
502 0 44
503 0 45
504 0 45
505 0 45
506 0 45
507 0 44
508 0 44
509 0 44
510 0 44
511 0 44
512 0 44
513 0 45
514 0 44
515 0 44
516 0 44
517 0 44
518 0 44
519 0 45
520 0 45
521 0 45
522 0 45
523 0 44
524 0 44
525 0 44
526 0 44
527 0 44
528 0 44
529 0 44
530 0 44
531 0 44
532 0 44
533 0 44
534 0 43
535 0 43
536 0 43
537 0 43
538 0 43
539 0 43
540 0 43
541 0 43
542 0 43
543 0 43
544 0 43
545 0 43
546 0 43
547 0 43
548 0 42
549 0 42
550 0 42
551 0 42
552 0 42
553 0 42
554 0 42
555 0 42
556 0 42
557 0 42
558 0 42
559 0 42
560 0 42
561 0 42
562 0 42
563 0 42
564 0 42
565 0 42
566 0 42
567 0 42
568 0 42
569 0 42
570 0 42
571 0 42
572 0 42
573 0 42
574 0 42
575 0 42
576 0 42
577 0 42
578 0 42
579 0 42
580 0 42
581 0 42
582 0 42
583 0 42
584 0 42
585 0 42
586 0 42
587 0 42
588 0 42
589 0 42
590 0 42
591 0 42
592 0 42
593 0 42
594 0 42
595 0 42
596 0 42
597 0 42
598 0 42
599 0 42
600 0 42
601 0 42
602 0 42
603 0 42
604 0 42
605 0 42
606 0 41
607 0 41
608 0 41
609 0 41
610 0 41
611 0 41
612 0 41
613 0 41
614 0 41
615 0 40
616 0 40
617 0 40
618 0 40
619 0 40
620 0 40
621 0 41
622 0 41
623 0 41
624 0 41
625 0 41
626 0 41
627 0 41
628 0 41
629 0 41
630 0 41
631 0 41
632 0 41
633 0 41
634 0 41
635 0 40
636 0 40
637 0 40
638 0 40
639 0 40
640 0 40
641 0 40
642 0 40
643 0 40
644 0 40
645 0 40
646 0 41
647 0 41
648 0 41
649 0 41
650 0 41
651 0 40
652 0 41
653 0 41
654 0 41
655 0 41
656 0 41
657 0 41
658 0 41
659 0 41
660 0 41
661 0 41
662 0 41
663 0 41
664 0 41
665 0 41
666 0 41
667 0 40
668 0 41
669 0 41
670 0 41
671 0 41
672 0 41
673 0 41
674 0 41
675 0 41
676 0 41
677 0 41
678 0 41
679 0 41
680 0 41
681 0 40
682 0 40
683 0 40
684 0 40
685 0 40
686 0 40
687 0 40
688 0 40
689 0 40
690 0 40
691 0 40
692 0 40
693 0 40
694 0 40
695 0 40
696 0 40
697 0 40
698 0 40
699 0 40
700 0 40
701 0 40
702 0 40
703 0 40
704 0 40
705 0 39
706 0 39
707 0 39
708 0 39
709 0 39
710 0 39
711 0 39
712 0 39
713 0 39
714 0 39
715 0 39
716 0 39
717 0 39
718 0 39
719 0 38
720 0 38
721 0 38
722 0 38
723 0 38
724 0 38
725 0 38
726 0 38
727 0 38
728 0 38
729 0 38
730 0 38
731 0 37
732 0 37
733 0 37
734 0 37
735 0 37
736 0 37
737 0 37
738 0 37
739 0 37
740 0 37
741 0 37
742 0 37
743 0 37
744 0 37
745 0 37
746 0 37
747 0 37
748 0 37
749 0 37
750 0 37
751 0 37
752 0 37
753 0 37
754 0 36
755 0 36
756 0 37
757 0 37
758 0 36
759 0 36
760 0 37
761 0 37
762 0 37
763 0 37
764 0 36
765 0 36
766 0 36
767 0 36
768 0 36
769 0 36
770 0 36
771 0 36
772 0 36
773 0 36
774 0 36
775 0 36
776 0 36
777 0 36
778 0 36
779 0 36
780 0 36
781 0 36
782 0 36
783 0 36
784 0 36
785 0 36
786 0 36
787 0 36
788 0 36
789 0 36
790 0 36
791 0 36
792 0 36
793 0 36
794 0 36
795 0 36
796 0 36
797 0 36
798 0 36
799 0 36
800 0 36
801 0 36
802 0 36
803 0 36
804 0 36
805 0 36
806 0 36
807 0 36
808 0 36
809 0 36
810 0 35
811 0 35
812 0 35
813 0 35
814 0 35
815 0 36
816 0 36
817 0 35
818 0 35
819 0 36
820 0 35
821 0 35
822 0 36
823 0 36
824 0 36
825 0 36
826 0 36
827 0 36
828 0 36
829 0 36
830 0 36
831 0 36
832 0 36
833 0 36
834 0 36
835 0 35
836 0 35
837 0 35
838 0 35
839 0 35
840 0 35
841 0 35
842 0 35
843 0 35
844 0 35
845 0 35
846 0 36
847 0 36
848 0 35
849 0 35
850 0 35
851 0 35
852 0 35
853 0 35
854 0 35
855 0 35
856 0 35
857 0 35
858 0 35
859 0 35
860 0 35
861 0 35
862 0 35
863 0 35
864 0 35
865 0 35
866 0 35
867 0 35
868 0 35
869 0 35
870 0 35
871 0 35
872 0 35
873 0 35
874 0 35
875 0 35
876 0 34
877 0 34
878 0 34
879 0 34
880 0 34
881 0 35
882 0 34
883 0 34
884 0 34
885 0 34
886 0 34
887 0 34
888 0 34
889 0 34
890 0 34
891 0 34
892 0 34
893 0 34
894 0 34
895 0 34
896 0 34
897 0 34
898 0 34
899 0 34
900 0 34
901 0 34
902 0 34
903 0 34
904 0 34
905 0 34
906 0 34
907 1 34
908 1 34
909 1 34
910 1 34
911 1 34
912 1 34
913 1 34
914 1 34
915 1 34
916 1 34
917 1 34
918 1 34
919 1 34
920 1 34
921 1 34
922 1 34
923 1 34
924 1 34
925 1 33
926 1 33
927 1 33
928 1 33
929 1 33
930 1 33
931 1 33
932 1 33
933 1 33
934 1 33
935 1 33
936 1 33
937 1 33
938 1 33
939 1 33
940 1 33
941 1 33
942 1 33
943 1 33
944 1 33
945 1 33
946 1 33
947 1 33
948 1 33
949 1 33
950 1 33
951 1 33
952 1 33
953 1 33
954 1 33
955 1 33
956 1 33
957 1 33
958 1 33
959 1 33
960 1 33
961 1 33
962 1 33
963 1 33
964 1 33
965 1 33
966 1 33
967 1 33
968 1 33
969 1 33
970 1 33
971 1 33
972 1 33
973 1 33
974 1 33
975 1 33
976 1 33
977 1 33
978 1 33
979 1 33
980 1 33
981 1 32
982 1 32
983 1 32
984 1 32
985 1 32
986 1 32
987 1 32
988 1 32
989 1 32
990 1 32
991 1 32
992 1 32
993 1 32
994 1 32
995 1 32
996 1 32
997 1 32
998 1 32
999 1 32
1000 1 32
1001 1 32
1002 1 32
1003 1 32
1004 1 32
1005 1 32
1006 1 32
1007 1 32
1008 1 32
1009 1 32
1010 1 32
1011 1 32
1012 1 32
1013 1 32
1014 1 32
1015 1 32
1016 1 32
1017 1 32
1018 1 32
1019 1 32
1020 1 31
1021 1 31
1022 1 31
1023 1 31
1024 1 31
1025 1 31
1026 1 31
1027 1 31
1028 1 31
1029 1 31
1030 1 31
1031 1 31
1032 1 31
1033 1 31
1034 1 31
1035 1 31
1036 1 31
1037 1 31
1038 1 31
1039 1 31
1040 1 31
1041 1 31
1042 1 31
1043 1 31
1044 1 31
1045 1 31
1046 1 31
1047 1 31
1048 1 31
1049 1 30
1050 1 30
1051 1 31
1052 1 31
1053 1 31
1054 1 31
1055 1 31
1056 1 30
1057 1 31
1058 1 31
1059 1 31
1060 1 30
1061 1 30
1062 1 30
1063 1 30
1064 1 30
1065 1 30
1066 1 30
1067 1 30
1068 1 30
1069 1 30
1070 1 30
1071 1 30
1072 1 30
1073 1 30
1074 1 30
1075 1 30
1076 1 30
1077 1 30
1078 1 30
1079 1 30
1080 1 30
1081 1 30
1082 1 30
1083 1 30
1084 1 30
1085 1 30
1086 1 30
1087 1 30
1088 1 30
1089 1 30
1090 1 30
1091 1 30
1092 1 30
1093 1 30
1094 1 30
1095 1 30
1096 1 30
1097 1 30
1098 1 30
1099 1 30
1100 1 30
1101 1 30
1102 1 30
1103 1 30
1104 1 30
1105 1 30
1106 1 30
1107 1 30
1108 1 30
1109 1 30
1110 1 29
1111 1 30
1112 1 30
1113 1 30
1114 1 30
1115 1 30
1116 1 30
1117 1 30
1118 1 30
1119 1 29
1120 1 29
1121 1 29
1122 1 29
1123 1 29
1124 1 29
1125 1 29
1126 1 29
1127 1 29
1128 1 29
1129 1 29
1130 1 29
1131 1 29
1132 1 29
1133 1 29
1134 1 29
1135 1 29
1136 1 29
1137 1 29
1138 1 29
1139 1 29
1140 1 29
1141 1 29
1142 1 29
1143 1 29
1144 1 29
1145 1 28
1146 1 28
1147 1 28
1148 1 28
1149 1 29
1150 1 29
1151 1 29
1152 1 29
1153 1 29
1154 1 29
1155 1 29
1156 1 29
1157 1 29
1158 1 29
1159 1 29
1160 1 29
1161 1 29
1162 1 29
1163 1 28
1164 1 29
1165 1 29
1166 1 29
1167 1 29
1168 1 28
1169 1 28
1170 1 28
1171 1 28
1172 1 28
1173 1 28
1174 1 28
1175 1 29
1176 1 29
1177 1 29
1178 1 28
1179 1 28
1180 1 29
1181 1 29
1182 1 29
1183 1 29
1184 1 29
1185 1 29
1186 1 29
1187 1 29
1188 1 29
1189 1 29
1190 1 29
1191 1 29
1192 1 29
1193 1 29
1194 1 28
1195 1 28
1196 1 28
1197 1 28
1198 1 28
1199 1 28
1200 1 29
1201 1 29
1202 1 29
1203 1 29
1204 1 29
1205 1 29
1206 1 29
1207 1 29
1208 1 29
1209 1 29
1210 1 29
1211 1 29
1212 1 29
1213 1 29
1214 1 29
1215 1 29
1216 1 30
1217 1 30
1218 1 30
1219 1 30
1220 1 30
1221 1 30
1222 1 30
1223 1 30
1224 1 31
1225 1 30
1226 1 30
1227 1 31
1228 1 31
1229 1 31
1230 1 31
1231 1 31
1232 1 31
1233 1 31
1234 1 31
1235 1 31
1236 1 32
1237 1 32
1238 1 32
1239 1 32
1240 1 32
1241 1 32
1242 1 32
1243 1 32
1244 1 32
1245 1 32
1246 1 32
1247 1 32
1248 1 32
1249 1 32
1250 1 32
1251 1 32
1252 1 32
1253 1 32
1254 1 32
1255 1 32
1256 1 32
1257 1 32
1258 1 32
1259 1 32
1260 1 32
1261 1 32
1262 1 32
1263 1 32
1264 1 32
1265 1 32
1266 1 32
1267 1 32
1268 1 32
1269 1 32
1270 1 32
1271 1 32
1272 1 32
1273 1 32
1274 1 32
1275 1 32
1276 1 32
1277 1 32
1278 1 32
1279 1 32
1280 1 32
1281 1 32
1282 1 32
1283 1 32
1284 1 32
1285 1 32
1286 1 32
1287 1 32
1288 1 32
1289 1 32
1290 1 32
1291 1 32
1292 2 32
1293 2 32
1294 2 32
1295 2 32
1296 2 32
1297 2 31
1298 2 31
1299 2 31
1300 2 31
1301 2 31
1302 2 31
1303 2 31
1304 2 31
1305 2 31
1306 2 31
1307 2 31
1308 2 31
1309 2 31
1310 2 31
1311 2 31
1312 2 31
1313 2 31
1314 2 31
1315 2 31
1316 2 31
1317 2 31
1318 2 31
1319 2 31
1320 2 31
1321 2 31
1322 2 31
1323 2 31
1324 2 31
1325 2 31
1326 2 31
1327 2 31
1328 2 31
1329 2 31
1330 2 31
1331 2 31
1332 2 31
1333 2 31
1334 2 31
1335 2 31
1336 2 31
1337 2 31
1338 2 31
1339 2 31
1340 2 31
1341 2 31
1342 2 31
1343 2 31
1344 2 31
1345 2 31
1346 2 31
1347 2 31
1348 2 31
1349 2 31
1350 2 31
1351 2 31
1352 2 31
1353 2 31
1354 2 31
1355 2 31
1356 2 31
1357 2 31
1358 2 31
1359 2 31
1360 2 31
1361 2 31
1362 2 31
1363 2 31
1364 2 31
1365 2 31
1366 2 31
1367 2 31
1368 2 31
1369 2 31
1370 2 31
1371 2 31
1372 2 31
1373 2 31
1374 2 31
1375 2 31
1376 2 31
1377 2 31
1378 2 31
1379 2 31
1380 2 31
1381 2 31
1382 2 31
1383 2 31
1384 2 31
1385 2 31
1386 2 31
1387 2 31
1388 2 31
1389 2 31
1390 2 31
1391 2 31
1392 2 31
1393 2 31
1394 2 31
1395 2 31
1396 2 31
1397 2 31
1398 2 31
1399 2 31
1400 2 31
1401 2 31
1402 2 31
1403 2 31
1404 2 31
1405 2 31
1406 2 31
1407 2 31
1408 2 31
1409 2 31
1410 2 31
1411 2 31
1412 2 31
1413 2 31
1414 2 31
1415 2 31
1416 2 31
1417 2 30
1418 2 31
1419 2 31
1420 2 31
1421 2 31
1422 2 31
1423 2 31
1424 2 31
1425 2 31
1426 2 31
1427 2 31
1428 2 31
1429 2 31
1430 2 31
1431 2 31
1432 2 31
1433 2 31
1434 2 31
1435 2 31
1436 2 31
1437 2 31
1438 2 31
1439 2 31
1440 2 31
1441 2 31
1442 2 31
1443 2 31
1444 2 31
1445 2 31
1446 2 31
1447 2 31
1448 2 31
1449 2 31
1450 2 31
1451 2 31
1452 2 31
1453 2 31
1454 2 31
1455 2 31
1456 2 31
1457 2 31
1458 2 31
1459 2 31
1460 2 31
1461 2 31
1462 2 31
1463 2 31
1464 2 31
1465 2 31
1466 2 31
1467 2 31
1468 2 31
1469 2 31
1470 2 31
1471 2 31
1472 2 31
1473 2 31
1474 2 31
1475 2 31
1476 2 31
1477 2 31
1478 2 31
1479 2 31
1480 2 31
1481 2 31
1482 2 31
1483 2 31
1484 2 31
1485 2 31
1486 2 31
1487 2 31
1488 2 31
1489 2 31
1490 2 31
1491 2 31
1492 2 31
1493 2 31
1494 2 31
1495 2 31
1496 2 31
1497 2 31
1498 2 31
1499 2 31
1500 2 31
1501 2 31
1502 2 31
1503 2 31
1504 2 31
1505 2 31
1506 2 31
1507 2 31
1508 2 31
1509 2 31
1510 2 31
1511 2 31
1512 2 31
1513 2 31
1514 2 31
1515 2 31
1516 2 31
1517 2 31
1518 2 31
1519 2 31
1520 2 31
1521 2 31
1522 2 31
1523 2 31
1524 2 31
1525 2 31
1526 2 31
1527 2 31
1528 2 31
1529 2 31
1530 2 31
1531 2 31
1532 2 31
1533 2 31
1534 2 31
1535 2 31
1536 2 31
1537 2 31
1538 2 31
1539 2 31
1540 2 31
1541 2 31
1542 2 31
1543 2 31
1544 2 31
1545 2 31
1546 2 31
1547 2 31
1548 2 31
1549 2 31
1550 2 31
1551 2 31
1552 2 31
1553 2 31
1554 2 31
1555 2 31
1556 2 31
1557 2 31
1558 2 31
1559 2 31
1560 2 31
1561 2 31
1562 2 31
1563 2 31
1564 2 31
1565 2 31
1566 2 31
1567 2 31
1568 2 31
1569 2 31
1570 2 31
1571 2 31
1572 2 31
1573 2 31
1574 2 31
1575 2 31
1576 2 31
1577 2 31
1578 2 31
1579 2 31
1580 2 30
1581 2 30
1582 2 30
1583 2 31
1584 3 31
1585 3 31
1586 3 31
1587 3 31
1588 3 30
1589 3 30
1590 3 30
1591 3 30
1592 3 30
1593 3 30
1594 3 30
1595 3 30
1596 3 31
1597 3 31
1598 3 31
1599 3 31
1600 3 31
1601 3 31
1602 3 31
1603 3 31
1604 3 31
1605 3 31
1606 3 31
1607 3 31
1608 3 31
1609 3 31
1610 3 31
1611 3 31
1612 3 31
1613 3 31
1614 3 31
1615 3 31
1616 3 31
1617 3 31
1618 3 31
1619 3 31
1620 3 31
1621 3 30
1622 3 30
1623 3 30
1624 3 30
1625 3 30
1626 3 30
1627 3 30
1628 3 30
1629 3 30
1630 3 30
1631 3 30
1632 3 30
1633 3 30
1634 3 30
1635 3 30
1636 3 30
1637 3 30
1638 3 30
1639 3 30
1640 3 30
1641 3 30
1642 3 30
1643 3 30
1644 3 30
1645 3 30
1646 3 30
1647 3 30
1648 3 30
1649 3 30
1650 3 30
1651 3 30
1652 3 30
1653 3 30
1654 3 30
1655 3 30
1656 3 30
1657 3 30
1658 3 30
1659 3 30
1660 3 30
1661 3 30
1662 3 30
1663 3 30
1664 3 30
1665 3 30
1666 3 30
1667 3 30
1668 3 30
1669 3 30
1670 3 30
1671 3 30
1672 3 30
1673 3 30
1674 3 30
1675 3 30
1676 3 30
1677 3 30
1678 3 30
1679 3 30
1680 3 30
1681 3 30
1682 3 30
1683 3 30
1684 3 30
1685 3 30
1686 3 30
1687 3 30
1688 3 30
1689 3 30
1690 3 30
1691 3 30
1692 3 30
1693 3 30
1694 3 30
1695 3 30
1696 3 30
1697 3 30
1698 3 30
1699 3 30
1700 3 30
1701 3 30
1702 3 30
1703 3 30
1704 3 30
1705 3 30
1706 3 30
1707 3 30
1708 3 30
1709 3 30
1710 3 30
1711 3 30
1712 3 30
1713 3 30
1714 3 30
1715 3 30
1716 3 30
1717 3 30
1718 3 30
1719 3 30
1720 3 30
1721 3 30
1722 3 30
1723 3 30
1724 3 30
1725 3 30
1726 3 30
1727 3 30
1728 3 30
1729 3 30
1730 3 30
1731 3 30
1732 3 30
1733 3 30
1734 3 30
1735 3 30
1736 3 30
1737 3 30
1738 3 30
1739 3 30
1740 3 30
1741 3 30
1742 3 30
1743 3 30
1744 3 30
1745 3 30
1746 3 30
1747 3 30
1748 3 30
1749 3 30
1750 3 30
1751 3 30
1752 3 30
1753 3 30
1754 3 30
1755 3 30
1756 3 30
1757 3 30
1758 3 30
1759 3 30
1760 3 30
1761 3 30
1762 3 30
1763 3 30
1764 3 30
1765 3 30
1766 3 30
1767 3 30
1768 3 30
1769 3 30
1770 3 29
1771 3 29
1772 3 29
1773 3 29
1774 3 29
1775 3 29
1776 3 30
1777 3 30
1778 3 30
1779 3 30
1780 3 30
1781 3 30
1782 3 30
1783 3 30
1784 3 30
1785 3 30
1786 3 30
1787 3 30
1788 3 30
1789 3 30
1790 3 29
1791 3 29
1792 3 29
1793 3 29
1794 3 29
1795 3 29
1796 3 29
1797 3 29
1798 3 29
1799 3 29
1800 3 29
1801 3 29
1802 3 29
1803 3 29
1804 3 29
1805 3 29
1806 3 29
1807 3 29
1808 3 30
1809 4 30
1810 4 30
1811 4 30
1812 4 30
1813 4 29
1814 4 29
1815 4 29
1816 4 30
1817 4 30
1818 4 30
1819 4 30
1820 4 30
1821 4 30
1822 4 30
1823 4 30
1824 4 30
1825 4 30
1826 4 30
1827 4 30
1828 4 30
1829 4 30
1830 4 30
1831 4 30
1832 4 30
1833 4 30
1834 4 30
1835 4 30
1836 4 30
1837 4 30
1838 4 30
1839 4 30
1840 4 30
1841 4 30
1842 4 30
1843 4 30
1844 4 30
1845 4 30
1846 4 30
1847 4 30
1848 4 30
1849 4 30
1850 4 30
1851 4 30
1852 4 30
1853 4 30
1854 4 30
1855 4 30
1856 4 30
1857 4 30
1858 4 30
1859 4 30
1860 4 30
1861 4 30
1862 4 30
1863 4 30
1864 4 30
1865 4 30
1866 4 30
1867 4 30
1868 4 30
1869 4 29
1870 4 29
1871 4 29
1872 4 29
1873 4 29
1874 4 29
1875 4 29
1876 4 29
1877 4 29
1878 4 29
1879 4 29
1880 4 29
1881 4 29
1882 4 29
1883 4 29
1884 4 29
1885 4 29
1886 4 29
1887 4 29
1888 4 29
1889 4 29
1890 4 29
1891 4 29
1892 4 29
1893 4 29
1894 4 29
1895 4 29
1896 4 29
1897 4 29
1898 4 29
1899 4 29
1900 4 29
1901 4 29
1902 4 29
1903 4 29
1904 4 29
1905 4 29
1906 4 29
1907 4 29
1908 4 29
1909 4 29
1910 4 29
1911 4 29
1912 4 29
1913 4 29
1914 4 29
1915 4 29
1916 4 29
1917 4 29
1918 4 29
1919 4 29
1920 4 29
1921 4 29
1922 4 29
1923 4 29
1924 4 29
1925 4 29
1926 4 29
1927 4 29
1928 4 29
1929 4 29
1930 4 29
1931 4 29
1932 4 29
1933 4 29
1934 4 29
1935 4 29
1936 4 29
1937 4 29
1938 4 29
1939 4 29
1940 4 29
1941 4 29
1942 4 29
1943 4 29
1944 4 29
1945 4 29
1946 4 29
1947 4 29
1948 4 29
1949 4 29
1950 4 29
1951 4 29
1952 4 29
1953 4 29
1954 5 29
1955 5 29
1956 5 29
1957 5 29
1958 5 29
1959 5 29
1960 5 29
1961 5 29
1962 5 29
1963 5 29
1964 5 29
1965 5 29
1966 5 29
1967 5 29
1968 5 29
1969 5 29
1970 5 29
1971 5 29
1972 5 29
1973 5 29
1974 5 29
1975 5 29
1976 5 29
1977 5 29
1978 5 29
1979 5 29
1980 5 29
1981 5 29
1982 5 29
1983 5 29
1984 5 29
1985 5 29
1986 5 29
1987 5 29
1988 5 29
1989 5 29
1990 5 29
1991 5 29
1992 5 29
1993 5 29
1994 5 29
1995 5 29
1996 5 29
1997 5 28
1998 5 28
1999 5 28
2000 5 28
2001 5 28
2002 5 28
2003 5 28
2004 5 28
2005 5 28
2006 5 28
2007 5 28
2008 5 28
2009 5 28
2010 5 28
2011 5 28
2012 5 28
2013 5 28
2014 5 28
2015 5 28
2016 5 28
2017 5 28
2018 5 28
2019 5 28
2020 5 28
2021 5 28
2022 5 28
2023 5 28
2024 5 28
2025 5 28
2026 5 28
2027 5 28
2028 5 28
2029 5 28
2030 5 28
2031 5 28
2032 5 28
2033 5 28
2034 5 28
2035 5 28
2036 5 28
2037 5 28
2038 5 28
2039 5 28
2040 5 28
2041 5 28
2042 5 28
2043 5 28
2044 5 28
2045 5 28
2046 5 28
2047 5 28
2048 5 28
2049 5 28
2050 5 28
2051 5 28
2052 5 28
2053 5 28
2054 5 28
2055 5 28
2056 5 28
2057 5 28
2058 5 28
2059 5 28
2060 5 29
2061 5 28
2062 5 28
2063 5 28
2064 5 28
2065 5 28
2066 5 28
2067 5 28
2068 5 28
2069 5 28
2070 5 28
2071 5 28
2072 5 29
2073 5 29
2074 5 28
2075 5 28
2076 5 29
2077 5 29
2078 5 29
2079 5 28
2080 5 28
2081 5 29
2082 5 29
2083 5 29
2084 5 29
2085 5 28
2086 5 28
2087 5 29
2088 5 29
2089 5 29
2090 5 29
2091 5 29
2092 5 29
2093 5 29
2094 5 29
2095 5 29
2096 5 29
2097 5 29
2098 5 28
2099 5 28
2100 5 28
2101 5 29
2102 5 29
2103 5 29
2104 5 29
2105 5 29
2106 5 29
2107 5 29
2108 5 29
2109 5 29
2110 5 29
2111 5 29
2112 5 29
2113 5 29
2114 5 29
2115 5 29
2116 5 29
2117 5 29
2118 5 29
2119 5 29
2120 5 29
2121 5 29
2122 5 29
2123 6 29
2124 6 29
2125 6 29
2126 6 29
2127 6 29
2128 6 29
2129 6 29
2130 6 29
2131 6 29
2132 6 29
2133 6 29
2134 6 29
2135 6 29
2136 6 29
2137 6 29
2138 6 29
2139 6 29
2140 6 29
2141 6 29
2142 6 29
2143 6 29
2144 6 29
2145 6 29
2146 6 29
2147 6 29
2148 6 29
2149 6 29
2150 6 29
2151 6 29
2152 6 29
2153 6 29
2154 6 29
2155 6 29
2156 6 29
2157 6 29
2158 6 29
2159 6 29
2160 6 29
2161 6 29
2162 6 29
2163 6 29
2164 6 29
2165 6 29
2166 6 29
2167 6 29
2168 6 29
2169 6 29
2170 6 29
2171 6 29
2172 6 29
2173 6 29
2174 6 29
2175 6 29
2176 6 29
2177 6 29
2178 6 29
2179 6 29
2180 6 29
2181 6 29
2182 6 29
2183 6 29
2184 6 29
2185 6 29
2186 6 29
2187 6 29
2188 6 29
2189 6 29
2190 6 29
2191 6 29
2192 6 29
2193 6 29
2194 6 29
2195 6 29
2196 6 29
2197 6 29
2198 6 29
2199 6 29
2200 6 29
2201 6 29
2202 6 29
2203 6 29
2204 6 29
2205 6 29
2206 6 29
2207 6 29
2208 6 29
2209 6 29
2210 6 29
2211 6 29
2212 6 29
2213 6 29
2214 6 29
2215 6 29
2216 6 29
2217 6 29
2218 6 29
2219 6 29
2220 6 29
2221 6 29
2222 6 29
2223 6 29
2224 6 29
2225 6 29
2226 6 29
2227 6 29
2228 6 29
2229 6 29
2230 6 29
2231 6 29
2232 6 29
2233 6 29
2234 6 29
2235 6 29
2236 6 29
2237 6 29
2238 6 29
2239 6 29
2240 6 29
2241 6 29
2242 6 29
2243 6 29
2244 7 29
2245 7 29
2246 7 29
2247 7 29
2248 7 29
2249 7 29
2250 7 29
2251 7 29
2252 7 29
2253 7 29
2254 7 29
2255 7 29
2256 7 29
2257 7 29
2258 7 29
2259 7 29
2260 7 29
2261 7 29
2262 7 29
2263 7 29
2264 7 29
2265 7 29
2266 7 29
2267 7 29
2268 7 29
2269 7 29
2270 7 29
2271 7 29
2272 7 29
2273 7 29
2274 7 29
2275 7 29
2276 7 29
2277 7 29
2278 7 29
2279 7 29
2280 7 29
2281 7 29
2282 7 29
2283 7 29
2284 7 29
2285 7 29
2286 7 29
2287 7 29
2288 7 29
2289 7 29
2290 7 29
2291 7 29
2292 7 29
2293 7 29
2294 7 29
2295 7 29
2296 7 29
2297 7 29
2298 7 29
2299 7 29
2300 7 29
2301 7 29
2302 7 29
2303 7 29
2304 7 29
2305 7 29
2306 7 29
2307 7 29
2308 7 29
2309 7 29
2310 7 29
2311 7 29
2312 7 29
2313 7 29
2314 7 29
2315 7 29
2316 7 29
2317 7 29
2318 7 29
2319 7 29
2320 7 28
2321 7 28
2322 7 28
2323 7 28
2324 7 28
2325 7 28
2326 7 28
2327 7 28
2328 7 28
2329 7 28
2330 7 28
2331 7 28
2332 7 28
2333 7 28
2334 7 28
2335 7 28
2336 7 28
2337 7 28
2338 7 28
2339 7 28
2340 7 28
2341 7 28
2342 7 28
2343 7 28
2344 7 28
2345 7 29
2346 8 29
2347 8 29
2348 8 29
2349 8 29
2350 8 29
2351 8 29
2352 8 29
2353 8 29
2354 8 29
2355 8 29
2356 8 29
2357 8 29
2358 8 29
2359 8 29
2360 8 29
2361 8 29
2362 8 29
2363 8 29
2364 8 29
2365 8 29
2366 8 29
2367 8 29
2368 8 29
2369 8 29
2370 8 29
2371 8 29
2372 8 29
2373 8 28
2374 8 28
2375 8 28
2376 8 28
2377 8 28
2378 8 28
2379 8 28
2380 8 28
2381 8 28
2382 8 28
2383 8 28
2384 8 28
2385 8 28
2386 8 28
2387 8 28
2388 8 28
2389 8 28
2390 8 28
2391 8 28
2392 8 28
2393 8 28
2394 8 28
2395 8 28
2396 8 28
2397 8 28
2398 8 28
2399 8 28
2400 8 28
2401 8 29
2402 8 29
2403 8 29
2404 8 29
2405 8 28
2406 8 28
2407 8 29
2408 8 29
2409 8 29
2410 8 28
2411 8 28
2412 8 28
2413 8 28
2414 8 28
2415 8 28
2416 8 28
2417 8 28
2418 8 28
2419 8 28
2420 8 28
2421 8 28
2422 8 28
2423 8 28
2424 8 28
2425 8 28
2426 8 28
2427 8 28
2428 8 28
2429 8 28
2430 8 28
2431 8 28
2432 8 28
2433 8 28
2434 8 28
2435 8 28
2436 8 28
2437 8 28
2438 9 28
2439 9 28
2440 9 28
2441 9 28
2442 9 28
2443 9 28
2444 9 28
2445 9 28
2446 9 28
2447 9 28
2448 9 28
2449 9 28
2450 9 28
2451 9 28
2452 9 28
2453 9 28
2454 9 28
2455 9 28
2456 9 28
2457 9 28
2458 9 28
2459 9 28
2460 9 28
2461 9 28
2462 9 28
2463 9 28
2464 9 28
2465 9 28
2466 9 28
2467 9 28
2468 9 28
2469 9 28
2470 9 28
2471 9 28
2472 9 28
2473 9 28
2474 9 28
2475 9 28
2476 9 28
2477 9 28
2478 9 28
2479 9 28
2480 9 28
2481 9 29
2482 9 28
2483 9 28
2484 9 28
2485 9 28
2486 9 29
2487 9 28
2488 9 28
2489 9 28
2490 9 28
2491 9 28
2492 9 29
2493 9 28
2494 9 28
2495 9 28
2496 9 28
2497 9 28
2498 9 28
2499 9 28
2500 9 28
2501 10 29
2502 10 29
2503 10 28
2504 10 29
2505 10 29
2506 10 29
2507 10 29
2508 10 29
2509 10 29
2510 10 29
2511 10 29
2512 10 29
2513 10 29
2514 10 29
2515 10 29
2516 10 29
2517 10 29
2518 10 29
2519 10 29
2520 10 29
2521 10 29
2522 10 29
2523 10 29
2524 10 29
2525 10 29
2526 10 29
2527 10 29
2528 10 29
2529 10 29
2530 10 29
2531 10 29
2532 10 29
2533 10 29
2534 10 29
2535 10 29
2536 10 29
2537 10 29
2538 10 29
2539 10 29
2540 10 29
2541 10 29
2542 10 29
2543 10 29
2544 10 29
2545 10 29
2546 10 29
2547 10 29
2548 10 29
2549 10 29
2550 10 29
2551 10 29
2552 10 29
2553 10 29
2554 10 29
2555 10 29
2556 10 29
2557 10 29
2558 10 29
2559 10 29
2560 10 29
2561 10 29
2562 10 29
2563 10 29
2564 10 29
2565 10 29
2566 10 29
2567 10 29
2568 10 29
2569 10 29
2570 10 29
2571 10 29
2572 10 29
2573 10 29
2574 10 29
2575 10 29
2576 10 29
2577 11 29
2578 11 29
2579 11 29
2580 11 29
2581 11 29
2582 11 29
2583 11 29
2584 11 29
2585 11 29
2586 11 29
2587 11 29
2588 11 29
2589 11 29
2590 11 29
2591 11 29
2592 11 29
2593 11 29
2594 11 29
2595 11 29
2596 11 29
2597 11 29
2598 11 29
2599 11 29
2600 11 29
2601 11 29
2602 11 29
2603 11 29
2604 11 29
2605 11 29
2606 11 29
2607 11 29
2608 11 29
2609 11 29
2610 11 29
2611 11 29
2612 11 29
2613 11 29
2614 11 29
2615 11 29
2616 11 29
2617 11 29
2618 11 28
2619 11 28
2620 11 28
2621 11 28
2622 11 29
2623 11 29
2624 11 28
2625 11 28
2626 11 28
2627 11 28
2628 11 28
2629 11 28
2630 11 29
2631 11 29
2632 11 29
2633 11 29
2634 11 29
2635 11 29
2636 11 29
2637 12 29
2638 12 29
2639 12 29
2640 12 29
2641 12 29
2642 12 29
2643 12 29
2644 12 29
2645 12 29
2646 12 29
2647 12 29
2648 12 29
2649 12 29
2650 12 29
2651 12 29
2652 12 29
2653 12 29
2654 12 29
2655 12 29
2656 12 29
2657 12 29
2658 12 29
2659 12 29
2660 12 29
2661 12 29
2662 12 29
2663 12 29
2664 12 29
2665 12 29
2666 12 29
2667 12 29
2668 12 29
2669 12 29
2670 12 29
2671 12 29
2672 12 29
2673 12 29
2674 12 29
2675 12 29
2676 12 29
2677 12 29
2678 12 29
2679 12 29
2680 12 29
2681 12 29
2682 12 29
2683 12 29
2684 12 29
2685 13 29
2686 13 29
2687 13 29
2688 13 29
2689 13 29
2690 13 29
2691 13 29
2692 13 29
2693 13 29
2694 13 29
2695 13 29
2696 13 29
2697 13 29
2698 13 29
2699 13 29
2700 13 29
2701 13 29
2702 13 29
2703 13 29
2704 13 29
2705 13 29
2706 13 29
2707 13 29
2708 13 29
2709 13 29
2710 13 29
2711 13 29
2712 13 29
2713 13 29
2714 13 28
2715 13 28
2716 13 28
2717 13 28
2718 13 28
2719 13 28
2720 13 28
2721 13 28
2722 13 28
2723 13 28
2724 13 28
2725 13 28
2726 13 28
2727 13 28
2728 13 28
2729 13 28
2730 13 28
2731 13 28
2732 13 28
2733 13 28
2734 13 29
2735 13 29
2736 13 29
2737 13 29
2738 13 29
2739 13 29
2740 13 28
2741 13 28
2742 13 28
2743 13 28
2744 13 28
2745 13 28
2746 13 28
2747 13 28
2748 13 28
2749 13 28
2750 13 28
2751 13 28
2752 13 28
2753 13 28
2754 13 28
2755 13 28
2756 13 28
2757 13 28
2758 13 28
2759 13 28
2760 13 28
2761 14 28
2762 14 28
2763 14 28
2764 14 28
2765 14 28
2766 14 28
2767 14 28
2768 14 28
2769 14 28
2770 14 28
2771 14 28
2772 14 28
2773 14 28
2774 14 28
2775 14 28
2776 14 28
2777 14 28
2778 14 28
2779 14 28
2780 14 28
2781 14 28
2782 14 28
2783 14 28
2784 15 28
2785 15 28
2786 15 28
2787 15 28
2788 15 28
2789 15 28
2790 15 28
2791 15 28
2792 15 29
2793 15 29
2794 15 28
2795 15 28
2796 15 28
2797 15 28
2798 15 28
2799 15 28
2800 15 28
2801 15 28
2802 15 28
2803 15 28
2804 15 28
2805 15 28
2806 15 28
2807 15 28
2808 15 28
2809 15 28
2810 15 28
2811 15 28
2812 15 28
2813 15 28
2814 15 28
2815 15 28
2816 15 28
2817 15 28
2818 15 28
2819 15 28
2820 16 28
2821 16 28
2822 16 28
2823 16 28
2824 16 28
2825 16 28
2826 16 28
2827 16 28
2828 16 28
2829 16 28
2830 16 28
2831 16 28
2832 16 28
2833 16 28
2834 16 28
2835 16 28
2836 16 28
2837 16 28
2838 16 28
2839 17 28
2840 17 28
2841 17 28
2842 17 28
2843 17 28
2844 17 28
2845 17 28
2846 17 28
2847 17 28
2848 17 28
2849 17 28
2850 17 28
2851 17 28
2852 17 28
2853 17 28
2854 17 28
2855 17 28
2856 17 28
2857 17 28
2858 17 28
2859 17 28
2860 18 28
2861 18 28
2862 18 28
2863 18 28
2864 18 28
2865 18 28
2866 18 28
2867 18 28
2868 18 28
2869 18 28
2870 18 28
2871 18 28
2872 18 28
2873 18 28
2874 18 28
2875 18 28
2876 18 28
2877 18 28
2878 18 28
2879 18 28
2880 18 28
2881 18 29
2882 18 29
2883 18 29
2884 18 29
2885 18 28
2886 18 28
2887 18 28
2888 18 28
2889 18 29
2890 18 29
2891 18 29
2892 18 29
2893 18 29
2894 19 29
2895 19 29
2896 19 29
2897 19 29
2898 19 29
2899 19 29
2900 19 29
2901 19 29
2902 19 29
2903 19 29
2904 19 29
2905 19 29
2906 19 29
2907 19 29
2908 19 29
2909 19 29
2910 19 29
2911 19 29
2912 19 29
2913 20 29
2914 20 29
2915 20 29
2916 20 29
2917 20 29
2918 20 29
2919 20 29
2920 20 28
2921 20 28
2922 20 28
2923 20 28
2924 20 28
2925 20 28
2926 20 28
2927 20 28
2928 20 28
2929 20 28
2930 20 28
2931 20 28
2932 20 28
2933 20 28
2934 20 28
2935 20 28
2936 21 28
2937 21 28
2938 21 28
2939 21 28
2940 21 29
2941 21 29
2942 21 29
2943 21 29
2944 21 29
2945 21 29
2946 21 29
2947 21 29
2948 22 29
2949 22 29
2950 22 29
2951 22 29
2952 22 29
2953 22 29
2954 22 29
2955 22 29
2956 23 29
2957 23 29
2958 23 29
2959 23 29
2960 23 29
2961 23 29
2962 23 29
2963 23 29
2964 23 29
2965 23 29
2966 24 29
2967 24 29
2968 24 29
2969 24 29
2970 24 29
2971 24 29
2972 24 29
2973 24 29
2974 24 29
2975 24 29
2976 24 29
2977 24 29
2978 25 29
2979 25 29
2980 25 29
2981 25 29
2982 25 29
2983 25 29
2984 25 29
2985 25 29
2986 25 29
2987 25 29
2988 25 29
2989 25 29
2990 25 29
2991 25 29
2992 25 29
2993 25 29
2994 25 29
2995 25 29
2996 25 29
2997 25 29
2998 25 29
2999 25 29
3000 25 29
3001 25 29
3002 25 29
3003 25 29
3004 25 29
3005 25 29
3006 26 29
3007 26 29
3008 26 29
3009 26 29
3010 26 29
3011 26 29
3012 26 29
3013 26 29
3014 26 29
3015 26 29
3016 26 29
3017 26 29
3018 26 29
3019 26 29
3020 26 29
3021 26 29
3022 26 29
3023 26 29
3024 26 29
3025 26 29
3026 26 29
3027 26 29
3028 26 29
3029 26 29
3030 26 29
3031 26 29
3032 27 29
3033 27 29
3034 27 29
3035 27 29
3036 27 29
3037 27 29
3038 27 29
3039 27 29
3040 27 29
3041 27 29
3042 27 29
3043 27 29
3044 27 29
3045 27 29
3046 27 29
3047 27 29
3048 27 29
3049 27 29
3050 27 29
3051 27 29
3052 27 29
3053 27 29
3054 27 29
3055 27 29
3056 27 29
3057 27 29
3058 27 29
3059 27 29
3060 27 29
3061 27 29
3062 27 29
3063 27 29
3064 27 29
3065 28 29
3066 28 29
3067 28 29
3068 28 29
3069 28 29
3070 28 29
3071 29 29
3072 29 29
3073 29 29
3074 29 29
3075 29 29
3076 29 29
3077 29 29
3078 29 29
3079 29 29
3080 29 29
3081 30 29
3082 31 29
3083 31 29
3084 31 29
3085 31 29
3086 31 29
3087 31 29
3088 32 29
3089 32 29
3090 32 29
3091 32 29
3092 33 29
3093 33 29
3094 33 29
3095 33 29
3096 33 29
3097 34 29
3098 34 29
3099 34 29
3100 35 29
3101 35 29
3102 35 29
3103 36 29
3104 36 29
3105 36 29
3106 36 29
3107 36 29
3108 36 29
3109 36 29
3110 37 29
3111 37 29
3112 37 29
3113 37 29
3114 37 29
3115 37 29
3116 37 29
3117 37 29
3118 37 29
3119 37 29
3120 38 29
3121 38 29
3122 38 29
3123 39 29
3124 40 29
3125 41 29
3126 41 29
3127 41 29
3128 41 29
3129 41 29
3130 41 29
3131 41 29
3132 41 29
3133 41 29
3134 41 29
3135 41 29
3136 41 29
3137 41 29
3138 41 29
3139 41 29
3140 41 29
3141 41 29
3142 42 29
3143 42 29
3144 42 29
3145 42 29
3146 43 29
3147 43 30
3148 43 30
3149 44 30
3150 44 30
3151 44 30
3152 44 30
3153 45 30
3154 45 30
3155 45 30
3156 45 30
3157 45 30
3158 45 30
3159 45 30
3160 45 30
3161 46 30
3162 46 30
3163 47 30
3164 47 30
3165 47 30
3166 47 30
3167 47 30
3168 47 30
3169 47 30
3170 47 30
3171 47 30
3172 47 30
3173 47 30
3174 47 30
3175 47 30
3176 47 30
3177 47 29
3178 47 29
3179 47 30
3180 47 30
3181 47 29
3182 47 29
3183 47 29
3184 47 29
3185 47 29
3186 47 29
3187 47 29
3188 47 29
3189 47 29
3190 47 29
3191 47 29
3192 47 29
3193 47 29
3194 47 29
3195 47 29
3196 47 29
3197 47 29
3198 47 29
3199 47 29
3200 47 29
3201 48 29
3202 48 29
3203 48 29
3204 49 30
3205 49 30
3206 49 30
3207 50 30
3208 50 30
3209 50 30
3210 50 30
3211 51 30
3212 51 30
3213 51 30
3214 51 30
3215 51 30
3216 51 30
3217 51 30
3218 52 30
3219 53 30
3220 53 30
3221 53 30
3222 53 30
3223 53 30
3224 53 30
3225 53 30
3226 53 30
3227 54 30
3228 54 30
3229 55 30
3230 55 30
3231 55 30
3232 55 30
3233 56 30
3234 56 30
3235 57 30
3236 57 30
3237 57 30
3238 57 30
3239 57 30
3240 57 30
3241 58 30
3242 59 30
3243 60 30
3244 60 30
3245 60 30
3246 60 30
3247 63 30
3248 63 30
3249 64 30
3250 64 30
3251 65 30
3252 67 30
3253 68 30
3254 68 30
3255 69 30
3256 69 30
3257 71 30
3258 71 30
3259 72 30
3260 72 30
3261 72 30
3262 72 30
3263 73 30
3264 73 31
3265 73 31
3266 74 31
3267 74 31
3268 74 31
3269 74 30
3270 75 31
3271 77 31
3272 78 31
3273 81 31
3274 83 31
3275 83 31
3276 83 31
3277 83 31
3278 83 31
3279 83 31
3280 83 31
3281 83 31
3282 83 31
3283 83 31
3284 84 31
3285 95 31
3286 95 31
3287 95 31
3288 95 30
3289 95 30
3290 95 30
3291 95 30
3292 95 30
3293 95 30
3294 95 30
3295 95 30
3296 95 30
3297 95 30
3298 95 30
3299 95 30
3300 95 30
3301 95 30
3302 95 30
3303 95 30
3304 95 30
3305 95 30
3306 95 30
3307 95 30
3308 95 30
3309 95 30
3310 95 30
3311 95 30
3312 95 30
3313 95 30
3314 95 30
3315 95 30
3316 95 30
3317 95 30
3318 96 30
3319 100 30
