0 0 0
1 0 0
2 0 0
3 0 0
4 0 0
5 0 0
6 0 0
7 0 0
8 0 0
9 0 0
10 0 0
11 0 0
12 0 0
13 0 0
14 0 0
15 0 0
16 0 0
17 0 0
18 0 0
19 0 0
20 0 0
21 0 0
22 0 0
23 0 0
24 0 0
25 0 0
26 0 0
27 0 0
28 0 0
29 0 0
30 0 0
31 0 0
32 0 0
33 0 0
34 0 0
35 0 0
36 0 0
37 0 0
38 0 0
39 0 0
40 0 0
41 0 0
42 0 0
43 0 0
44 0 0
45 0 0
46 0 0
47 0 0
48 0 0
49 0 0
50 0 0
51 0 0
52 0 0
53 0 0
54 0 0
55 0 0
56 0 0
57 0 0
58 0 0
59 0 0
60 0 0
61 0 0
62 0 0
63 0 0
64 0 0
65 0 0
66 0 0
67 0 0
68 0 0
69 0 0
70 0 0
71 0 0
72 0 0
73 0 0
74 0 0
75 0 0
76 0 0
77 0 0
78 0 0
79 0 0
80 0 0
81 0 0
82 0 0
83 0 0
84 0 0
85 0 0
86 0 0
87 0 0
88 0 0
89 0 0
90 0 0
91 0 0
92 0 0
93 0 0
94 0 0
95 0 0
96 0 0
97 0 0
98 0 0
99 0 0
100 0 0
101 0 0
102 0 0
103 0 0
104 0 0
105 0 0
106 0 0
107 0 0
108 0 0
109 0 0
110 0 0
111 0 0
112 0 0
113 0 0
114 0 0
115 0 0
116 0 0
117 0 0
118 0 0
119 0 0
120 0 0
121 0 0
122 0 0
123 0 0
124 0 0
125 0 0
126 0 0
127 0 0
128 0 0
129 0 0
130 0 0
131 0 0
132 0 0
133 0 0
134 0 0
135 0 0
136 0 0
137 0 0
138 0 0
139 0 0
140 0 0
141 0 0
142 0 0
143 0 0
144 0 0
145 0 0
146 0 0
147 0 0
148 0 0
149 0 0
150 0 0
151 0 0
152 0 0
153 0 0
154 0 0
155 0 0
156 0 0
157 0 0
158 0 0
159 0 0
160 0 0
161 0 0
162 0 0
163 0 0
164 0 0
165 0 0
166 0 0
167 0 0
168 0 0
169 0 0
170 0 0
171 0 0
172 0 0
173 0 0
174 0 0
175 0 0
176 0 0
177 0 0
178 0 0
179 0 0
180 0 0
181 0 0
182 0 0
183 0 0
184 0 0
185 0 0
186 0 0
187 0 0
188 0 0
189 0 0
190 0 0
191 0 0
192 0 0
193 0 0
194 0 0
195 0 0
196 0 0
197 0 0
198 0 0
199 0 0
200 0 0
201 0 0
202 0 0
203 0 0
204 0 0
205 0 0
206 0 0
207 0 0
208 0 0
209 0 0
210 0 0
211 0 0
212 0 0
213 0 0
214 0 0
215 0 0
216 0 0
217 0 0
218 0 0
219 0 0
220 0 0
221 0 0
222 0 0
223 0 0
224 0 0
225 0 0
226 0 0
227 0 0
228 0 0
229 0 0
230 0 0
231 0 0
232 0 0
233 0 0
234 0 0
235 0 0
236 0 0
237 0 0
238 0 0
239 0 0
240 0 0
241 0 0
242 0 0
243 0 0
244 0 0
245 0 0
246 0 0
247 0 0
248 0 0
249 0 0
250 0 0
251 0 0
252 0 0
253 0 0
254 0 0
255 0 0
256 0 0
257 0 0
258 0 0
259 0 0
260 0 0
261 0 0
262 0 0
263 0 0
264 0 0
265 0 0
266 0 0
267 0 0
268 0 0
269 0 0
270 0 0
271 0 0
272 0 0
273 0 0
274 0 0
275 0 0
276 0 0
277 0 0
278 0 0
279 0 0
280 0 0
281 0 0
282 0 0
283 0 0
284 0 0
285 0 0
286 0 0
287 0 0
288 0 0
289 0 0
290 0 0
291 0 0
292 0 0
293 0 0
294 0 0
295 0 0
296 0 0
297 0 0
298 0 0
299 0 0
300 0 0
301 0 0
302 0 0
303 0 0
304 0 0
305 0 0
306 0 0
307 0 0
308 0 0
309 0 0
310 0 0
311 0 0
312 0 0
313 0 0
314 0 0
315 0 0
316 0 0
317 0 0
318 0 0
319 0 0
320 0 0
321 0 0
322 0 0
323 0 0
324 0 0
325 0 0
326 0 0
327 0 0
328 0 0
329 0 0
330 0 0
331 0 0
332 0 0
333 0 0
334 0 0
335 0 0
336 0 0
337 0 0
338 0 0
339 0 0
340 0 0
341 0 0
342 0 0
343 0 0
344 0 0
345 0 0
346 0 0
347 0 0
348 0 0
349 0 0
350 0 0
351 0 0
352 0 0
353 0 0
354 0 0
355 0 0
356 0 0
357 0 0
358 0 0
359 0 0
360 0 0
361 0 0
362 0 0
363 0 0
364 0 0
365 0 0
366 0 0
367 0 0
368 0 0
369 0 0
370 0 0
371 0 0
372 0 0
373 0 0
374 0 0
375 0 0
376 0 0
377 0 0
378 0 0
379 0 0
380 0 0
381 0 0
382 0 0
383 0 0
384 0 0
385 0 0
386 0 0
387 0 0
388 0 0
389 0 0
390 0 0
391 0 0
392 0 0
393 0 0
394 0 0
395 0 0
396 0 0
397 0 0
398 0 0
399 0 0
400 0 0
401 0 0
402 0 0
403 0 0
404 0 0
405 0 0
406 0 0
407 0 0
408 0 0
409 0 0
410 0 0
411 0 0
412 0 0
413 0 0
414 0 0
415 0 0
416 0 0
417 0 0
418 0 0
419 0 0
420 0 0
421 0 0
422 0 0
423 0 0
424 0 0
425 0 0
426 0 0
427 0 0
428 0 0
429 0 0
430 0 0
431 0 0
432 0 0
433 0 0
434 0 0
435 0 0
436 0 0
437 0 0
438 0 0
439 0 0
440 0 0
441 0 0
442 0 0
443 0 0
444 0 0
445 0 0
446 0 0
447 0 0
448 0 0
449 0 0
450 0 0
451 0 0
452 0 0
453 0 0
454 0 0
455 0 0
456 0 0
457 0 0
458 0 0
459 0 0
460 0 0
461 0 0
462 0 0
463 0 0
464 0 0
465 0 0
466 0 0
467 0 0
468 0 0
469 0 0
470 0 0
471 0 0
472 0 0
473 0 0
474 0 0
475 0 0
476 0 0
477 0 0
478 0 0
479 0 0
480 0 0
481 0 0
482 0 0
483 0 0
484 0 0
485 0 0
486 0 0
487 0 0
488 0 0
489 0 0
490 0 0
491 0 0
492 0 0
493 0 0
494 0 0
495 0 0
496 0 0
497 0 0
498 0 0
499 0 0
500 0 0
501 0 0
502 0 0
503 0 0
504 0 0
505 0 0
506 0 0
507 0 0
508 0 0
509 0 0
510 0 0
511 0 0
512 0 0
513 0 0
514 0 0
515 0 0
516 0 0
517 0 0
518 0 0
519 0 0
520 0 0
521 0 0
522 0 0
523 0 0
524 0 0
525 0 0
526 0 0
527 0 0
528 0 0
529 0 0
530 0 0
531 0 0
532 0 0
533 0 0
534 0 0
535 0 0
536 0 0
537 0 0
538 0 0
539 0 0
540 0 0
541 0 0
542 0 0
543 0 0
544 0 0
545 0 0
546 0 0
547 0 0
548 0 0
549 0 0
550 0 0
551 0 0
552 0 0
553 0 0
554 0 0
555 0 0
556 0 0
557 0 0
558 0 0
559 0 0
560 0 0
561 0 0
562 0 0
563 0 0
564 0 0
565 0 0
566 0 0
567 0 0
568 0 0
569 0 0
570 0 0
571 0 0
572 0 0
573 0 0
574 0 0
575 0 0
576 0 0
577 0 0
578 0 0
579 0 0
580 0 0
581 0 0
582 0 0
583 0 0
584 0 0
585 0 0
586 0 0
587 0 0
588 0 0
589 0 0
590 0 0
591 0 0
592 0 0
593 0 0
594 0 0
595 0 0
596 0 0
597 0 0
598 0 0
599 0 0
600 0 0
601 0 0
602 0 0
603 0 0
604 0 0
605 0 0
606 0 0
607 0 0
608 0 0
609 0 0
610 0 0
611 0 0
612 0 0
613 0 0
614 0 0
615 0 0
616 0 0
617 0 0
618 0 0
619 0 0
620 0 0
621 0 0
622 0 0
623 0 0
624 0 0
625 0 0
626 0 0
627 0 0
628 0 0
629 0 0
630 0 0
631 0 0
632 0 0
633 0 0
634 0 0
635 0 0
636 0 0
637 0 0
638 0 0
639 0 0
640 0 0
641 0 0
642 0 0
643 0 0
644 0 0
645 0 0
646 0 0
647 0 0
648 0 0
649 0 0
650 0 0
651 0 0
652 0 0
653 0 0
654 0 0
655 0 0
656 0 0
657 0 0
658 0 0
659 0 0
660 0 0
661 0 0
662 0 0
663 0 0
664 0 0
665 0 0
666 0 0
667 0 0
668 0 0
669 0 0
670 0 0
671 0 0
672 0 0
673 0 0
674 0 0
675 0 0
676 0 0
677 0 0
678 0 0
679 0 0
680 0 0
681 0 0
682 0 0
683 0 0
684 0 0
685 0 0
686 0 0
687 0 0
688 0 0
689 0 0
690 0 0
691 0 0
692 0 0
693 0 0
694 0 0
695 0 0
696 0 0
697 0 0
698 0 0
699 0 0
700 0 0
701 0 0
702 0 0
703 0 0
704 0 0
705 0 0
706 0 0
707 0 0
708 0 0
709 0 0
710 0 0
711 0 0
712 0 0
713 0 0
714 0 0
715 0 0
716 0 0
717 0 0
718 0 0
719 0 0
720 0 0
721 0 0
722 0 0
723 0 0
724 0 0
725 0 0
726 0 0
727 0 0
728 0 0
729 0 0
730 0 0
731 0 0
732 0 0
733 0 0
734 0 0
735 0 0
736 0 0
737 0 0
738 0 0
739 0 0
740 0 0
741 0 0
742 0 0
743 0 0
744 0 0
745 0 0
746 0 0
747 0 0
748 0 0
749 0 0
750 0 0
751 0 0
752 0 0
753 0 0
754 0 0
755 0 0
756 0 0
757 0 0
758 0 0
759 0 0
760 0 0
761 0 0
762 0 0
763 0 0
764 0 0
765 0 0
766 0 0
767 0 0
768 0 0
769 0 0
770 0 0
771 0 0
772 0 0
773 0 0
774 0 0
775 0 0
776 0 0
777 0 0
778 0 0
779 0 0
780 0 0
781 0 0
782 0 0
783 0 0
784 0 0
785 0 0
786 0 0
787 0 0
788 0 0
789 0 0
790 0 0
791 0 0
792 0 0
793 0 0
794 0 0
795 0 0
796 0 0
797 0 0
798 0 0
799 0 0
800 0 0
801 0 0
802 0 0
803 0 0
804 0 0
805 0 0
806 0 0
807 0 0
808 0 0
809 0 0
810 0 1
811 0 1
812 0 1
813 0 1
814 0 1
815 0 1
816 0 1
817 0 1
818 0 1
819 0 1
820 0 0
821 0 0
822 0 0
823 0 0
824 0 0
825 0 0
826 0 0
827 0 0
828 0 0
829 0 0
830 0 0
831 0 0
832 0 0
833 0 0
834 0 0
835 0 0
836 0 0
837 0 0
838 0 0
839 0 0
840 0 0
841 0 0
842 0 1
843 0 1
844 0 1
845 0 1
846 0 1
847 0 1
848 0 1
849 0 1
850 0 1
851 0 1
852 0 1
853 0 1
854 0 1
855 0 1
856 0 1
857 0 1
858 0 1
859 0 1
860 0 1
861 0 1
862 0 1
863 0 1
864 0 1
865 0 1
866 0 1
867 0 1
868 0 1
869 0 1
870 0 1
871 0 1
872 0 1
873 0 1
874 0 1
875 0 1
876 0 1
877 0 1
878 0 1
879 0 1
880 0 1
881 0 1
882 0 1
883 0 1
884 0 1
885 0 1
886 0 1
887 0 1
888 0 1
889 0 1
890 0 1
891 0 1
892 0 1
893 0 2
894 0 2
895 0 2
896 0 2
897 0 2
898 0 2
899 0 2
900 0 2
901 0 2
902 0 2
903 0 2
904 0 2
905 0 2
906 0 2
907 1 2
908 1 2
909 1 2
910 1 2
911 1 2
912 1 2
913 1 2
914 1 2
915 1 2
916 1 2
917 1 2
918 1 2
919 1 2
920 1 2
921 1 2
922 1 2
923 1 2
924 1 2
925 1 2
926 1 2
927 1 2
928 1 2
929 1 2
930 1 2
931 1 2
932 1 2
933 1 2
934 1 2
935 1 2
936 1 2
937 1 2
938 1 2
939 1 2
940 1 2
941 1 2
942 1 2
943 1 2
944 1 2
945 1 2
946 1 2
947 1 2
948 1 2
949 1 2
950 1 2
951 1 2
952 1 2
953 1 2
954 1 2
955 1 2
956 1 2
957 1 2
958 1 1
959 1 1
960 1 1
961 1 1
962 1 1
963 1 1
964 1 1
965 1 1
966 1 1
967 1 1
968 1 1
969 1 1
970 1 1
971 1 1
972 1 1
973 1 1
974 1 1
975 1 1
976 1 1
977 1 2
978 1 2
979 1 2
980 1 2
981 1 2
982 1 2
983 1 2
984 1 2
985 1 2
986 1 2
987 1 2
988 1 2
989 1 2
990 1 2
991 1 2
992 1 2
993 1 2
994 1 2
995 1 2
996 1 2
997 1 2
998 1 2
999 1 2
1000 1 2
1001 1 2
1002 1 2
1003 1 2
1004 1 2
1005 1 2
1006 1 2
1007 1 2
1008 1 2
1009 1 2
1010 1 2
1011 1 2
1012 1 2
1013 1 3
1014 1 3
1015 1 3
1016 1 3
1017 1 3
1018 1 3
1019 1 3
1020 1 3
1021 1 3
1022 1 3
1023 1 3
1024 1 3
1025 1 3
1026 1 3
1027 1 3
1028 1 3
1029 1 3
1030 1 3
1031 1 3
1032 1 3
1033 1 3
1034 1 3
1035 1 3
1036 1 3
1037 1 3
1038 1 3
1039 1 3
1040 1 3
1041 1 3
1042 1 3
1043 1 3
1044 1 3
1045 1 3
1046 1 3
1047 1 3
1048 1 3
1049 1 4
1050 1 4
1051 1 4
1052 1 4
1053 1 4
1054 1 4
1055 1 4
1056 1 4
1057 1 4
1058 1 4
1059 1 4
1060 1 4
1061 1 5
1062 1 5
1063 1 5
1064 1 5
1065 1 5
1066 1 5
1067 1 5
1068 1 5
1069 1 5
1070 1 5
1071 1 5
1072 1 5
1073 1 5
1074 1 5
1075 1 5
1076 1 5
1077 1 5
1078 1 5
1079 1 5
1080 1 5
1081 1 5
1082 1 5
1083 1 5
1084 1 5
1085 1 5
1086 1 5
1087 1 5
1088 1 5
1089 1 5
1090 1 5
1091 1 5
1092 1 5
1093 1 5
1094 1 5
1095 1 5
1096 1 5
1097 1 5
1098 1 5
1099 1 5
1100 1 5
1101 1 5
1102 1 5
1103 1 5
1104 1 5
1105 1 5
1106 1 5
1107 1 5
1108 1 5
1109 1 5
1110 1 5
1111 1 5
1112 1 5
1113 1 5
1114 1 5
1115 1 5
1116 1 5
1117 1 5
1118 1 5
1119 1 5
1120 1 5
1121 1 5
1122 1 5
1123 1 5
1124 1 5
1125 1 5
1126 1 5
1127 1 5
1128 1 5
1129 1 5
1130 1 5
1131 1 5
1132 1 5
1133 1 5
1134 1 5
1135 1 5
1136 1 5
1137 1 5
1138 1 5
1139 1 5
1140 1 5
1141 1 5
1142 1 5
1143 1 6
1144 1 5
1145 1 6
1146 1 6
1147 1 6
1148 1 6
1149 1 6
1150 1 6
1151 1 6
1152 1 6
1153 1 6
1154 1 6
1155 1 6
1156 1 6
1157 1 6
1158 1 6
1159 1 6
1160 1 6
1161 1 6
1162 1 6
1163 1 6
1164 1 6
1165 1 6
1166 1 6
1167 1 6
1168 1 6
1169 1 6
1170 1 6
1171 1 6
1172 1 6
1173 1 6
1174 1 6
1175 1 6
1176 1 6
1177 1 6
1178 1 6
1179 1 6
1180 1 6
1181 1 6
1182 1 6
1183 1 6
1184 1 6
1185 1 6
1186 1 6
1187 1 6
1188 1 6
1189 1 6
1190 1 6
1191 1 6
1192 1 6
1193 1 6
1194 1 6
1195 1 7
1196 1 7
1197 1 7
1198 1 7
1199 1 7
1200 1 7
1201 1 7
1202 1 7
1203 1 7
1204 1 7
1205 1 7
1206 1 7
1207 1 7
1208 1 7
1209 1 7
1210 1 7
1211 1 7
1212 1 7
1213 1 7
1214 1 7
1215 1 7
1216 1 7
1217 1 7
1218 1 7
1219 1 7
1220 1 7
1221 1 6
1222 1 6
1223 1 6
1224 1 6
1225 1 6
1226 1 6
1227 1 6
1228 1 6
1229 1 6
1230 1 6
1231 1 6
1232 1 6
1233 1 6
1234 1 6
1235 1 6
1236 1 6
1237 1 7
1238 1 7
1239 1 7
1240 1 7
1241 1 7
1242 1 7
1243 1 7
1244 1 7
1245 1 7
1246 1 7
1247 1 7
1248 1 7
1249 1 7
1250 1 7
1251 1 7
1252 1 7
1253 1 7
1254 1 7
1255 1 8
1256 1 8
1257 1 8
1258 1 8
1259 1 8
1260 1 8
1261 1 8
1262 1 8
1263 1 8
1264 1 8
1265 1 8
1266 1 8
1267 1 8
1268 1 8
1269 1 8
1270 1 8
1271 1 8
1272 1 8
1273 1 8
1274 1 8
1275 1 8
1276 1 8
1277 1 8
1278 1 8
1279 1 8
1280 1 8
1281 1 8
1282 1 8
1283 1 8
1284 1 8
1285 1 8
1286 1 8
1287 1 8
1288 1 8
1289 1 8
1290 1 8
1291 1 8
1292 2 8
1293 2 8
1294 2 8
1295 2 8
1296 2 8
1297 2 8
1298 2 8
1299 2 8
1300 2 8
1301 2 8
1302 2 8
1303 2 8
1304 2 8
1305 2 8
1306 2 8
1307 2 8
1308 2 8
1309 2 8
1310 2 8
1311 2 8
1312 2 8
1313 2 8
1314 2 8
1315 2 8
1316 2 8
1317 2 8
1318 2 8
1319 2 8
1320 2 8
1321 2 8
1322 2 8
1323 2 8
1324 2 8
1325 2 8
1326 2 8
1327 2 8
1328 2 8
1329 2 8
1330 2 8
1331 2 8
1332 2 8
1333 2 8
1334 2 8
1335 2 8
1336 2 8
1337 2 8
1338 2 8
1339 2 8
1340 2 8
1341 2 8
1342 2 8
1343 2 8
1344 2 8
1345 2 8
1346 2 8
1347 2 8
1348 2 8
1349 2 8
1350 2 8
1351 2 8
1352 2 8
1353 2 8
1354 2 8
1355 2 8
1356 2 8
1357 2 8
1358 2 8
1359 2 8
1360 2 8
1361 2 8
1362 2 8
1363 2 8
1364 2 8
1365 2 8
1366 2 8
1367 2 8
1368 2 8
1369 2 8
1370 2 8
1371 2 8
1372 2 8
1373 2 8
1374 2 8
1375 2 8
1376 2 8
1377 2 8
1378 2 8
1379 2 8
1380 2 8
1381 2 8
1382 2 8
1383 2 8
1384 2 8
1385 2 9
1386 2 9
1387 2 9
1388 2 9
1389 2 9
1390 2 9
1391 2 9
1392 2 9
1393 2 9
1394 2 9
1395 2 9
1396 2 9
1397 2 9
1398 2 9
1399 2 9
1400 2 9
1401 2 9
1402 2 9
1403 2 9
1404 2 9
1405 2 9
1406 2 9
1407 2 9
1408 2 9
1409 2 8
1410 2 8
1411 2 9
1412 2 9
1413 2 9
1414 2 9
1415 2 9
1416 2 9
1417 2 9
1418 2 9
1419 2 9
1420 2 9
1421 2 9
1422 2 9
1423 2 9
1424 2 9
1425 2 9
1426 2 9
1427 2 9
1428 2 9
1429 2 9
1430 2 9
1431 2 9
1432 2 9
1433 2 9
1434 2 9
1435 2 9
1436 2 9
1437 2 9
1438 2 9
1439 2 9
1440 2 9
1441 2 9
1442 2 9
1443 2 9
1444 2 9
1445 2 9
1446 2 9
1447 2 9
1448 2 9
1449 2 9
1450 2 9
1451 2 9
1452 2 9
1453 2 9
1454 2 9
1455 2 9
1456 2 9
1457 2 9
1458 2 9
1459 2 9
1460 2 9
1461 2 9
1462 2 10
1463 2 10
1464 2 10
1465 2 10
1466 2 10
1467 2 10
1468 2 10
1469 2 10
1470 2 10
1471 2 10
1472 2 10
1473 2 10
1474 2 10
1475 2 10
1476 2 10
1477 2 10
1478 2 10
1479 2 10
1480 2 10
1481 2 10
1482 2 10
1483 2 10
1484 2 10
1485 2 10
1486 2 10
1487 2 10
1488 2 10
1489 2 10
1490 2 10
1491 2 10
1492 2 10
1493 2 10
1494 2 10
1495 2 10
1496 2 10
1497 2 10
1498 2 10
1499 2 10
1500 2 10
1501 2 10
1502 2 10
1503 2 10
1504 2 10
1505 2 10
1506 2 10
1507 2 10
1508 2 10
1509 2 10
1510 2 10
1511 2 10
1512 2 10
1513 2 10
1514 2 10
1515 2 10
1516 2 10
1517 2 10
1518 2 10
1519 2 10
1520 2 10
1521 2 10
1522 2 10
1523 2 10
1524 2 10
1525 2 10
1526 2 10
1527 2 11
1528 2 11
1529 2 11
1530 2 11
1531 2 11
1532 2 11
1533 2 11
1534 2 11
1535 2 11
1536 2 11
1537 2 11
1538 2 11
1539 2 11
1540 2 11
1541 2 11
1542 2 11
1543 2 11
1544 2 11
1545 2 11
1546 2 11
1547 2 11
1548 2 11
1549 2 11
1550 2 11
1551 2 11
1552 2 11
1553 2 11
1554 2 11
1555 2 11
1556 2 11
1557 2 11
1558 2 11
1559 2 11
1560 2 11
1561 2 11
1562 2 11
1563 2 11
1564 2 11
1565 2 11
1566 2 11
1567 2 11
1568 2 11
1569 2 12
1570 2 12
1571 2 12
1572 2 12
1573 2 12
1574 2 12
1575 2 12
1576 2 12
1577 2 12
1578 2 12
1579 2 12
1580 2 12
1581 2 12
1582 2 12
1583 2 12
1584 3 12
1585 3 12
1586 3 12
1587 3 12
1588 3 12
1589 3 12
1590 3 12
1591 3 12
1592 3 12
1593 3 12
1594 3 12
1595 3 12
1596 3 12
1597 3 12
1598 3 12
1599 3 12
1600 3 12
1601 3 12
1602 3 12
1603 3 12
1604 3 12
1605 3 12
1606 3 12
1607 3 12
1608 3 12
1609 3 12
1610 3 12
1611 3 12
1612 3 12
1613 3 12
1614 3 12
1615 3 12
1616 3 12
1617 3 12
1618 3 12
1619 3 12
1620 3 12
1621 3 12
1622 3 12
1623 3 12
1624 3 12
1625 3 12
1626 3 12
1627 3 12
1628 3 12
1629 3 12
1630 3 12
1631 3 12
1632 3 12
1633 3 12
1634 3 12
1635 3 12
1636 3 13
1637 3 13
1638 3 13
1639 3 13
1640 3 13
1641 3 13
1642 3 13
1643 3 13
1644 3 13
1645 3 13
1646 3 13
1647 3 13
1648 3 13
1649 3 13
1650 3 13
1651 3 13
1652 3 13
1653 3 13
1654 3 13
1655 3 13
1656 3 13
1657 3 13
1658 3 13
1659 3 13
1660 3 13
1661 3 13
1662 3 13
1663 3 13
1664 3 13
1665 3 13
1666 3 13
1667 3 13
1668 3 13
1669 3 13
1670 3 13
1671 3 13
1672 3 13
1673 3 13
1674 3 13
1675 3 13
1676 3 13
1677 3 13
1678 3 13
1679 3 13
1680 3 13
1681 3 13
1682 3 13
1683 3 13
1684 3 13
1685 3 13
1686 3 13
1687 3 13
1688 3 13
1689 3 13
1690 3 13
1691 3 13
1692 3 13
1693 3 13
1694 3 13
1695 3 13
1696 3 13
1697 3 13
1698 3 13
1699 3 13
1700 3 13
1701 3 13
1702 3 13
1703 3 13
1704 3 13
1705 3 13
1706 3 13
1707 3 13
1708 3 13
1709 3 13
1710 3 13
1711 3 13
1712 3 14
1713 3 14
1714 3 14
1715 3 14
1716 3 14
1717 3 14
1718 3 14
1719 3 14
1720 3 14
1721 3 14
1722 3 14
1723 3 14
1724 3 14
1725 3 14
1726 3 14
1727 3 14
1728 3 14
1729 3 14
1730 3 14
1731 3 14
1732 3 14
1733 3 14
1734 3 14
1735 3 14
1736 3 14
1737 3 14
1738 3 14
1739 3 14
1740 3 14
1741 3 14
1742 3 14
1743 3 14
1744 3 14
1745 3 14
1746 3 14
1747 3 14
1748 3 14
1749 3 14
1750 3 14
1751 3 14
1752 3 14
1753 3 14
1754 3 14
1755 3 15
1756 3 15
1757 3 15
1758 3 15
1759 3 15
1760 3 15
1761 3 15
1762 3 15
1763 3 15
1764 3 15
1765 3 15
1766 3 15
1767 3 15
1768 3 15
1769 3 15
1770 3 15
1771 3 15
1772 3 15
1773 3 15
1774 3 15
1775 3 15
1776 3 15
1777 3 15
1778 3 15
1779 3 15
1780 3 16
1781 3 16
1782 3 16
1783 3 16
1784 3 16
1785 3 16
1786 3 16
1787 3 16
1788 3 16
1789 3 16
1790 3 16
1791 3 16
1792 3 16
1793 3 16
1794 3 16
1795 3 16
1796 3 16
1797 3 16
1798 3 16
1799 3 16
1800 3 16
1801 3 16
1802 3 16
1803 3 16
1804 3 16
1805 3 16
1806 3 16
1807 3 16
1808 3 16
1809 4 16
1810 4 16
1811 4 16
1812 4 16
1813 4 16
1814 4 16
1815 4 16
1816 4 16
1817 4 16
1818 4 16
1819 4 16
1820 4 16
1821 4 16
1822 4 16
1823 4 16
1824 4 16
1825 4 16
1826 4 17
1827 4 17
1828 4 17
1829 4 17
1830 4 17
1831 4 17
1832 4 17
1833 4 17
1834 4 17
1835 4 17
1836 4 17
1837 4 17
1838 4 17
1839 4 17
1840 4 17
1841 4 17
1842 4 17
1843 4 17
1844 4 17
1845 4 17
1846 4 17
1847 4 17
1848 4 17
1849 4 17
1850 4 17
1851 4 17
1852 4 17
1853 4 17
1854 4 17
1855 4 17
1856 4 17
1857 4 17
1858 4 17
1859 4 17
1860 4 17
1861 4 17
1862 4 17
1863 4 17
1864 4 17
1865 4 18
1866 4 18
1867 4 18
1868 4 18
1869 4 18
1870 4 18
1871 4 18
1872 4 18
1873 4 18
1874 4 18
1875 4 18
1876 4 18
1877 4 18
1878 4 18
1879 4 18
1880 4 18
1881 4 18
1882 4 18
1883 4 18
1884 4 18
1885 4 18
1886 4 18
1887 4 18
1888 4 18
1889 4 18
1890 4 18
1891 4 18
1892 4 18
1893 4 18
1894 4 18
1895 4 18
1896 4 18
1897 4 18
1898 4 18
1899 4 18
1900 4 18
1901 4 18
1902 4 18
1903 4 18
1904 4 18
1905 4 18
1906 4 18
1907 4 18
1908 4 18
1909 4 19
1910 4 19
1911 4 19
1912 4 19
1913 4 19
1914 4 19
1915 4 19
1916 4 19
1917 4 19
1918 4 19
1919 4 19
1920 4 19
1921 4 19
1922 4 19
1923 4 19
1924 4 19
1925 4 19
1926 4 19
1927 4 19
1928 4 19
1929 4 19
1930 4 19
1931 4 19
1932 4 19
1933 4 19
1934 4 19
1935 4 19
1936 4 19
1937 4 19
1938 4 19
1939 4 19
1940 4 19
1941 4 19
1942 4 20
1943 4 20
1944 4 20
1945 4 20
1946 4 20
1947 4 20
1948 4 20
1949 4 20
1950 4 20
1951 4 20
1952 4 20
1953 4 20
1954 5 20
1955 5 20
1956 5 20
1957 5 20
1958 5 20
1959 5 20
1960 5 20
1961 5 20
1962 5 20
1963 5 20
1964 5 20
1965 5 20
1966 5 20
1967 5 20
1968 5 20
1969 5 21
1970 5 21
1971 5 21
1972 5 21
1973 5 21
1974 5 21
1975 5 21
1976 5 21
1977 5 21
1978 5 21
1979 5 21
1980 5 21
1981 5 22
1982 5 22
1983 5 22
1984 5 22
1985 5 22
1986 5 22
1987 5 22
1988 5 22
1989 5 22
1990 5 22
1991 5 22
1992 5 22
1993 5 22
1994 5 22
1995 5 22
1996 5 22
1997 5 22
1998 5 22
1999 5 22
2000 5 22
2001 5 22
2002 5 22
2003 5 22
2004 5 22
2005 5 22
2006 5 22
2007 5 22
2008 5 22
2009 5 22
2010 5 22
2011 5 22
2012 5 22
2013 5 22
2014 5 22
2015 5 22
2016 5 22
2017 5 22
2018 5 22
2019 5 22
2020 5 22
2021 5 22
2022 5 22
2023 5 22
2024 5 22
2025 5 22
2026 5 22
2027 5 22
2028 5 22
2029 5 22
2030 5 22
2031 5 22
2032 5 22
2033 5 22
2034 5 22
2035 5 22
2036 5 22
2037 5 22
2038 5 22
2039 5 22
2040 5 22
2041 5 22
2042 5 22
2043 5 22
2044 5 22
2045 5 22
2046 5 22
2047 5 22
2048 5 22
2049 5 22
2050 5 22
2051 5 22
2052 5 22
2053 5 22
2054 5 22
2055 5 22
2056 5 23
2057 5 23
2058 5 22
2059 5 23
2060 5 23
2061 5 23
2062 5 23
2063 5 23
2064 5 23
2065 5 23
2066 5 23
2067 5 23
2068 5 23
2069 5 23
2070 5 23
2071 5 23
2072 5 23
2073 5 23
2074 5 23
2075 5 23
2076 5 23
2077 5 23
2078 5 23
2079 5 23
2080 5 23
2081 5 23
2082 5 23
2083 5 23
2084 5 23
2085 5 23
2086 5 23
2087 5 23
2088 5 23
2089 5 23
2090 5 23
2091 5 23
2092 5 23
2093 5 23
2094 5 23
2095 5 23
2096 5 23
2097 5 23
2098 5 23
2099 5 23
2100 5 23
2101 5 23
2102 5 23
2103 5 23
2104 5 23
2105 5 24
2106 5 24
2107 5 24
2108 5 24
2109 5 24
2110 5 24
2111 5 24
2112 5 24
2113 5 24
2114 5 24
2115 5 24
2116 5 24
2117 5 24
2118 5 24
2119 5 24
2120 5 24
2121 5 24
2122 5 24
2123 6 24
2124 6 24
2125 6 24
2126 6 24
2127 6 24
2128 6 24
2129 6 24
2130 6 24
2131 6 24
2132 6 24
2133 6 24
2134 6 24
2135 6 24
2136 6 24
2137 6 24
2138 6 24
2139 6 24
2140 6 24
2141 6 24
2142 6 24
2143 6 24
2144 6 24
2145 6 24
2146 6 24
2147 6 24
2148 6 24
2149 6 24
2150 6 24
2151 6 24
2152 6 24
2153 6 24
2154 6 24
2155 6 24
2156 6 24
2157 6 24
2158 6 24
2159 6 24
2160 6 24
2161 6 25
2162 6 24
2163 6 25
2164 6 25
2165 6 25
2166 6 25
2167 6 25
2168 6 25
2169 6 25
2170 6 25
2171 6 25
2172 6 25
2173 6 25
2174 6 25
2175 6 25
2176 6 25
2177 6 25
2178 6 25
2179 6 25
2180 6 25
2181 6 25
2182 6 25
2183 6 25
2184 6 25
2185 6 25
2186 6 25
2187 6 25
2188 6 25
2189 6 25
2190 6 25
2191 6 25
2192 6 25
2193 6 25
2194 6 25
2195 6 25
2196 6 25
2197 6 25
2198 6 25
2199 6 25
2200 6 25
2201 6 25
2202 6 25
2203 6 25
2204 6 25
2205 6 25
2206 6 25
2207 6 25
2208 6 25
2209 6 25
2210 6 25
2211 6 25
2212 6 25
2213 6 25
2214 6 25
2215 6 25
2216 6 25
2217 6 25
2218 6 25
2219 6 26
2220 6 26
2221 6 26
2222 6 26
2223 6 26
2224 6 26
2225 6 26
2226 6 26
2227 6 26
2228 6 26
2229 6 26
2230 6 26
2231 6 26
2232 6 26
2233 6 26
2234 6 26
2235 6 26
2236 6 26
2237 6 26
2238 6 26
2239 6 26
2240 6 26
2241 6 26
2242 6 26
2243 6 26
2244 7 26
2245 7 26
2246 7 26
2247 7 26
2248 7 26
2249 7 26
2250 7 26
2251 7 26
2252 7 26
2253 7 26
2254 7 26
2255 7 26
2256 7 26
2257 7 26
2258 7 26
2259 7 26
2260 7 26
2261 7 26
2262 7 26
2263 7 26
2264 7 26
2265 7 26
2266 7 26
2267 7 26
2268 7 26
2269 7 26
2270 7 26
2271 7 26
2272 7 26
2273 7 27
2274 7 27
2275 7 27
2276 7 27
2277 7 27
2278 7 27
2279 7 27
2280 7 27
2281 7 27
2282 7 27
2283 7 27
2284 7 27
2285 7 27
2286 7 27
2287 7 27
2288 7 27
2289 7 27
2290 7 27
2291 7 27
2292 7 27
2293 7 27
2294 7 27
2295 7 27
2296 7 27
2297 7 27
2298 7 27
2299 7 27
2300 7 27
2301 7 27
2302 7 27
2303 7 27
2304 7 27
2305 7 27
2306 7 27
2307 7 27
2308 7 27
2309 7 27
2310 7 27
2311 7 27
2312 7 27
2313 7 27
2314 7 28
2315 7 28
2316 7 28
2317 7 28
2318 7 28
2319 7 28
2320 7 28
2321 7 28
2322 7 28
2323 7 28
2324 7 28
2325 7 28
2326 7 28
2327 7 28
2328 7 28
2329 7 28
2330 7 28
2331 7 28
2332 7 28
2333 7 28
2334 7 28
2335 7 28
2336 7 28
2337 7 28
2338 7 28
2339 7 28
2340 7 28
2341 7 28
2342 7 28
2343 7 28
2344 7 28
2345 7 28
2346 8 28
2347 8 28
2348 8 28
2349 8 28
2350 8 28
2351 8 28
2352 8 28
2353 8 28
2354 8 28
2355 8 28
2356 8 28
2357 8 28
2358 8 28
2359 8 28
2360 8 28
2361 8 28
2362 8 28
2363 8 28
2364 8 28
2365 8 28
2366 8 28
2367 8 28
2368 8 28
2369 8 28
2370 8 28
2371 8 28
2372 8 29
2373 8 29
2374 8 29
2375 8 29
2376 8 29
2377 8 29
2378 8 29
2379 8 29
2380 8 29
2381 8 29
2382 8 29
2383 8 29
2384 8 29
2385 8 29
2386 8 29
2387 8 29
2388 8 29
2389 8 29
2390 8 30
2391 8 29
2392 8 29
2393 8 29
2394 8 30
2395 8 30
2396 8 30
2397 8 30
2398 8 30
2399 8 30
2400 8 30
2401 8 30
2402 8 30
2403 8 30
2404 8 30
2405 8 30
2406 8 30
2407 8 30
2408 8 30
2409 8 30
2410 8 30
2411 8 30
2412 8 30
2413 8 30
2414 8 30
2415 8 30
2416 8 30
2417 8 30
2418 8 30
2419 8 30
2420 8 30
2421 8 30
2422 8 30
2423 8 30
2424 8 30
2425 8 30
2426 8 30
2427 8 30
2428 8 30
2429 8 30
2430 8 30
2431 8 30
2432 8 30
2433 8 30
2434 8 30
2435 8 30
2436 8 30
2437 8 30
2438 9 30
2439 9 31
2440 9 31
2441 9 31
2442 9 31
2443 9 31
2444 9 31
2445 9 31
2446 9 31
2447 9 31
2448 9 31
2449 9 31
2450 9 31
2451 9 31
2452 9 31
2453 9 31
2454 9 31
2455 9 31
2456 9 31
2457 9 31
2458 9 31
2459 9 31
2460 9 31
2461 9 31
2462 9 31
2463 9 31
2464 9 31
2465 9 31
2466 9 31
2467 9 31
2468 9 31
2469 9 31
2470 9 31
2471 9 31
2472 9 31
2473 9 31
2474 9 32
2475 9 32
2476 9 32
2477 9 32
2478 9 32
2479 9 32
2480 9 32
2481 9 32
2482 9 32
2483 9 32
2484 9 32
2485 9 32
2486 9 32
2487 9 32
2488 9 32
2489 9 32
2490 9 32
2491 9 32
2492 9 32
2493 9 32
2494 9 32
2495 9 32
2496 9 32
2497 9 32
2498 9 32
2499 9 32
2500 9 32
2501 10 32
2502 10 32
2503 10 32
2504 10 32
2505 10 32
2506 10 32
2507 10 32
2508 10 32
2509 10 32
2510 10 32
2511 10 32
2512 10 32
2513 10 32
2514 10 32
2515 10 32
2516 10 32
2517 10 32
2518 10 32
2519 10 32
2520 10 32
2521 10 32
2522 10 32
2523 10 32
2524 10 32
2525 10 32
2526 10 32
2527 10 32
2528 10 32
2529 10 32
2530 10 32
2531 10 32
2532 10 32
2533 10 32
2534 10 32
2535 10 32
2536 10 32
2537 10 32
2538 10 32
2539 10 32
2540 10 32
2541 10 32
2542 10 32
2543 10 32
2544 10 32
2545 10 33
2546 10 32
2547 10 32
2548 10 32
2549 10 33
2550 10 33
2551 10 33
2552 10 33
2553 10 33
2554 10 33
2555 10 33
2556 10 33
2557 10 33
2558 10 33
2559 10 33
2560 10 33
2561 10 33
2562 10 33
2563 10 33
2564 10 33
2565 10 33
2566 10 33
2567 10 33
2568 10 33
2569 10 33
2570 10 33
2571 10 33
2572 10 33
2573 10 33
2574 10 33
2575 10 33
2576 10 33
2577 11 33
2578 11 33
2579 11 33
2580 11 33
2581 11 33
2582 11 33
2583 11 33
2584 11 33
2585 11 33
2586 11 33
2587 11 33
2588 11 33
2589 11 33
2590 11 33
2591 11 33
2592 11 33
2593 11 33
2594 11 33
2595 11 33
2596 11 33
2597 11 33
2598 11 33
2599 11 33
2600 11 33
2601 11 33
2602 11 33
2603 11 33
2604 11 33
2605 11 33
2606 11 33
2607 11 33
2608 11 33
2609 11 33
2610 11 33
2611 11 33
2612 11 33
2613 11 33
2614 11 33
2615 11 33
2616 11 34
2617 11 34
2618 11 34
2619 11 34
2620 11 34
2621 11 34
2622 11 34
2623 11 34
2624 11 34
2625 11 34
2626 11 34
2627 11 34
2628 11 34
2629 11 34
2630 11 34
2631 11 34
2632 11 34
2633 11 34
2634 11 34
2635 11 34
2636 11 34
2637 12 34
2638 12 34
2639 12 34
2640 12 34
2641 12 34
2642 12 34
2643 12 34
2644 12 34
2645 12 34
2646 12 34
2647 12 35
2648 12 35
2649 12 35
2650 12 35
2651 12 35
2652 12 35
2653 12 35
2654 12 35
2655 12 35
2656 12 35
2657 12 35
2658 12 35
2659 12 35
2660 12 35
2661 12 35
2662 12 35
2663 12 35
2664 12 35
2665 12 35
2666 12 35
2667 12 35
2668 12 35
2669 12 35
2670 12 35
2671 12 35
2672 12 35
2673 12 35
2674 12 36
2675 12 36
2676 12 36
2677 12 36
2678 12 36
2679 12 36
2680 12 36
2681 12 36
2682 12 36
2683 12 36
2684 12 36
2685 13 36
2686 13 36
2687 13 36
2688 13 36
2689 13 36
2690 13 36
2691 13 36
2692 13 36
2693 13 36
2694 13 36
2695 13 36
2696 13 36
2697 13 36
2698 13 36
2699 13 36
2700 13 36
2701 13 36
2702 13 36
2703 13 36
2704 13 36
2705 13 36
2706 13 36
2707 13 36
2708 13 36
2709 13 36
2710 13 36
2711 13 36
2712 13 36
2713 13 36
2714 13 36
2715 13 36
2716 13 36
2717 13 36
2718 13 36
2719 13 36
2720 13 36
2721 13 36
2722 13 36
2723 13 36
2724 13 36
2725 13 36
2726 13 36
2727 13 36
2728 13 37
2729 13 37
2730 13 37
2731 13 37
2732 13 37
2733 13 37
2734 13 37
2735 13 37
2736 13 37
2737 13 37
2738 13 37
2739 13 37
2740 13 37
2741 13 37
2742 13 37
2743 13 37
2744 13 37
2745 13 37
2746 13 37
2747 13 37
2748 13 37
2749 13 37
2750 13 37
2751 13 37
2752 13 37
2753 13 37
2754 13 37
2755 13 37
2756 13 37
2757 13 37
2758 13 37
2759 13 37
2760 13 37
2761 14 37
2762 14 37
2763 14 37
2764 14 37
2765 14 37
2766 14 37
2767 14 37
2768 14 37
2769 14 37
2770 14 37
2771 14 37
2772 14 37
2773 14 37
2774 14 37
2775 14 37
2776 14 37
2777 14 38
2778 14 38
2779 14 37
2780 14 37
2781 14 37
2782 14 37
2783 14 37
2784 15 38
2785 15 37
2786 15 38
2787 15 38
2788 15 38
2789 15 38
2790 15 38
2791 15 38
2792 15 38
2793 15 38
2794 15 38
2795 15 38
2796 15 38
2797 15 38
2798 15 38
2799 15 38
2800 15 38
2801 15 38
2802 15 38
2803 15 38
2804 15 38
2805 15 38
2806 15 38
2807 15 38
2808 15 38
2809 15 38
2810 15 38
2811 15 38
2812 15 38
2813 15 38
2814 15 39
2815 15 38
2816 15 39
2817 15 39
2818 15 39
2819 15 39
2820 16 39
2821 16 39
2822 16 39
2823 16 39
2824 16 39
2825 16 39
2826 16 39
2827 16 39
2828 16 39
2829 16 39
2830 16 39
2831 16 39
2832 16 39
2833 16 39
2834 16 39
2835 16 39
2836 16 39
2837 16 39
2838 16 39
2839 17 39
2840 17 39
2841 17 39
2842 17 39
2843 17 39
2844 17 39
2845 17 39
2846 17 39
2847 17 39
2848 17 39
2849 17 39
2850 17 39
2851 17 39
2852 17 39
2853 17 39
2854 17 39
2855 17 39
2856 17 39
2857 17 40
2858 17 40
2859 17 40
2860 18 40
2861 18 40
2862 18 40
2863 18 40
2864 18 40
2865 18 40
2866 18 40
2867 18 40
2868 18 40
2869 18 40
2870 18 40
2871 18 40
2872 18 40
2873 18 40
2874 18 40
2875 18 40
2876 18 40
2877 18 40
2878 18 40
2879 18 40
2880 18 40
2881 18 40
2882 18 40
2883 18 40
2884 18 40
2885 18 40
2886 18 40
2887 18 40
2888 18 40
2889 18 40
2890 18 40
2891 18 40
2892 18 40
2893 18 40
2894 19 40
2895 19 40
2896 19 40
2897 19 40
2898 19 40
2899 19 40
2900 19 40
2901 19 40
2902 19 40
2903 19 40
2904 19 40
2905 19 40
2906 19 40
2907 19 40
2908 19 40
2909 19 40
2910 19 40
2911 19 40
2912 19 41
2913 20 41
2914 20 41
2915 20 41
2916 20 41
2917 20 41
2918 20 41
2919 20 41
2920 20 41
2921 20 41
2922 20 41
2923 20 41
2924 20 41
2925 20 41
2926 20 41
2927 20 41
2928 20 41
2929 20 41
2930 20 41
2931 20 41
2932 20 41
2933 20 41
2934 20 41
2935 20 41
2936 21 41
2937 21 41
2938 21 41
2939 21 41
2940 21 41
2941 21 41
2942 21 41
2943 21 41
2944 21 41
2945 21 42
2946 21 41
2947 21 41
2948 22 41
2949 22 41
2950 22 41
2951 22 41
2952 22 41
2953 22 41
2954 22 42
2955 22 42
2956 23 42
2957 23 42
2958 23 42
2959 23 42
2960 23 42
2961 23 42
2962 23 42
2963 23 42
2964 23 42
2965 23 42
2966 24 42
2967 24 42
2968 24 42
2969 24 42
2970 24 42
2971 24 42
2972 24 42
2973 24 42
2974 24 42
2975 24 42
2976 24 42
2977 24 42
2978 25 42
2979 25 42
2980 25 42
2981 25 42
2982 25 42
2983 25 42
2984 25 42
2985 25 42
2986 25 42
2987 25 42
2988 25 42
2989 25 42
2990 25 42
2991 25 42
2992 25 42
2993 25 42
2994 25 42
2995 25 42
2996 25 42
2997 25 42
2998 25 42
2999 25 42
3000 25 43
3001 25 43
3002 25 43
3003 25 43
3004 25 43
3005 25 43
3006 26 43
3007 26 43
3008 26 43
3009 26 43
3010 26 43
3011 26 43
3012 26 43
3013 26 43
3014 26 43
3015 26 43
3016 26 43
3017 26 43
3018 26 43
3019 26 43
3020 26 43
3021 26 43
3022 26 43
3023 26 43
3024 26 43
3025 26 43
3026 26 43
3027 26 43
3028 26 43
3029 26 43
3030 26 43
3031 26 43
3032 27 44
3033 27 44
3034 27 44
3035 27 44
3036 27 44
3037 27 44
3038 27 44
3039 27 44
3040 27 44
3041 27 44
3042 27 44
3043 27 44
3044 27 44
3045 27 44
3046 27 44
3047 27 44
3048 27 44
3049 27 44
3050 27 44
3051 27 44
3052 27 44
3053 27 44
3054 27 44
3055 27 44
3056 27 44
3057 27 44
3058 27 44
3059 27 44
3060 27 45
3061 27 45
3062 27 45
3063 27 45
3064 27 45
3065 28 45
3066 28 45
3067 28 45
3068 28 45
3069 28 45
3070 28 45
3071 29 45
3072 29 45
3073 29 45
3074 29 45
3075 29 45
3076 29 45
3077 29 45
3078 29 45
3079 29 45
3080 29 45
3081 30 45
3082 31 45
3083 31 45
3084 31 45
3085 31 45
3086 31 45
3087 31 45
3088 32 45
3089 32 45
3090 32 45
3091 32 45
3092 33 45
3093 33 45
3094 33 45
3095 33 45
3096 33 45
3097 34 45
3098 34 45
3099 34 45
3100 35 45
3101 35 45
3102 35 45
3103 36 45
3104 36 45
3105 36 45
3106 36 45
3107 36 45
3108 36 45
3109 36 45
3110 37 45
3111 37 45
3112 37 45
3113 37 46
3114 37 46
3115 37 46
3116 37 46
3117 37 46
3118 37 46
3119 37 46
3120 38 46
3121 38 46
3122 38 46
3123 39 46
3124 40 46
3125 41 46
3126 41 46
3127 41 46
3128 41 46
3129 41 46
3130 41 46
3131 41 46
3132 41 46
3133 41 46
3134 41 46
3135 41 46
3136 41 46
3137 41 46
3138 41 46
3139 41 46
3140 41 46
3141 41 46
3142 42 46
3143 42 46
3144 42 46
3145 42 46
3146 43 46
3147 43 46
3148 43 46
3149 44 46
3150 44 46
3151 44 46
3152 44 46
3153 45 46
3154 45 46
3155 45 46
3156 45 46
3157 45 47
3158 45 47
3159 45 47
3160 45 47
3161 46 47
3162 46 47
3163 47 47
3164 47 47
3165 47 47
3166 47 47
3167 47 47
3168 47 47
3169 47 47
3170 47 47
3171 47 47
3172 47 47
3173 47 47
3174 47 47
3175 47 47
3176 47 47
3177 47 47
3178 47 47
3179 47 47
3180 47 47
3181 47 47
3182 47 47
3183 47 47
3184 47 47
3185 47 47
3186 47 47
3187 47 47
3188 47 47
3189 47 47
3190 47 48
3191 47 48
3192 47 48
3193 47 48
3194 47 48
3195 47 48
3196 47 48
3197 47 48
3198 47 48
3199 47 48
3200 47 48
3201 48 48
3202 48 48
3203 48 48
3204 49 48
3205 49 48
3206 49 48
3207 50 48
3208 50 48
3209 50 48
3210 50 48
3211 51 48
3212 51 48
3213 51 48
3214 51 48
3215 51 48
3216 51 48
3217 51 48
3218 52 48
3219 53 48
3220 53 48
3221 53 48
3222 53 48
3223 53 48
3224 53 48
3225 53 48
3226 53 48
3227 54 48
3228 54 48
3229 55 48
3230 55 48
3231 55 48
3232 55 48
3233 56 48
3234 56 48
3235 57 49
3236 57 49
3237 57 49
3238 57 49
3239 57 49
3240 57 49
3241 58 49
3242 59 49
3243 60 49
3244 60 49
3245 60 49
3246 60 49
3247 63 49
3248 63 49
3249 64 49
3250 64 49
3251 65 49
3252 67 49
3253 68 49
3254 68 49
3255 69 49
3256 69 49
3257 71 49
3258 71 49
3259 72 49
3260 72 49
3261 72 49
3262 72 49
3263 73 49
3264 73 49
3265 73 49
3266 74 49
3267 74 49
3268 74 49
3269 74 49
3270 75 49
3271 77 49
3272 78 49
3273 81 49
3274 83 49
3275 83 49
3276 83 49
3277 83 49
3278 83 49
3279 83 49
3280 83 49
3281 83 49
3282 83 49
3283 83 49
3284 84 49
3285 95 49
3286 95 49
3287 95 49
3288 95 49
3289 95 49
3290 95 49
3291 95 50
3292 95 50
3293 95 50
3294 95 50
3295 95 50
3296 95 50
3297 95 50
3298 95 50
3299 95 50
3300 95 50
3301 95 50
3302 95 50
3303 95 50
3304 95 50
3305 95 50
3306 95 50
3307 95 50
3308 95 50
3309 95 50
3310 95 50
3311 95 50
3312 95 50
3313 95 50
3314 95 50
3315 95 50
3316 95 50
3317 95 50
3318 96 50
3319 100 50
