0 0 0
1 0 0
2 0 0
3 0 0
4 0 0
5 0 0
6 0 0
7 0 0
8 0 0
9 0 0
10 0 0
11 0 0
12 0 0
13 0 0
14 0 0
15 0 0
16 0 0
17 0 0
18 0 0
19 0 0
20 0 0
21 0 0
22 0 0
23 0 0
24 0 0
25 0 0
26 0 0
27 0 0
28 0 0
29 0 0
30 0 0
31 0 0
32 0 0
33 0 0
34 0 0
35 0 0
36 0 0
37 0 0
38 0 0
39 0 0
40 0 0
41 0 0
42 0 0
43 0 0
44 0 0
45 0 0
46 0 0
47 0 0
48 0 0
49 0 0
50 0 0
51 0 0
52 0 0
53 0 0
54 0 0
55 0 0
56 0 0
57 0 0
58 0 0
59 0 0
60 0 0
61 0 0
62 0 0
63 0 0
64 0 0
65 0 0
66 0 0
67 0 0
68 0 0
69 0 0
70 0 0
71 0 0
72 0 0
73 0 0
74 0 0
75 0 0
76 0 0
77 0 0
78 0 0
79 0 0
80 0 0
81 0 0
82 0 0
83 0 0
84 0 0
85 0 0
86 0 0
87 0 0
88 0 0
89 0 0
90 0 0
91 0 0
92 0 0
93 0 0
94 0 0
95 0 0
96 0 0
97 0 0
98 0 0
99 0 0
100 0 0
101 0 0
102 0 0
103 0 0
104 0 0
105 0 0
106 0 0
107 0 0
108 0 0
109 0 0
110 0 0
111 0 0
112 0 0
113 0 0
114 0 0
115 0 0
116 0 0
117 0 0
118 0 0
119 0 0
120 0 0
121 0 0
122 0 0
123 0 0
124 0 0
125 0 0
126 0 0
127 0 0
128 0 0
129 0 0
130 0 0
131 0 0
132 0 0
133 0 0
134 0 0
135 0 0
136 0 0
137 0 0
138 0 0
139 0 0
140 0 0
141 0 0
142 0 0
143 0 0
144 0 0
145 0 0
146 0 0
147 0 0
148 0 0
149 0 0
150 0 0
151 0 0
152 0 0
153 0 0
154 0 0
155 0 0
156 0 0
157 0 0
158 0 0
159 0 0
160 0 0
161 0 0
162 0 0
163 0 0
164 0 0
165 0 0
166 0 0
167 0 0
168 0 0
169 0 0
170 0 0
171 0 0
172 0 0
173 0 0
174 0 0
175 0 0
176 0 0
177 0 0
178 0 0
179 0 0
180 0 0
181 0 0
182 0 0
183 0 0
184 0 0
185 0 0
186 0 0
187 0 0
188 0 0
189 0 0
190 0 0
191 0 0
192 0 0
193 0 0
194 0 0
195 0 0
196 0 0
197 0 0
198 0 0
199 0 0
200 0 0
201 0 0
202 0 0
203 0 0
204 0 0
205 0 0
206 0 0
207 0 0
208 0 0
209 0 0
210 0 0
211 0 0
212 0 0
213 0 0
214 0 0
215 0 0
216 0 0
217 0 0
218 0 0
219 0 0
220 0 0
221 0 0
222 0 0
223 0 0
224 0 0
225 0 0
226 0 0
227 0 0
228 0 0
229 0 0
230 0 0
231 0 0
232 0 0
233 0 0
234 0 0
235 0 0
236 0 0
237 0 0
238 0 0
239 0 0
240 0 0
241 0 0
242 0 0
243 0 0
244 0 0
245 0 0
246 0 0
247 0 0
248 0 0
249 0 0
250 0 0
251 0 0
252 0 0
253 0 0
254 0 0
255 0 0
256 0 0
257 0 0
258 0 0
259 0 0
260 0 0
261 0 0
262 0 0
263 0 0
264 0 0
265 0 0
266 0 0
267 0 0
268 0 0
269 0 0
270 0 0
271 0 0
272 0 0
273 0 0
274 0 0
275 0 0
276 0 0
277 0 0
278 0 0
279 0 0
280 0 0
281 0 0
282 0 0
283 0 0
284 0 0
285 0 0
286 0 0
287 0 0
288 0 0
289 0 0
290 0 0
291 0 0
292 0 0
293 0 0
294 0 0
295 0 0
296 0 0
297 0 0
298 0 0
299 0 0
300 0 0
301 0 0
302 0 0
303 0 0
304 0 0
305 0 0
306 0 0
307 0 0
308 0 0
309 0 0
310 0 0
311 0 0
312 0 0
313 0 0
314 0 0
315 0 0
316 0 0
317 0 0
318 0 0
319 0 0
320 0 0
321 0 0
322 0 0
323 0 0
324 0 0
325 0 0
326 0 0
327 0 0
328 0 0
329 0 0
330 0 0
331 0 0
332 0 0
333 0 0
334 0 0
335 0 0
336 0 0
337 0 0
338 0 0
339 0 0
340 0 0
341 0 0
342 0 0
343 0 0
344 0 0
345 0 0
346 0 0
347 0 0
348 0 0
349 0 0
350 0 0
351 0 0
352 0 0
353 0 0
354 0 0
355 0 0
356 0 0
357 0 0
358 0 0
359 0 0
360 0 0
361 0 0
362 0 0
363 0 0
364 0 0
365 0 0
366 0 0
367 0 0
368 0 0
369 0 0
370 0 0
371 0 0
372 0 0
373 0 0
374 0 0
375 0 0
376 0 0
377 0 0
378 0 0
379 0 0
380 0 0
381 0 0
382 0 0
383 0 0
384 0 0
385 0 0
386 0 0
387 0 0
388 0 0
389 0 0
390 0 0
391 0 0
392 0 0
393 0 0
394 0 0
395 0 0
396 0 0
397 0 0
398 0 0
399 0 0
400 0 0
401 0 0
402 0 0
403 0 0
404 0 0
405 0 0
406 0 0
407 0 0
408 0 0
409 0 0
410 0 0
411 0 0
412 0 0
413 0 0
414 0 0
415 0 0
416 0 0
417 0 0
418 0 0
419 0 0
420 0 0
421 0 0
422 0 0
423 0 0
424 0 0
425 0 0
426 0 0
427 0 0
428 0 0
429 0 0
430 0 0
431 0 0
432 0 0
433 0 0
434 0 0
435 0 0
436 0 0
437 0 0
438 0 0
439 0 0
440 0 0
441 0 0
442 0 0
443 0 0
444 0 0
445 0 0
446 0 0
447 0 0
448 0 0
449 0 0
450 0 0
451 0 0
452 0 0
453 0 0
454 0 0
455 0 0
456 0 0
457 0 0
458 0 0
459 0 0
460 0 0
461 0 0
462 0 0
463 0 0
464 0 0
465 0 0
466 0 0
467 0 0
468 0 0
469 0 0
470 0 0
471 0 0
472 0 0
473 0 0
474 0 0
475 0 0
476 0 0
477 0 0
478 0 0
479 0 0
480 0 0
481 0 0
482 0 0
483 0 0
484 0 0
485 0 0
486 0 0
487 0 0
488 0 0
489 0 0
490 0 0
491 0 0
492 0 0
493 0 0
494 0 0
495 0 0
496 0 0
497 0 0
498 0 0
499 0 0
500 0 0
501 0 0
502 0 0
503 0 1
504 0 1
505 0 1
506 0 1
507 0 1
508 0 1
509 0 1
510 0 1
511 0 1
512 0 1
513 0 1
514 0 1
515 0 1
516 0 1
517 0 1
518 0 1
519 0 1
520 0 1
521 0 1
522 0 1
523 0 1
524 0 1
525 0 1
526 0 1
527 0 1
528 0 1
529 0 1
530 0 1
531 0 1
532 0 1
533 0 1
534 0 0
535 0 0
536 0 0
537 0 0
538 0 0
539 0 0
540 0 0
541 0 0
542 0 0
543 0 0
544 0 0
545 0 0
546 0 0
547 0 0
548 0 0
549 0 0
550 0 0
551 0 0
552 0 0
553 0 0
554 0 0
555 0 0
556 0 0
557 0 0
558 0 0
559 0 0
560 0 0
561 0 0
562 0 0
563 0 0
564 0 0
565 0 0
566 0 0
567 0 0
568 0 0
569 0 0
570 0 0
571 0 0
572 0 0
573 0 1
574 0 1
575 0 1
576 0 1
577 0 1
578 0 1
579 0 1
580 0 1
581 0 1
582 0 1
583 0 1
584 0 1
585 0 1
586 0 1
587 0 1
588 0 1
589 0 1
590 0 1
591 0 1
592 0 1
593 0 1
594 0 1
595 0 1
596 0 1
597 0 1
598 0 1
599 0 1
600 0 1
601 0 1
602 0 1
603 0 1
604 0 1
605 0 1
606 0 1
607 0 1
608 0 1
609 0 1
610 0 1
611 0 1
612 0 1
613 0 1
614 0 1
615 0 1
616 0 1
617 0 1
618 0 1
619 0 1
620 0 1
621 0 1
622 0 1
623 0 1
624 0 1
625 0 1
626 0 1
627 0 1
628 0 1
629 0 1
630 0 1
631 0 1
632 0 1
633 0 1
634 0 1
635 0 1
636 0 1
637 0 1
638 0 1
639 0 1
640 0 1
641 0 1
642 0 1
643 0 1
644 0 1
645 0 1
646 0 1
647 0 1
648 0 1
649 0 1
650 0 1
651 0 1
652 0 1
653 0 1
654 0 1
655 0 1
656 0 1
657 0 1
658 0 1
659 0 1
660 0 1
661 0 1
662 0 1
663 0 1
664 0 1
665 0 1
666 0 1
667 0 1
668 0 1
669 0 1
670 0 1
671 0 1
672 0 1
673 0 1
674 0 1
675 0 1
676 0 1
677 0 1
678 0 1
679 0 1
680 0 1
681 0 1
682 0 1
683 0 1
684 0 1
685 0 1
686 0 1
687 0 1
688 0 1
689 0 1
690 0 1
691 0 1
692 0 1
693 0 1
694 0 1
695 0 1
696 0 1
697 0 1
698 0 1
699 0 1
700 0 1
701 0 1
702 0 1
703 0 1
704 0 1
705 0 1
706 0 1
707 0 1
708 0 1
709 0 1
710 0 1
711 0 1
712 0 1
713 0 1
714 0 1
715 0 1
716 0 1
717 0 1
718 0 1
719 0 1
720 0 1
721 0 1
722 0 1
723 0 1
724 0 1
725 0 1
726 0 2
727 0 2
728 0 2
729 0 2
730 0 2
731 0 2
732 0 2
733 0 2
734 0 2
735 0 2
736 0 2
737 0 2
738 0 2
739 0 2
740 0 2
741 0 2
742 0 2
743 0 2
744 0 2
745 0 2
746 0 2
747 0 2
748 0 2
749 0 2
750 0 2
751 0 2
752 0 2
753 0 2
754 0 2
755 0 2
756 0 2
757 0 2
758 0 2
759 0 2
760 0 2
761 0 2
762 0 2
763 0 2
764 0 2
765 0 2
766 0 2
767 0 2
768 0 2
769 0 2
770 0 2
771 0 2
772 0 2
773 0 2
774 0 2
775 0 2
776 0 2
777 0 2
778 0 2
779 0 2
780 0 2
781 0 2
782 0 2
783 0 2
784 0 2
785 0 2
786 0 2
787 0 2
788 0 2
789 0 2
790 0 2
791 0 2
792 0 2
793 0 2
794 0 2
795 0 2
796 0 2
797 0 2
798 0 2
799 0 2
800 0 2
801 0 2
802 0 2
803 0 2
804 0 2
805 0 2
806 0 2
807 0 2
808 0 2
809 0 2
810 0 2
811 0 2
812 0 2
813 0 2
814 0 2
815 0 2
816 0 2
817 0 2
818 0 2
819 0 2
820 0 2
821 0 2
822 0 2
823 0 2
824 0 2
825 0 2
826 0 2
827 0 2
828 0 2
829 0 2
830 0 2
831 0 2
832 0 2
833 0 2
834 0 2
835 0 2
836 0 2
837 0 2
838 0 2
839 0 2
840 0 2
841 0 2
842 0 2
843 0 2
844 0 2
845 0 2
846 0 3
847 0 3
848 0 3
849 0 3
850 0 3
851 0 3
852 0 3
853 0 3
854 0 3
855 0 3
856 0 3
857 0 3
858 0 3
859 0 3
860 0 3
861 0 3
862 0 3
863 0 3
864 0 3
865 0 3
866 0 3
867 0 3
868 0 3
869 0 3
870 0 3
871 0 3
872 0 3
873 0 3
874 0 3
875 0 3
876 0 3
877 0 3
878 0 3
879 0 3
880 0 3
881 0 3
882 0 3
883 0 3
884 0 3
885 0 3
886 0 3
887 0 3
888 0 3
889 0 3
890 0 3
891 0 3
892 0 3
893 0 3
894 0 3
895 0 3
896 0 3
897 0 3
898 0 3
899 0 3
900 0 3
901 0 3
902 0 3
903 0 3
904 0 3
905 0 3
906 0 3
907 1 3
908 1 3
909 1 3
910 1 3
911 1 3
912 1 3
913 1 3
914 1 3
915 1 3
916 1 3
917 1 3
918 1 3
919 1 3
920 1 3
921 1 3
922 1 3
923 1 3
924 1 3
925 1 3
926 1 3
927 1 3
928 1 3
929 1 3
930 1 3
931 1 3
932 1 3
933 1 3
934 1 3
935 1 3
936 1 3
937 1 3
938 1 3
939 1 3
940 1 3
941 1 3
942 1 4
943 1 4
944 1 4
945 1 4
946 1 4
947 1 4
948 1 4
949 1 4
950 1 4
951 1 4
952 1 4
953 1 4
954 1 4
955 1 4
956 1 4
957 1 4
958 1 4
959 1 4
960 1 4
961 1 4
962 1 4
963 1 4
964 1 4
965 1 4
966 1 4
967 1 4
968 1 4
969 1 4
970 1 4
971 1 4
972 1 4
973 1 4
974 1 4
975 1 4
976 1 4
977 1 4
978 1 5
979 1 5
980 1 5
981 1 5
982 1 5
983 1 5
984 1 5
985 1 5
986 1 5
987 1 5
988 1 5
989 1 5
990 1 5
991 1 5
992 1 5
993 1 5
994 1 5
995 1 5
996 1 5
997 1 5
998 1 5
999 1 5
1000 1 5
1001 1 5
1002 1 5
1003 1 5
1004 1 5
1005 1 5
1006 1 5
1007 1 5
1008 1 5
1009 1 5
1010 1 5
1011 1 5
1012 1 5
1013 1 6
1014 1 6
1015 1 6
1016 1 6
1017 1 6
1018 1 6
1019 1 6
1020 1 6
1021 1 6
1022 1 6
1023 1 6
1024 1 6
1025 1 6
1026 1 6
1027 1 6
1028 1 6
1029 1 6
1030 1 6
1031 1 6
1032 1 6
1033 1 6
1034 1 6
1035 1 6
1036 1 6
1037 1 6
1038 1 6
1039 1 6
1040 1 6
1041 1 6
1042 1 6
1043 1 6
1044 1 6
1045 1 6
1046 1 6
1047 1 6
1048 1 6
1049 1 6
1050 1 6
1051 1 6
1052 1 6
1053 1 6
1054 1 6
1055 1 6
1056 1 6
1057 1 6
1058 1 6
1059 1 6
1060 1 7
1061 1 7
1062 1 7
1063 1 7
1064 1 7
1065 1 7
1066 1 7
1067 1 7
1068 1 7
1069 1 7
1070 1 7
1071 1 7
1072 1 7
1073 1 7
1074 1 7
1075 1 7
1076 1 7
1077 1 7
1078 1 7
1079 1 7
1080 1 7
1081 1 7
1082 1 7
1083 1 7
1084 1 7
1085 1 7
1086 1 7
1087 1 7
1088 1 7
1089 1 7
1090 1 7
1091 1 7
1092 1 7
1093 1 7
1094 1 7
1095 1 7
1096 1 7
1097 1 7
1098 1 7
1099 1 7
1100 1 7
1101 1 7
1102 1 7
1103 1 7
1104 1 7
1105 1 7
1106 1 7
1107 1 7
1108 1 7
1109 1 7
1110 1 7
1111 1 7
1112 1 7
1113 1 7
1114 1 7
1115 1 7
1116 1 7
1117 1 7
1118 1 7
1119 1 7
1120 1 7
1121 1 7
1122 1 7
1123 1 7
1124 1 7
1125 1 7
1126 1 7
1127 1 7
1128 1 7
1129 1 7
1130 1 7
1131 1 7
1132 1 7
1133 1 7
1134 1 7
1135 1 7
1136 1 7
1137 1 7
1138 1 7
1139 1 7
1140 1 7
1141 1 7
1142 1 7
1143 1 7
1144 1 7
1145 1 8
1146 1 8
1147 1 8
1148 1 8
1149 1 8
1150 1 8
1151 1 8
1152 1 8
1153 1 8
1154 1 8
1155 1 8
1156 1 8
1157 1 8
1158 1 8
1159 1 8
1160 1 8
1161 1 8
1162 1 8
1163 1 8
1164 1 8
1165 1 8
1166 1 8
1167 1 8
1168 1 8
1169 1 8
1170 1 8
1171 1 8
1172 1 8
1173 1 8
1174 1 8
1175 1 8
1176 1 8
1177 1 8
1178 1 8
1179 1 8
1180 1 8
1181 1 8
1182 1 8
1183 1 8
1184 1 8
1185 1 8
1186 1 8
1187 1 8
1188 1 8
1189 1 8
1190 1 8
1191 1 9
1192 1 9
1193 1 9
1194 1 9
1195 1 9
1196 1 9
1197 1 9
1198 1 9
1199 1 9
1200 1 9
1201 1 9
1202 1 9
1203 1 9
1204 1 9
1205 1 9
1206 1 9
1207 1 9
1208 1 9
1209 1 9
1210 1 9
1211 1 9
1212 1 9
1213 1 9
1214 1 9
1215 1 9
1216 1 9
1217 1 9
1218 1 9
1219 1 9
1220 1 9
1221 1 9
1222 1 9
1223 1 9
1224 1 9
1225 1 9
1226 1 9
1227 1 9
1228 1 9
1229 1 9
1230 1 9
1231 1 9
1232 1 9
1233 1 9
1234 1 9
1235 1 9
1236 1 9
1237 1 9
1238 1 9
1239 1 9
1240 1 9
1241 1 9
1242 1 9
1243 1 9
1244 1 9
1245 1 9
1246 1 9
1247 1 9
1248 1 9
1249 1 9
1250 1 9
1251 1 9
1252 1 9
1253 1 10
1254 1 10
1255 1 10
1256 1 10
1257 1 10
1258 1 10
1259 1 10
1260 1 10
1261 1 10
1262 1 10
1263 1 10
1264 1 10
1265 1 10
1266 1 10
1267 1 10
1268 1 10
1269 1 10
1270 1 10
1271 1 10
1272 1 10
1273 1 10
1274 1 10
1275 1 10
1276 1 10
1277 1 10
1278 1 10
1279 1 10
1280 1 10
1281 1 10
1282 1 10
1283 1 10
1284 1 10
1285 1 10
1286 1 10
1287 1 10
1288 1 10
1289 1 10
1290 1 10
1291 1 10
1292 2 10
1293 2 10
1294 2 10
1295 2 10
1296 2 10
1297 2 10
1298 2 10
1299 2 10
1300 2 10
1301 2 10
1302 2 10
1303 2 10
1304 2 10
1305 2 10
1306 2 10
1307 2 10
1308 2 10
1309 2 10
1310 2 10
1311 2 10
1312 2 10
1313 2 10
1314 2 10
1315 2 10
1316 2 10
1317 2 10
1318 2 10
1319 2 10
1320 2 10
1321 2 10
1322 2 10
1323 2 10
1324 2 10
1325 2 10
1326 2 10
1327 2 10
1328 2 10
1329 2 10
1330 2 10
1331 2 10
1332 2 10
1333 2 10
1334 2 10
1335 2 10
1336 2 11
1337 2 11
1338 2 11
1339 2 11
1340 2 11
1341 2 11
1342 2 11
1343 2 11
1344 2 11
1345 2 11
1346 2 11
1347 2 11
1348 2 11
1349 2 11
1350 2 12
1351 2 11
1352 2 12
1353 2 12
1354 2 12
1355 2 12
1356 2 12
1357 2 12
1358 2 12
1359 2 12
1360 2 12
1361 2 12
1362 2 12
1363 2 12
1364 2 12
1365 2 12
1366 2 12
1367 2 12
1368 2 12
1369 2 12
1370 2 12
1371 2 12
1372 2 12
1373 2 12
1374 2 12
1375 2 12
1376 2 12
1377 2 13
1378 2 13
1379 2 13
1380 2 13
1381 2 13
1382 2 13
1383 2 13
1384 2 13
1385 2 13
1386 2 13
1387 2 13
1388 2 13
1389 2 13
1390 2 13
1391 2 13
1392 2 13
1393 2 13
1394 2 13
1395 2 13
1396 2 13
1397 2 13
1398 2 13
1399 2 13
1400 2 13
1401 2 13
1402 2 13
1403 2 13
1404 2 13
1405 2 13
1406 2 13
1407 2 13
1408 2 13
1409 2 13
1410 2 13
1411 2 13
1412 2 13
1413 2 13
1414 2 13
1415 2 13
1416 2 13
1417 2 14
1418 2 14
1419 2 14
1420 2 14
1421 2 14
1422 2 14
1423 2 14
1424 2 14
1425 2 14
1426 2 14
1427 2 14
1428 2 14
1429 2 14
1430 2 14
1431 2 14
1432 2 14
1433 2 14
1434 2 14
1435 2 14
1436 2 14
1437 2 14
1438 2 14
1439 2 14
1440 2 14
1441 2 14
1442 2 14
1443 2 14
1444 2 14
1445 2 14
1446 2 14
1447 2 14
1448 2 14
1449 2 14
1450 2 14
1451 2 14
1452 2 14
1453 2 14
1454 2 15
1455 2 15
1456 2 15
1457 2 15
1458 2 15
1459 2 15
1460 2 15
1461 2 15
1462 2 15
1463 2 15
1464 2 15
1465 2 15
1466 2 15
1467 2 15
1468 2 15
1469 2 15
1470 2 15
1471 2 15
1472 2 15
1473 2 15
1474 2 15
1475 2 15
1476 2 15
1477 2 15
1478 2 15
1479 2 15
1480 2 15
1481 2 15
1482 2 15
1483 2 15
1484 2 15
1485 2 15
1486 2 15
1487 2 15
1488 2 15
1489 2 16
1490 2 16
1491 2 16
1492 2 16
1493 2 16
1494 2 16
1495 2 16
1496 2 16
1497 2 16
1498 2 16
1499 2 16
1500 2 16
1501 2 16
1502 2 16
1503 2 16
1504 2 16
1505 2 16
1506 2 16
1507 2 16
1508 2 16
1509 2 16
1510 2 16
1511 2 16
1512 2 16
1513 2 16
1514 2 16
1515 2 16
1516 2 16
1517 2 16
1518 2 16
1519 2 16
1520 2 16
1521 2 16
1522 2 16
1523 2 16
1524 2 16
1525 2 16
1526 2 16
1527 2 17
1528 2 17
1529 2 17
1530 2 17
1531 2 17
1532 2 17
1533 2 17
1534 2 17
1535 2 17
1536 2 17
1537 2 17
1538 2 17
1539 2 17
1540 2 17
1541 2 17
1542 2 17
1543 2 17
1544 2 17
1545 2 17
1546 2 18
1547 2 18
1548 2 18
1549 2 18
1550 2 18
1551 2 18
1552 2 18
1553 2 18
1554 2 18
1555 2 18
1556 2 18
1557 2 18
1558 2 18
1559 2 18
1560 2 18
1561 2 18
1562 2 18
1563 2 18
1564 2 18
1565 2 18
1566 2 18
1567 2 18
1568 2 18
1569 2 18
1570 2 19
1571 2 19
1572 2 19
1573 2 19
1574 2 19
1575 2 19
1576 2 19
1577 2 19
1578 2 19
1579 2 19
1580 2 19
1581 2 19
1582 2 19
1583 2 18
1584 3 18
1585 3 18
1586 3 18
1587 3 18
1588 3 18
1589 3 18
1590 3 18
1591 3 18
1592 3 18
1593 3 18
1594 3 18
1595 3 18
1596 3 18
1597 3 18
1598 3 19
1599 3 19
1600 3 19
1601 3 19
1602 3 19
1603 3 19
1604 3 19
1605 3 19
1606 3 19
1607 3 19
1608 3 19
1609 3 19
1610 3 19
1611 3 19
1612 3 19
1613 3 19
1614 3 19
1615 3 19
1616 3 19
1617 3 19
1618 3 19
1619 3 19
1620 3 19
1621 3 19
1622 3 19
1623 3 19
1624 3 19
1625 3 19
1626 3 19
1627 3 19
1628 3 19
1629 3 19
1630 3 19
1631 3 19
1632 3 19
1633 3 19
1634 3 19
1635 3 19
1636 3 19
1637 3 19
1638 3 19
1639 3 19
1640 3 19
1641 3 19
1642 3 19
1643 3 19
1644 3 19
1645 3 19
1646 3 19
1647 3 19
1648 3 19
1649 3 19
1650 3 19
1651 3 19
1652 3 19
1653 3 19
1654 3 19
1655 3 20
1656 3 20
1657 3 20
1658 3 20
1659 3 20
1660 3 20
1661 3 20
1662 3 20
1663 3 20
1664 3 20
1665 3 20
1666 3 20
1667 3 20
1668 3 20
1669 3 20
1670 3 20
1671 3 20
1672 3 20
1673 3 20
1674 3 20
1675 3 20
1676 3 20
1677 3 20
1678 3 20
1679 3 20
1680 3 20
1681 3 20
1682 3 20
1683 3 20
1684 3 20
1685 3 20
1686 3 20
1687 3 20
1688 3 20
1689 3 20
1690 3 20
1691 3 20
1692 3 20
1693 3 20
1694 3 20
1695 3 20
1696 3 20
1697 3 20
1698 3 20
1699 3 20
1700 3 20
1701 3 20
1702 3 20
1703 3 20
1704 3 20
1705 3 20
1706 3 20
1707 3 20
1708 3 20
1709 3 20
1710 3 20
1711 3 20
1712 3 21
1713 3 21
1714 3 21
1715 3 21
1716 3 21
1717 3 21
1718 3 21
1719 3 21
1720 3 21
1721 3 21
1722 3 21
1723 3 21
1724 3 21
1725 3 21
1726 3 21
1727 3 21
1728 3 21
1729 3 21
1730 3 21
1731 3 21
1732 3 22
1733 3 22
1734 3 22
1735 3 21
1736 3 21
1737 3 21
1738 3 22
1739 3 22
1740 3 22
1741 3 22
1742 3 22
1743 3 22
1744 3 22
1745 3 22
1746 3 22
1747 3 22
1748 3 22
1749 3 22
1750 3 22
1751 3 22
1752 3 22
1753 3 22
1754 3 22
1755 3 22
1756 3 22
1757 3 22
1758 3 22
1759 3 22
1760 3 22
1761 3 22
1762 3 22
1763 3 22
1764 3 22
1765 3 22
1766 3 22
1767 3 22
1768 3 22
1769 3 22
1770 3 22
1771 3 22
1772 3 22
1773 3 22
1774 3 22
1775 3 22
1776 3 23
1777 3 23
1778 3 23
1779 3 23
1780 3 23
1781 3 23
1782 3 23
1783 3 23
1784 3 23
1785 3 23
1786 3 23
1787 3 23
1788 3 23
1789 3 23
1790 3 23
1791 3 23
1792 3 23
1793 3 23
1794 3 23
1795 3 23
1796 3 23
1797 3 23
1798 3 23
1799 3 23
1800 3 23
1801 3 23
1802 3 23
1803 3 23
1804 3 23
1805 3 23
1806 3 23
1807 3 23
1808 3 23
1809 4 23
1810 4 23
1811 4 23
1812 4 23
1813 4 23
1814 4 23
1815 4 23
1816 4 23
1817 4 23
1818 4 23
1819 4 23
1820 4 23
1821 4 23
1822 4 23
1823 4 23
1824 4 23
1825 4 23
1826 4 24
1827 4 24
1828 4 24
1829 4 24
1830 4 24
1831 4 24
1832 4 24
1833 4 24
1834 4 24
1835 4 24
1836 4 24
1837 4 24
1838 4 24
1839 4 24
1840 4 24
1841 4 24
1842 4 24
1843 4 24
1844 4 24
1845 4 24
1846 4 24
1847 4 24
1848 4 24
1849 4 24
1850 4 24
1851 4 24
1852 4 24
1853 4 24
1854 4 24
1855 4 24
1856 4 24
1857 4 24
1858 4 24
1859 4 24
1860 4 24
1861 4 24
1862 4 24
1863 4 24
1864 4 24
1865 4 24
1866 4 24
1867 4 24
1868 4 24
1869 4 24
1870 4 24
1871 4 24
1872 4 24
1873 4 24
1874 4 24
1875 4 24
1876 4 24
1877 4 24
1878 4 24
1879 4 24
1880 4 24
1881 4 24
1882 4 24
1883 4 24
1884 4 24
1885 4 24
1886 4 24
1887 4 24
1888 4 24
1889 4 24
1890 4 25
1891 4 25
1892 4 25
1893 4 25
1894 4 25
1895 4 25
1896 4 25
1897 4 24
1898 4 24
1899 4 25
1900 4 25
1901 4 25
1902 4 25
1903 4 25
1904 4 25
1905 4 25
1906 4 25
1907 4 25
1908 4 25
1909 4 25
1910 4 25
1911 4 25
1912 4 25
1913 4 25
1914 4 25
1915 4 25
1916 4 25
1917 4 25
1918 4 25
1919 4 25
1920 4 25
1921 4 25
1922 4 25
1923 4 25
1924 4 25
1925 4 25
1926 4 25
1927 4 25
1928 4 25
1929 4 25
1930 4 25
1931 4 26
1932 4 26
1933 4 26
1934 4 25
1935 4 25
1936 4 25
1937 4 25
1938 4 25
1939 4 26
1940 4 26
1941 4 26
1942 4 26
1943 4 26
1944 4 26
1945 4 26
1946 4 26
1947 4 26
1948 4 26
1949 4 26
1950 4 26
1951 4 26
1952 4 26
1953 4 26
1954 5 26
1955 5 26
1956 5 26
1957 5 26
1958 5 26
1959 5 26
1960 5 26
1961 5 26
1962 5 26
1963 5 26
1964 5 26
1965 5 26
1966 5 26
1967 5 26
1968 5 26
1969 5 26
1970 5 26
1971 5 26
1972 5 26
1973 5 26
1974 5 26
1975 5 26
1976 5 26
1977 5 26
1978 5 26
1979 5 26
1980 5 26
1981 5 26
1982 5 26
1983 5 26
1984 5 26
1985 5 26
1986 5 26
1987 5 26
1988 5 26
1989 5 26
1990 5 26
1991 5 26
1992 5 26
1993 5 26
1994 5 26
1995 5 26
1996 5 26
1997 5 26
1998 5 26
1999 5 26
2000 5 26
2001 5 26
2002 5 26
2003 5 26
2004 5 26
2005 5 26
2006 5 26
2007 5 26
2008 5 26
2009 5 26
2010 5 26
2011 5 26
2012 5 26
2013 5 26
2014 5 26
2015 5 26
2016 5 26
2017 5 26
2018 5 26
2019 5 26
2020 5 26
2021 5 26
2022 5 26
2023 5 26
2024 5 26
2025 5 26
2026 5 26
2027 5 26
2028 5 26
2029 5 26
2030 5 26
2031 5 26
2032 5 26
2033 5 26
2034 5 26
2035 5 26
2036 5 26
2037 5 26
2038 5 26
2039 5 26
2040 5 26
2041 5 26
2042 5 26
2043 5 26
2044 5 26
2045 5 26
2046 5 26
2047 5 26
2048 5 26
2049 5 26
2050 5 26
2051 5 26
2052 5 26
2053 5 26
2054 5 26
2055 5 26
2056 5 26
2057 5 26
2058 5 26
2059 5 26
2060 5 26
2061 5 26
2062 5 27
2063 5 27
2064 5 27
2065 5 27
2066 5 27
2067 5 27
2068 5 27
2069 5 27
2070 5 27
2071 5 27
2072 5 27
2073 5 27
2074 5 27
2075 5 27
2076 5 27
2077 5 27
2078 5 27
2079 5 27
2080 5 27
2081 5 27
2082 5 27
2083 5 27
2084 5 27
2085 5 27
2086 5 27
2087 5 27
2088 5 27
2089 5 27
2090 5 27
2091 5 27
2092 5 27
2093 5 27
2094 5 27
2095 5 27
2096 5 27
2097 5 27
2098 5 27
2099 5 27
2100 5 27
2101 5 27
2102 5 27
2103 5 27
2104 5 27
2105 5 27
2106 5 27
2107 5 27
2108 5 27
2109 5 27
2110 5 27
2111 5 28
2112 5 28
2113 5 28
2114 5 28
2115 5 28
2116 5 28
2117 5 28
2118 5 28
2119 5 28
2120 5 28
2121 5 28
2122 5 28
2123 6 28
2124 6 28
2125 6 28
2126 6 28
2127 6 28
2128 6 28
2129 6 28
2130 6 28
2131 6 28
2132 6 28
2133 6 28
2134 6 28
2135 6 28
2136 6 28
2137 6 28
2138 6 28
2139 6 28
2140 6 28
2141 6 28
2142 6 28
2143 6 28
2144 6 28
2145 6 28
2146 6 28
2147 6 28
2148 6 28
2149 6 28
2150 6 28
2151 6 28
2152 6 29
2153 6 29
2154 6 29
2155 6 29
2156 6 29
2157 6 29
2158 6 29
2159 6 29
2160 6 29
2161 6 29
2162 6 29
2163 6 29
2164 6 29
2165 6 29
2166 6 29
2167 6 29
2168 6 29
2169 6 29
2170 6 29
2171 6 29
2172 6 29
2173 6 29
2174 6 29
2175 6 29
2176 6 29
2177 6 29
2178 6 29
2179 6 29
2180 6 29
2181 6 29
2182 6 29
2183 6 29
2184 6 29
2185 6 29
2186 6 29
2187 6 29
2188 6 29
2189 6 29
2190 6 29
2191 6 29
2192 6 29
2193 6 30
2194 6 30
2195 6 30
2196 6 30
2197 6 30
2198 6 30
2199 6 30
2200 6 30
2201 6 30
2202 6 30
2203 6 30
2204 6 30
2205 6 30
2206 6 30
2207 6 30
2208 6 30
2209 6 30
2210 6 30
2211 6 30
2212 6 30
2213 6 30
2214 6 30
2215 6 30
2216 6 30
2217 6 30
2218 6 30
2219 6 30
2220 6 30
2221 6 30
2222 6 30
2223 6 30
2224 6 30
2225 6 30
2226 6 30
2227 6 30
2228 6 30
2229 6 30
2230 6 30
2231 6 30
2232 6 30
2233 6 30
2234 6 30
2235 6 30
2236 6 30
2237 6 30
2238 6 30
2239 6 30
2240 6 30
2241 6 30
2242 6 30
2243 6 30
2244 7 30
2245 7 30
2246 7 30
2247 7 30
2248 7 30
2249 7 30
2250 7 30
2251 7 30
2252 7 30
2253 7 30
2254 7 30
2255 7 30
2256 7 30
2257 7 30
2258 7 30
2259 7 30
2260 7 30
2261 7 30
2262 7 30
2263 7 30
2264 7 30
2265 7 30
2266 7 30
2267 7 30
2268 7 30
2269 7 30
2270 7 30
2271 7 30
2272 7 30
2273 7 30
2274 7 30
2275 7 30
2276 7 30
2277 7 30
2278 7 30
2279 7 30
2280 7 30
2281 7 30
2282 7 30
2283 7 30
2284 7 30
2285 7 30
2286 7 30
2287 7 30
2288 7 30
2289 7 30
2290 7 30
2291 7 30
2292 7 30
2293 7 30
2294 7 31
2295 7 31
2296 7 31
2297 7 31
2298 7 31
2299 7 31
2300 7 31
2301 7 31
2302 7 31
2303 7 31
2304 7 31
2305 7 31
2306 7 31
2307 7 31
2308 7 31
2309 7 31
2310 7 31
2311 7 31
2312 7 31
2313 7 31
2314 7 31
2315 7 31
2316 7 31
2317 7 31
2318 7 31
2319 7 31
2320 7 31
2321 7 31
2322 7 31
2323 7 31
2324 7 31
2325 7 31
2326 7 31
2327 7 31
2328 7 31
2329 7 31
2330 7 31
2331 7 31
2332 7 31
2333 7 31
2334 7 31
2335 7 31
2336 7 31
2337 7 31
2338 7 31
2339 7 31
2340 7 31
2341 7 31
2342 7 31
2343 7 31
2344 7 31
2345 7 31
2346 8 31
2347 8 31
2348 8 31
2349 8 31
2350 8 31
2351 8 32
2352 8 32
2353 8 32
2354 8 32
2355 8 32
2356 8 32
2357 8 32
2358 8 32
2359 8 32
2360 8 32
2361 8 32
2362 8 32
2363 8 32
2364 8 32
2365 8 32
2366 8 32
2367 8 32
2368 8 32
2369 8 32
2370 8 32
2371 8 32
2372 8 32
2373 8 32
2374 8 32
2375 8 32
2376 8 32
2377 8 32
2378 8 32
2379 8 33
2380 8 33
2381 8 33
2382 8 33
2383 8 33
2384 8 33
2385 8 33
2386 8 33
2387 8 33
2388 8 33
2389 8 33
2390 8 33
2391 8 33
2392 8 33
2393 8 33
2394 8 33
2395 8 33
2396 8 33
2397 8 33
2398 8 33
2399 8 33
2400 8 33
2401 8 33
2402 8 33
2403 8 33
2404 8 33
2405 8 33
2406 8 33
2407 8 33
2408 8 33
2409 8 33
2410 8 33
2411 8 34
2412 8 34
2413 8 34
2414 8 34
2415 8 34
2416 8 34
2417 8 34
2418 8 34
2419 8 34
2420 8 34
2421 8 34
2422 8 34
2423 8 34
2424 8 34
2425 8 34
2426 8 34
2427 8 34
2428 8 34
2429 8 34
2430 8 34
2431 8 34
2432 8 34
2433 8 34
2434 8 34
2435 8 34
2436 8 34
2437 8 34
2438 9 34
2439 9 34
2440 9 34
2441 9 34
2442 9 34
2443 9 34
2444 9 34
2445 9 34
2446 9 34
2447 9 34
2448 9 34
2449 9 34
2450 9 34
2451 9 35
2452 9 35
2453 9 35
2454 9 35
2455 9 35
2456 9 35
2457 9 35
2458 9 35
2459 9 35
2460 9 35
2461 9 35
2462 9 35
2463 9 35
2464 9 35
2465 9 35
2466 9 35
2467 9 35
2468 9 35
2469 9 35
2470 9 35
2471 9 35
2472 9 35
2473 9 35
2474 9 35
2475 9 35
2476 9 35
2477 9 35
2478 9 35
2479 9 35
2480 9 35
2481 9 36
2482 9 36
2483 9 36
2484 9 36
2485 9 36
2486 9 36
2487 9 36
2488 9 36
2489 9 36
2490 9 36
2491 9 36
2492 9 36
2493 9 36
2494 9 36
2495 9 36
2496 9 36
2497 9 36
2498 9 36
2499 9 36
2500 9 36
2501 10 36
2502 10 36
2503 10 36
2504 10 36
2505 10 36
2506 10 36
2507 10 36
2508 10 36
2509 10 36
2510 10 36
2511 10 36
2512 10 36
2513 10 36
2514 10 36
2515 10 36
2516 10 36
2517 10 36
2518 10 36
2519 10 36
2520 10 36
2521 10 36
2522 10 36
2523 10 36
2524 10 36
2525 10 36
2526 10 36
2527 10 36
2528 10 36
2529 10 36
2530 10 36
2531 10 36
2532 10 36
2533 10 37
2534 10 36
2535 10 36
2536 10 37
2537 10 37
2538 10 37
2539 10 37
2540 10 37
2541 10 37
2542 10 37
2543 10 37
2544 10 37
2545 10 37
2546 10 37
2547 10 37
2548 10 37
2549 10 37
2550 10 37
2551 10 37
2552 10 37
2553 10 37
2554 10 37
2555 10 37
2556 10 37
2557 10 37
2558 10 37
2559 10 37
2560 10 37
2561 10 37
2562 10 37
2563 10 37
2564 10 37
2565 10 37
2566 10 37
2567 10 37
2568 10 37
2569 10 37
2570 10 37
2571 10 37
2572 10 37
2573 10 37
2574 10 37
2575 10 37
2576 10 37
2577 11 37
2578 11 37
2579 11 37
2580 11 37
2581 11 37
2582 11 37
2583 11 37
2584 11 37
2585 11 37
2586 11 37
2587 11 37
2588 11 37
2589 11 37
2590 11 37
2591 11 37
2592 11 37
2593 11 37
2594 11 37
2595 11 37
2596 11 37
2597 11 37
2598 11 37
2599 11 37
2600 11 37
2601 11 37
2602 11 37
2603 11 37
2604 11 37
2605 11 37
2606 11 37
2607 11 37
2608 11 37
2609 11 37
2610 11 37
2611 11 37
2612 11 37
2613 11 37
2614 11 37
2615 11 37
2616 11 37
2617 11 37
2618 11 37
2619 11 38
2620 11 38
2621 11 38
2622 11 38
2623 11 38
2624 11 38
2625 11 38
2626 11 38
2627 11 38
2628 11 38
2629 11 38
2630 11 38
2631 11 38
2632 11 38
2633 11 38
2634 11 38
2635 11 38
2636 11 38
2637 12 38
2638 12 38
2639 12 38
2640 12 38
2641 12 38
2642 12 38
2643 12 38
2644 12 38
2645 12 38
2646 12 38
2647 12 38
2648 12 38
2649 12 38
2650 12 38
2651 12 38
2652 12 38
2653 12 38
2654 12 38
2655 12 38
2656 12 38
2657 12 38
2658 12 38
2659 12 38
2660 12 38
2661 12 38
2662 12 38
2663 12 38
2664 12 38
2665 12 38
2666 12 38
2667 12 38
2668 12 38
2669 12 38
2670 12 38
2671 12 38
2672 12 38
2673 12 38
2674 12 38
2675 12 38
2676 12 38
2677 12 38
2678 12 38
2679 12 38
2680 12 38
2681 12 39
2682 12 39
2683 12 39
2684 12 38
2685 13 38
2686 13 38
2687 13 38
2688 13 39
2689 13 38
2690 13 38
2691 13 38
2692 13 38
2693 13 38
2694 13 38
2695 13 38
2696 13 38
2697 13 38
2698 13 38
2699 13 38
2700 13 38
2701 13 38
2702 13 38
2703 13 38
2704 13 38
2705 13 38
2706 13 38
2707 13 39
2708 13 39
2709 13 39
2710 13 39
2711 13 39
2712 13 39
2713 13 39
2714 13 39
2715 13 39
2716 13 38
2717 13 38
2718 13 38
2719 13 38
2720 13 38
2721 13 38
2722 13 38
2723 13 38
2724 13 38
2725 13 38
2726 13 38
2727 13 38
2728 13 38
2729 13 38
2730 13 38
2731 13 38
2732 13 39
2733 13 38
2734 13 38
2735 13 38
2736 13 38
2737 13 38
2738 13 39
2739 13 39
2740 13 39
2741 13 39
2742 13 39
2743 13 39
2744 13 39
2745 13 39
2746 13 38
2747 13 39
2748 13 39
2749 13 39
2750 13 39
2751 13 39
2752 13 39
2753 13 39
2754 13 39
2755 13 39
2756 13 39
2757 13 39
2758 13 39
2759 13 39
2760 13 39
2761 14 39
2762 14 39
2763 14 39
2764 14 39
2765 14 39
2766 14 39
2767 14 39
2768 14 39
2769 14 39
2770 14 39
2771 14 39
2772 14 39
2773 14 39
2774 14 39
2775 14 39
2776 14 39
2777 14 39
2778 14 39
2779 14 39
2780 14 39
2781 14 39
2782 14 39
2783 14 39
2784 15 39
2785 15 39
2786 15 39
2787 15 39
2788 15 39
2789 15 40
2790 15 40
2791 15 39
2792 15 39
2793 15 39
2794 15 40
2795 15 40
2796 15 40
2797 15 40
2798 15 40
2799 15 40
2800 15 40
2801 15 40
2802 15 40
2803 15 40
2804 15 40
2805 15 40
2806 15 40
2807 15 40
2808 15 40
2809 15 40
2810 15 40
2811 15 40
2812 15 40
2813 15 40
2814 15 40
2815 15 40
2816 15 40
2817 15 40
2818 15 40
2819 15 40
2820 16 40
2821 16 40
2822 16 40
2823 16 41
2824 16 41
2825 16 41
2826 16 41
2827 16 41
2828 16 41
2829 16 41
2830 16 41
2831 16 41
2832 16 41
2833 16 41
2834 16 41
2835 16 41
2836 16 41
2837 16 41
2838 16 41
2839 17 41
2840 17 41
2841 17 41
2842 17 41
2843 17 41
2844 17 41
2845 17 41
2846 17 41
2847 17 41
2848 17 41
2849 17 41
2850 17 41
2851 17 41
2852 17 41
2853 17 41
2854 17 41
2855 17 41
2856 17 41
2857 17 41
2858 17 41
2859 17 41
2860 18 42
2861 18 42
2862 18 42
2863 18 42
2864 18 42
2865 18 42
2866 18 42
2867 18 42
2868 18 42
2869 18 42
2870 18 42
2871 18 42
2872 18 42
2873 18 42
2874 18 42
2875 18 42
2876 18 42
2877 18 42
2878 18 42
2879 18 42
2880 18 42
2881 18 42
2882 18 42
2883 18 42
2884 18 42
2885 18 42
2886 18 42
2887 18 42
2888 18 42
2889 18 42
2890 18 42
2891 18 42
2892 18 42
2893 18 42
2894 19 42
2895 19 42
2896 19 42
2897 19 42
2898 19 42
2899 19 42
2900 19 42
2901 19 42
2902 19 42
2903 19 42
2904 19 42
2905 19 42
2906 19 42
2907 19 42
2908 19 42
2909 19 42
2910 19 42
2911 19 42
2912 19 42
2913 20 42
2914 20 42
2915 20 42
2916 20 42
2917 20 42
2918 20 43
2919 20 43
2920 20 43
2921 20 43
2922 20 43
2923 20 43
2924 20 43
2925 20 43
2926 20 43
2927 20 43
2928 20 43
2929 20 43
2930 20 43
2931 20 43
2932 20 43
2933 20 43
2934 20 43
2935 20 43
2936 21 43
2937 21 43
2938 21 43
2939 21 43
2940 21 43
2941 21 43
2942 21 43
2943 21 43
2944 21 43
2945 21 43
2946 21 43
2947 21 43
2948 22 43
2949 22 43
2950 22 43
2951 22 43
2952 22 43
2953 22 43
2954 22 43
2955 22 43
2956 23 43
2957 23 43
2958 23 43
2959 23 43
2960 23 43
2961 23 43
2962 23 43
2963 23 43
2964 23 43
2965 23 43
2966 24 43
2967 24 43
2968 24 43
2969 24 43
2970 24 43
2971 24 43
2972 24 43
2973 24 43
2974 24 43
2975 24 43
2976 24 44
2977 24 44
2978 25 44
2979 25 44
2980 25 44
2981 25 44
2982 25 44
2983 25 44
2984 25 44
2985 25 44
2986 25 44
2987 25 44
2988 25 44
2989 25 44
2990 25 44
2991 25 44
2992 25 44
2993 25 44
2994 25 44
2995 25 44
2996 25 44
2997 25 44
2998 25 44
2999 25 44
3000 25 44
3001 25 44
3002 25 44
3003 25 44
3004 25 44
3005 25 44
3006 26 44
3007 26 44
3008 26 45
3009 26 45
3010 26 45
3011 26 45
3012 26 45
3013 26 45
3014 26 45
3015 26 45
3016 26 45
3017 26 45
3018 26 45
3019 26 45
3020 26 45
3021 26 45
3022 26 45
3023 26 45
3024 26 45
3025 26 45
3026 26 45
3027 26 45
3028 26 45
3029 26 45
3030 26 45
3031 26 45
3032 27 45
3033 27 45
3034 27 45
3035 27 45
3036 27 45
3037 27 45
3038 27 45
3039 27 45
3040 27 45
3041 27 45
3042 27 45
3043 27 45
3044 27 45
3045 27 45
3046 27 45
3047 27 46
3048 27 46
3049 27 46
3050 27 46
3051 27 46
3052 27 46
3053 27 46
3054 27 46
3055 27 46
3056 27 46
3057 27 46
3058 27 46
3059 27 46
3060 27 46
3061 27 46
3062 27 46
3063 27 46
3064 27 46
3065 28 46
3066 28 46
3067 28 46
3068 28 46
3069 28 46
3070 28 46
3071 29 46
3072 29 46
3073 29 46
3074 29 46
3075 29 46
3076 29 46
3077 29 46
3078 29 46
3079 29 46
3080 29 46
3081 30 46
3082 31 46
3083 31 46
3084 31 46
3085 31 46
3086 31 46
3087 31 46
3088 32 46
3089 32 46
3090 32 46
3091 32 46
3092 33 46
3093 33 47
3094 33 47
3095 33 47
3096 33 47
3097 34 47
3098 34 47
3099 34 47
3100 35 47
3101 35 47
3102 35 47
3103 36 47
3104 36 47
3105 36 47
3106 36 47
3107 36 47
3108 36 47
3109 36 47
3110 37 47
3111 37 47
3112 37 47
3113 37 47
3114 37 47
3115 37 47
3116 37 47
3117 37 47
3118 37 47
3119 37 47
3120 38 47
3121 38 47
3122 38 47
3123 39 47
3124 40 47
3125 41 47
3126 41 47
3127 41 47
3128 41 47
3129 41 47
3130 41 47
3131 41 47
3132 41 47
3133 41 47
3134 41 47
3135 41 47
3136 41 47
3137 41 47
3138 41 47
3139 41 48
3140 41 48
3141 41 48
3142 42 48
3143 42 48
3144 42 48
3145 42 48
3146 43 48
3147 43 48
3148 43 48
3149 44 48
3150 44 48
3151 44 48
3152 44 48
3153 45 48
3154 45 48
3155 45 48
3156 45 48
3157 45 48
3158 45 48
3159 45 48
3160 45 48
3161 46 48
3162 46 48
3163 47 48
3164 47 48
3165 47 48
3166 47 48
3167 47 48
3168 47 48
3169 47 48
3170 47 48
3171 47 48
3172 47 48
3173 47 48
3174 47 48
3175 47 48
3176 47 48
3177 47 48
3178 47 48
3179 47 48
3180 47 48
3181 47 49
3182 47 49
3183 47 49
3184 47 49
3185 47 49
3186 47 49
3187 47 49
3188 47 49
3189 47 49
3190 47 49
3191 47 49
3192 47 49
3193 47 49
3194 47 49
3195 47 49
3196 47 49
3197 47 49
3198 47 49
3199 47 49
3200 47 49
3201 48 49
3202 48 49
3203 48 49
3204 49 49
3205 49 49
3206 49 49
3207 50 49
3208 50 49
3209 50 49
3210 50 49
3211 51 49
3212 51 49
3213 51 49
3214 51 49
3215 51 49
3216 51 49
3217 51 49
3218 52 49
3219 53 49
3220 53 49
3221 53 49
3222 53 49
3223 53 49
3224 53 49
3225 53 49
3226 53 49
3227 54 49
3228 54 49
3229 55 49
3230 55 49
3231 55 49
3232 55 50
3233 56 50
3234 56 50
3235 57 50
3236 57 50
3237 57 50
3238 57 50
3239 57 50
3240 57 50
3241 58 50
3242 59 50
3243 60 50
3244 60 50
3245 60 50
3246 60 50
3247 63 50
3248 63 50
3249 64 50
3250 64 50
3251 65 50
3252 67 50
3253 68 50
3254 68 50
3255 69 50
3256 69 50
3257 71 50
3258 71 50
3259 72 50
3260 72 50
3261 72 50
3262 72 50
3263 73 50
3264 73 50
3265 73 50
3266 74 50
3267 74 50
3268 74 50
3269 74 50
3270 75 50
3271 77 50
3272 78 50
3273 81 50
3274 83 50
3275 83 50
3276 83 50
3277 83 50
3278 83 50
3279 83 50
3280 83 50
3281 83 50
3282 83 50
3283 83 50
3284 84 50
3285 95 50
3286 95 50
3287 95 50
3288 95 50
3289 95 50
3290 95 50
3291 95 50
3292 95 50
3293 95 50
3294 95 50
3295 95 50
3296 95 50
3297 95 50
3298 95 50
3299 95 50
3300 95 50
3301 95 50
3302 95 50
3303 95 51
3304 95 51
3305 95 51
3306 95 51
3307 95 51
3308 95 51
3309 95 51
3310 95 51
3311 95 51
3312 95 51
3313 95 51
3314 95 51
3315 95 51
3316 95 51
3317 95 51
3318 96 51
3319 100 51
