0 0 0
1 0 0
2 0 0
3 0 0
4 0 0
5 0 0
6 0 0
7 0 0
8 0 0
9 0 0
10 0 0
11 0 0
12 0 0
13 0 0
14 0 0
15 0 0
16 0 0
17 0 0
18 0 0
19 0 0
20 0 0
21 0 0
22 0 0
23 0 0
24 0 0
25 0 0
26 0 0
27 0 0
28 0 0
29 0 0
30 0 0
31 0 0
32 0 0
33 0 0
34 0 0
35 0 0
36 0 0
37 0 0
38 0 0
39 0 0
40 0 0
41 0 0
42 0 0
43 0 0
44 0 0
45 0 0
46 0 0
47 0 0
48 0 0
49 0 0
50 0 0
51 0 0
52 0 0
53 0 0
54 0 0
55 0 0
56 0 0
57 0 0
58 0 0
59 0 0
60 0 0
61 0 0
62 0 0
63 0 0
64 0 0
65 0 0
66 0 0
67 0 0
68 0 0
69 0 0
70 0 0
71 0 0
72 0 0
73 0 0
74 0 0
75 0 0
76 0 0
77 0 0
78 0 0
79 0 0
80 0 0
81 0 0
82 0 0
83 0 0
84 0 0
85 0 0
86 0 0
87 0 0
88 0 0
89 0 0
90 0 0
91 0 0
92 0 0
93 0 0
94 0 0
95 0 0
96 0 0
97 0 0
98 0 0
99 0 0
100 0 0
101 0 0
102 0 0
103 0 0
104 0 0
105 0 0
106 0 0
107 0 0
108 0 0
109 0 0
110 0 0
111 0 0
112 0 0
113 0 0
114 0 0
115 0 0
116 0 0
117 0 0
118 0 0
119 0 0
120 0 0
121 0 0
122 0 0
123 0 0
124 0 0
125 0 0
126 0 0
127 0 0
128 0 0
129 0 0
130 0 0
131 0 0
132 0 0
133 0 0
134 0 0
135 0 0
136 0 0
137 0 0
138 0 0
139 0 0
140 0 0
141 0 0
142 0 0
143 0 0
144 0 0
145 0 0
146 0 0
147 0 0
148 0 0
149 0 0
150 0 0
151 0 0
152 0 0
153 0 0
154 0 0
155 0 0
156 0 0
157 0 0
158 0 0
159 0 0
160 0 0
161 0 0
162 0 0
163 0 0
164 0 0
165 0 0
166 0 0
167 0 0
168 0 0
169 0 0
170 0 0
171 0 0
172 0 0
173 0 0
174 0 0
175 0 0
176 0 0
177 0 0
178 0 0
179 0 0
180 0 0
181 0 0
182 0 0
183 0 0
184 0 0
185 0 0
186 0 0
187 0 0
188 0 0
189 0 0
190 0 0
191 0 0
192 0 0
193 0 0
194 0 0
195 0 0
196 0 0
197 0 0
198 0 0
199 0 0
200 0 0
201 0 0
202 0 0
203 0 0
204 0 0
205 0 0
206 0 0
207 0 0
208 0 0
209 0 0
210 0 0
211 0 0
212 0 0
213 0 0
214 0 0
215 0 0
216 0 0
217 0 0
218 0 0
219 0 0
220 0 0
221 0 0
222 0 0
223 0 0
224 0 0
225 0 0
226 0 0
227 0 0
228 0 0
229 0 0
230 0 0
231 0 0
232 0 0
233 0 0
234 0 0
235 0 0
236 0 0
237 0 0
238 0 0
239 0 0
240 0 0
241 0 0
242 0 0
243 0 0
244 0 0
245 0 0
246 0 0
247 0 0
248 0 0
249 0 0
250 0 0
251 0 0
252 0 0
253 0 0
254 0 0
255 0 0
256 0 0
257 0 0
258 0 0
259 0 0
260 0 0
261 0 0
262 0 0
263 0 0
264 0 0
265 0 0
266 0 0
267 0 0
268 0 0
269 0 0
270 0 0
271 0 0
272 0 0
273 0 0
274 0 0
275 0 0
276 0 0
277 0 0
278 0 0
279 0 0
280 0 0
281 0 0
282 0 0
283 0 0
284 0 0
285 0 0
286 0 0
287 0 0
288 0 0
289 0 0
290 0 0
291 0 0
292 0 0
293 0 0
294 0 0
295 0 0
296 0 0
297 0 0
298 0 0
299 0 0
300 0 0
301 0 0
302 0 0
303 0 0
304 0 0
305 0 0
306 0 0
307 0 0
308 0 0
309 0 0
310 0 0
311 0 0
312 0 0
313 0 0
314 0 0
315 0 0
316 0 0
317 0 0
318 0 0
319 0 0
320 0 0
321 0 0
322 0 0
323 0 0
324 0 0
325 0 0
326 0 0
327 0 0
328 0 0
329 0 0
330 0 0
331 0 0
332 0 0
333 0 0
334 0 0
335 0 0
336 0 0
337 0 0
338 0 0
339 0 0
340 0 0
341 0 0
342 0 0
343 0 0
344 0 0
345 0 0
346 0 0
347 0 0
348 0 0
349 0 0
350 0 0
351 0 0
352 0 0
353 0 0
354 0 0
355 0 0
356 0 0
357 0 0
358 0 0
359 0 0
360 0 0
361 0 0
362 0 0
363 0 0
364 0 0
365 0 0
366 0 0
367 0 0
368 0 0
369 0 0
370 0 0
371 0 0
372 0 0
373 0 0
374 0 0
375 0 0
376 0 0
377 0 0
378 0 0
379 0 0
380 0 0
381 0 0
382 0 0
383 0 0
384 0 0
385 0 0
386 0 0
387 0 0
388 0 0
389 0 0
390 0 0
391 0 0
392 0 0
393 0 0
394 0 1
395 0 1
396 0 1
397 0 1
398 0 1
399 0 1
400 0 1
401 0 1
402 0 1
403 0 1
404 0 1
405 0 1
406 0 1
407 0 1
408 0 1
409 0 1
410 0 1
411 0 1
412 0 1
413 0 1
414 0 1
415 0 1
416 0 1
417 0 1
418 0 1
419 0 1
420 0 1
421 0 1
422 0 1
423 0 1
424 0 1
425 0 1
426 0 1
427 0 1
428 0 1
429 0 1
430 0 1
431 0 1
432 0 1
433 0 1
434 0 1
435 0 1
436 0 1
437 0 1
438 0 1
439 0 1
440 0 1
441 0 1
442 0 1
443 0 1
444 0 1
445 0 1
446 0 1
447 0 1
448 0 1
449 0 1
450 0 1
451 0 1
452 0 1
453 0 1
454 0 1
455 0 1
456 0 1
457 0 1
458 0 1
459 0 1
460 0 1
461 0 1
462 0 1
463 0 1
464 0 1
465 0 1
466 0 1
467 0 1
468 0 1
469 0 1
470 0 1
471 0 1
472 0 1
473 0 1
474 0 1
475 0 1
476 0 1
477 0 1
478 0 1
479 0 1
480 0 1
481 0 1
482 0 1
483 0 1
484 0 1
485 0 1
486 0 1
487 0 1
488 0 1
489 0 1
490 0 1
491 0 1
492 0 1
493 0 1
494 0 1
495 0 1
496 0 1
497 0 1
498 0 1
499 0 1
500 0 1
501 0 1
502 0 1
503 0 1
504 0 1
505 0 1
506 0 1
507 0 1
508 0 1
509 0 1
510 0 1
511 0 1
512 0 1
513 0 1
514 0 1
515 0 1
516 0 1
517 0 1
518 0 1
519 0 1
520 0 1
521 0 1
522 0 1
523 0 1
524 0 1
525 0 1
526 0 1
527 0 1
528 0 1
529 0 1
530 0 1
531 0 1
532 0 1
533 0 1
534 0 0
535 0 0
536 0 0
537 0 0
538 0 0
539 0 0
540 0 0
541 0 0
542 0 0
543 0 0
544 0 0
545 0 0
546 0 0
547 0 0
548 0 0
549 0 0
550 0 0
551 0 0
552 0 0
553 0 0
554 0 0
555 0 0
556 0 0
557 0 0
558 0 0
559 0 0
560 0 0
561 0 0
562 0 0
563 0 0
564 0 0
565 0 0
566 0 0
567 0 0
568 0 0
569 0 0
570 0 0
571 0 0
572 0 0
573 0 0
574 0 0
575 0 0
576 0 0
577 0 0
578 0 0
579 0 0
580 0 0
581 0 0
582 0 0
583 0 0
584 0 0
585 0 0
586 0 0
587 0 0
588 0 0
589 0 0
590 0 0
591 0 0
592 0 0
593 0 0
594 0 0
595 0 0
596 0 0
597 0 0
598 0 0
599 0 0
600 0 0
601 0 0
602 0 0
603 0 0
604 0 0
605 0 0
606 0 0
607 0 0
608 0 0
609 0 0
610 0 0
611 0 0
612 0 0
613 0 0
614 0 0
615 0 0
616 0 0
617 0 0
618 0 0
619 0 0
620 0 0
621 0 0
622 0 0
623 0 0
624 0 0
625 0 0
626 0 0
627 0 0
628 0 0
629 0 0
630 0 0
631 0 0
632 0 0
633 0 0
634 0 0
635 0 0
636 0 0
637 0 0
638 0 0
639 0 0
640 0 0
641 0 0
642 0 0
643 0 0
644 0 0
645 0 0
646 0 0
647 0 0
648 0 0
649 0 0
650 0 0
651 0 0
652 0 0
653 0 0
654 0 0
655 0 0
656 0 0
657 0 1
658 0 1
659 0 1
660 0 1
661 0 1
662 0 1
663 0 1
664 0 1
665 0 1
666 0 1
667 0 1
668 0 1
669 0 1
670 0 1
671 0 1
672 0 1
673 0 1
674 0 1
675 0 1
676 0 1
677 0 1
678 0 1
679 0 1
680 0 1
681 0 1
682 0 1
683 0 1
684 0 1
685 0 1
686 0 1
687 0 1
688 0 1
689 0 1
690 0 1
691 0 1
692 0 1
693 0 1
694 0 1
695 0 1
696 0 1
697 0 1
698 0 1
699 0 1
700 0 1
701 0 1
702 0 1
703 0 1
704 0 1
705 0 1
706 0 1
707 0 1
708 0 1
709 0 1
710 0 1
711 0 1
712 0 1
713 0 1
714 0 1
715 0 1
716 0 1
717 0 1
718 0 1
719 0 1
720 0 1
721 0 1
722 0 1
723 0 1
724 0 1
725 0 1
726 0 1
727 0 1
728 0 1
729 0 1
730 0 1
731 0 1
732 0 1
733 0 1
734 0 1
735 0 1
736 0 1
737 0 1
738 0 1
739 0 1
740 0 1
741 0 1
742 0 1
743 0 1
744 0 1
745 0 1
746 0 1
747 0 1
748 0 1
749 0 1
750 0 1
751 0 1
752 0 1
753 0 1
754 0 1
755 0 1
756 0 1
757 0 1
758 0 1
759 0 1
760 0 1
761 0 1
762 0 1
763 0 1
764 0 1
765 0 1
766 0 1
767 0 1
768 0 1
769 0 1
770 0 1
771 0 1
772 0 1
773 0 1
774 0 1
775 0 1
776 0 1
777 0 1
778 0 1
779 0 1
780 0 1
781 0 1
782 0 1
783 0 1
784 0 1
785 0 1
786 0 1
787 0 1
788 0 1
789 0 1
790 0 1
791 0 1
792 0 1
793 0 1
794 0 1
795 0 1
796 0 1
797 0 1
798 0 1
799 0 1
800 0 1
801 0 1
802 0 1
803 0 1
804 0 1
805 0 1
806 0 1
807 0 1
808 0 1
809 0 1
810 0 1
811 0 1
812 0 1
813 0 1
814 0 1
815 0 2
816 0 2
817 0 2
818 0 2
819 0 2
820 0 1
821 0 1
822 0 1
823 0 2
824 0 2
825 0 2
826 0 2
827 0 2
828 0 2
829 0 2
830 0 2
831 0 2
832 0 2
833 0 2
834 0 2
835 0 2
836 0 2
837 0 2
838 0 2
839 0 2
840 0 2
841 0 2
842 0 2
843 0 2
844 0 2
845 0 2
846 0 2
847 0 2
848 0 2
849 0 2
850 0 2
851 0 2
852 0 2
853 0 2
854 0 2
855 0 2
856 0 2
857 0 2
858 0 2
859 0 2
860 0 2
861 0 2
862 0 2
863 0 2
864 0 2
865 0 2
866 0 2
867 0 2
868 0 2
869 0 2
870 0 2
871 0 2
872 0 2
873 0 2
874 0 2
875 0 2
876 0 2
877 0 2
878 0 2
879 0 2
880 0 2
881 0 2
882 0 2
883 0 2
884 0 2
885 0 2
886 0 2
887 0 2
888 0 2
889 0 2
890 0 2
891 0 2
892 0 2
893 0 2
894 0 2
895 0 2
896 0 2
897 0 2
898 0 2
899 0 2
900 0 2
901 0 2
902 0 2
903 0 2
904 0 2
905 0 2
906 0 2
907 1 2
908 1 2
909 1 2
910 1 2
911 1 2
912 1 2
913 1 2
914 1 2
915 1 2
916 1 2
917 1 2
918 1 2
919 1 2
920 1 2
921 1 2
922 1 2
923 1 2
924 1 2
925 1 2
926 1 2
927 1 2
928 1 2
929 1 2
930 1 2
931 1 2
932 1 2
933 1 2
934 1 2
935 1 2
936 1 2
937 1 2
938 1 2
939 1 2
940 1 2
941 1 2
942 1 2
943 1 2
944 1 2
945 1 2
946 1 2
947 1 2
948 1 2
949 1 2
950 1 2
951 1 2
952 1 2
953 1 2
954 1 2
955 1 2
956 1 2
957 1 2
958 1 1
959 1 1
960 1 1
961 1 1
962 1 1
963 1 1
964 1 1
965 1 2
966 1 2
967 1 2
968 1 2
969 1 2
970 1 2
971 1 2
972 1 2
973 1 2
974 1 2
975 1 2
976 1 2
977 1 2
978 1 2
979 1 2
980 1 2
981 1 2
982 1 2
983 1 2
984 1 2
985 1 2
986 1 2
987 1 2
988 1 2
989 1 2
990 1 2
991 1 2
992 1 2
993 1 2
994 1 2
995 1 2
996 1 2
997 1 2
998 1 2
999 1 2
1000 1 2
1001 1 2
1002 1 2
1003 1 2
1004 1 2
1005 1 2
1006 1 2
1007 1 2
1008 1 2
1009 1 2
1010 1 2
1011 1 2
1012 1 2
1013 1 2
1014 1 2
1015 1 2
1016 1 2
1017 1 2
1018 1 2
1019 1 2
1020 1 2
1021 1 2
1022 1 2
1023 1 2
1024 1 2
1025 1 2
1026 1 2
1027 1 2
1028 1 2
1029 1 2
1030 1 2
1031 1 2
1032 1 2
1033 1 2
1034 1 2
1035 1 2
1036 1 2
1037 1 2
1038 1 2
1039 1 2
1040 1 2
1041 1 2
1042 1 2
1043 1 2
1044 1 2
1045 1 2
1046 1 2
1047 1 2
1048 1 2
1049 1 2
1050 1 2
1051 1 2
1052 1 2
1053 1 2
1054 1 2
1055 1 2
1056 1 2
1057 1 2
1058 1 2
1059 1 2
1060 1 2
1061 1 2
1062 1 2
1063 1 2
1064 1 2
1065 1 2
1066 1 2
1067 1 2
1068 1 2
1069 1 1
1070 1 1
1071 1 1
1072 1 1
1073 1 1
1074 1 1
1075 1 1
1076 1 1
1077 1 1
1078 1 1
1079 1 1
1080 1 1
1081 1 1
1082 1 1
1083 1 1
1084 1 1
1085 1 1
1086 1 1
1087 1 1
1088 1 1
1089 1 1
1090 1 1
1091 1 1
1092 1 1
1093 1 1
1094 1 1
1095 1 1
1096 1 1
1097 1 1
1098 1 1
1099 1 1
1100 1 1
1101 1 1
1102 1 1
1103 1 1
1104 1 1
1105 1 1
1106 1 1
1107 1 1
1108 1 1
1109 1 1
1110 1 1
1111 1 1
1112 1 1
1113 1 1
1114 1 1
1115 1 1
1116 1 1
1117 1 1
1118 1 1
1119 1 1
1120 1 1
1121 1 1
1122 1 1
1123 1 1
1124 1 1
1125 1 1
1126 1 1
1127 1 1
1128 1 1
1129 1 1
1130 1 1
1131 1 1
1132 1 1
1133 1 1
1134 1 1
1135 1 1
1136 1 2
1137 1 2
1138 1 2
1139 1 2
1140 1 2
1141 1 2
1142 1 2
1143 1 2
1144 1 2
1145 1 2
1146 1 2
1147 1 2
1148 1 2
1149 1 2
1150 1 2
1151 1 2
1152 1 2
1153 1 2
1154 1 2
1155 1 2
1156 1 2
1157 1 2
1158 1 2
1159 1 2
1160 1 2
1161 1 2
1162 1 2
1163 1 2
1164 1 2
1165 1 2
1166 1 2
1167 1 2
1168 1 2
1169 1 2
1170 1 2
1171 1 2
1172 1 2
1173 1 2
1174 1 2
1175 1 2
1176 1 2
1177 1 2
1178 1 2
1179 1 2
1180 1 2
1181 1 2
1182 1 2
1183 1 2
1184 1 2
1185 1 2
1186 1 2
1187 1 2
1188 1 2
1189 1 2
1190 1 2
1191 1 2
1192 1 2
1193 1 2
1194 1 2
1195 1 2
1196 1 2
1197 1 2
1198 1 2
1199 1 2
1200 1 2
1201 1 2
1202 1 2
1203 1 2
1204 1 2
1205 1 2
1206 1 2
1207 1 2
1208 1 2
1209 1 2
1210 1 2
1211 1 2
1212 1 2
1213 1 2
1214 1 2
1215 1 2
1216 1 2
1217 1 2
1218 1 2
1219 1 2
1220 1 2
1221 1 2
1222 1 2
1223 1 2
1224 1 2
1225 1 2
1226 1 2
1227 1 2
1228 1 2
1229 1 2
1230 1 2
1231 1 2
1232 1 2
1233 1 2
1234 1 2
1235 1 2
1236 1 3
1237 1 3
1238 1 3
1239 1 3
1240 1 3
1241 1 3
1242 1 3
1243 1 3
1244 1 3
1245 1 3
1246 1 3
1247 1 3
1248 1 3
1249 1 3
1250 1 3
1251 1 3
1252 1 3
1253 1 3
1254 1 3
1255 1 3
1256 1 3
1257 1 3
1258 1 3
1259 1 3
1260 1 3
1261 1 3
1262 1 3
1263 1 3
1264 1 3
1265 1 3
1266 1 3
1267 1 3
1268 1 3
1269 1 3
1270 1 3
1271 1 3
1272 1 3
1273 1 3
1274 1 3
1275 1 3
1276 1 3
1277 1 3
1278 1 3
1279 1 3
1280 1 3
1281 1 3
1282 1 3
1283 1 3
1284 1 3
1285 1 3
1286 1 3
1287 1 3
1288 1 3
1289 1 3
1290 1 3
1291 1 3
1292 2 3
1293 2 3
1294 2 3
1295 2 3
1296 2 3
1297 2 3
1298 2 3
1299 2 3
1300 2 3
1301 2 3
1302 2 3
1303 2 3
1304 2 3
1305 2 3
1306 2 3
1307 2 3
1308 2 3
1309 2 3
1310 2 3
1311 2 3
1312 2 3
1313 2 3
1314 2 3
1315 2 3
1316 2 3
1317 2 3
1318 2 3
1319 2 3
1320 2 3
1321 2 3
1322 2 3
1323 2 3
1324 2 3
1325 2 3
1326 2 3
1327 2 3
1328 2 3
1329 2 3
1330 2 3
1331 2 3
1332 2 3
1333 2 3
1334 2 3
1335 2 3
1336 2 3
1337 2 3
1338 2 3
1339 2 3
1340 2 3
1341 2 3
1342 2 3
1343 2 3
1344 2 3
1345 2 3
1346 2 3
1347 2 3
1348 2 3
1349 2 3
1350 2 3
1351 2 4
1352 2 4
1353 2 4
1354 2 4
1355 2 4
1356 2 4
1357 2 4
1358 2 4
1359 2 4
1360 2 4
1361 2 4
1362 2 4
1363 2 4
1364 2 4
1365 2 4
1366 2 4
1367 2 4
1368 2 4
1369 2 4
1370 2 4
1371 2 4
1372 2 4
1373 2 4
1374 2 4
1375 2 4
1376 2 4
1377 2 4
1378 2 4
1379 2 4
1380 2 4
1381 2 4
1382 2 4
1383 2 4
1384 2 4
1385 2 4
1386 2 4
1387 2 4
1388 2 4
1389 2 4
1390 2 4
1391 2 4
1392 2 4
1393 2 4
1394 2 4
1395 2 4
1396 2 4
1397 2 4
1398 2 4
1399 2 4
1400 2 4
1401 2 4
1402 2 4
1403 2 4
1404 2 4
1405 2 4
1406 2 4
1407 2 4
1408 2 4
1409 2 4
1410 2 4
1411 2 4
1412 2 4
1413 2 5
1414 2 5
1415 2 5
1416 2 5
1417 2 5
1418 2 5
1419 2 5
1420 2 5
1421 2 5
1422 2 5
1423 2 5
1424 2 5
1425 2 5
1426 2 5
1427 2 5
1428 2 5
1429 2 5
1430 2 5
1431 2 5
1432 2 5
1433 2 5
1434 2 5
1435 2 5
1436 2 5
1437 2 5
1438 2 5
1439 2 5
1440 2 5
1441 2 5
1442 2 5
1443 2 5
1444 2 5
1445 2 5
1446 2 5
1447 2 5
1448 2 5
1449 2 5
1450 2 5
1451 2 5
1452 2 5
1453 2 5
1454 2 5
1455 2 5
1456 2 5
1457 2 5
1458 2 5
1459 2 5
1460 2 5
1461 2 5
1462 2 5
1463 2 5
1464 2 5
1465 2 5
1466 2 5
1467 2 5
1468 2 5
1469 2 5
1470 2 5
1471 2 5
1472 2 5
1473 2 5
1474 2 6
1475 2 6
1476 2 5
1477 2 5
1478 2 5
1479 2 5
1480 2 5
1481 2 5
1482 2 5
1483 2 5
1484 2 5
1485 2 5
1486 2 6
1487 2 6
1488 2 6
1489 2 6
1490 2 6
1491 2 6
1492 2 6
1493 2 6
1494 2 6
1495 2 6
1496 2 6
1497 2 6
1498 2 6
1499 2 6
1500 2 6
1501 2 6
1502 2 6
1503 2 6
1504 2 6
1505 2 6
1506 2 6
1507 2 6
1508 2 6
1509 2 6
1510 2 6
1511 2 6
1512 2 6
1513 2 6
1514 2 5
1515 2 5
1516 2 5
1517 2 5
1518 2 5
1519 2 5
1520 2 5
1521 2 5
1522 2 5
1523 2 6
1524 2 6
1525 2 6
1526 2 6
1527 2 6
1528 2 6
1529 2 6
1530 2 6
1531 2 6
1532 2 6
1533 2 6
1534 2 6
1535 2 6
1536 2 6
1537 2 6
1538 2 6
1539 2 6
1540 2 6
1541 2 6
1542 2 6
1543 2 6
1544 2 6
1545 2 6
1546 2 6
1547 2 6
1548 2 6
1549 2 6
1550 2 6
1551 2 6
1552 2 6
1553 2 6
1554 2 6
1555 2 6
1556 2 6
1557 2 6
1558 2 6
1559 2 6
1560 2 6
1561 2 6
1562 2 6
1563 2 7
1564 2 7
1565 2 7
1566 2 7
1567 2 7
1568 2 7
1569 2 7
1570 2 7
1571 2 7
1572 2 7
1573 2 7
1574 2 7
1575 2 7
1576 2 7
1577 2 7
1578 2 7
1579 2 7
1580 2 7
1581 2 7
1582 2 7
1583 2 7
1584 3 7
1585 3 7
1586 3 7
1587 3 7
1588 3 7
1589 3 7
1590 3 7
1591 3 7
1592 3 7
1593 3 7
1594 3 7
1595 3 7
1596 3 7
1597 3 7
1598 3 7
1599 3 7
1600 3 7
1601 3 7
1602 3 7
1603 3 7
1604 3 7
1605 3 7
1606 3 7
1607 3 7
1608 3 7
1609 3 7
1610 3 7
1611 3 7
1612 3 7
1613 3 7
1614 3 7
1615 3 7
1616 3 7
1617 3 7
1618 3 7
1619 3 7
1620 3 7
1621 3 8
1622 3 8
1623 3 8
1624 3 8
1625 3 8
1626 3 8
1627 3 8
1628 3 8
1629 3 8
1630 3 8
1631 3 8
1632 3 8
1633 3 8
1634 3 8
1635 3 8
1636 3 8
1637 3 8
1638 3 8
1639 3 8
1640 3 8
1641 3 8
1642 3 8
1643 3 8
1644 3 8
1645 3 8
1646 3 8
1647 3 8
1648 3 8
1649 3 8
1650 3 8
1651 3 8
1652 3 8
1653 3 8
1654 3 8
1655 3 8
1656 3 8
1657 3 8
1658 3 8
1659 3 8
1660 3 8
1661 3 8
1662 3 8
1663 3 8
1664 3 8
1665 3 8
1666 3 8
1667 3 8
1668 3 8
1669 3 8
1670 3 8
1671 3 8
1672 3 8
1673 3 8
1674 3 8
1675 3 8
1676 3 8
1677 3 8
1678 3 8
1679 3 8
1680 3 8
1681 3 8
1682 3 8
1683 3 8
1684 3 8
1685 3 8
1686 3 8
1687 3 8
1688 3 8
1689 3 8
1690 3 8
1691 3 8
1692 3 8
1693 3 8
1694 3 8
1695 3 8
1696 3 8
1697 3 8
1698 3 8
1699 3 8
1700 3 8
1701 3 8
1702 3 8
1703 3 8
1704 3 8
1705 3 8
1706 3 8
1707 3 8
1708 3 8
1709 3 8
1710 3 8
1711 3 8
1712 3 8
1713 3 8
1714 3 8
1715 3 8
1716 3 8
1717 3 8
1718 3 8
1719 3 8
1720 3 8
1721 3 8
1722 3 8
1723 3 8
1724 3 8
1725 3 8
1726 3 8
1727 3 9
1728 3 9
1729 3 9
1730 3 9
1731 3 9
1732 3 9
1733 3 9
1734 3 9
1735 3 9
1736 3 9
1737 3 9
1738 3 9
1739 3 9
1740 3 9
1741 3 9
1742 3 9
1743 3 9
1744 3 10
1745 3 10
1746 3 10
1747 3 10
1748 3 10
1749 3 10
1750 3 10
1751 3 10
1752 3 10
1753 3 10
1754 3 10
1755 3 10
1756 3 10
1757 3 10
1758 3 10
1759 3 10
1760 3 10
1761 3 11
1762 3 11
1763 3 11
1764 3 11
1765 3 11
1766 3 11
1767 3 11
1768 3 11
1769 3 11
1770 3 11
1771 3 11
1772 3 11
1773 3 11
1774 3 11
1775 3 11
1776 3 11
1777 3 11
1778 3 11
1779 3 11
1780 3 11
1781 3 11
1782 3 11
1783 3 11
1784 3 11
1785 3 11
1786 3 12
1787 3 12
1788 3 12
1789 3 12
1790 3 12
1791 3 12
1792 3 12
1793 3 12
1794 3 12
1795 3 12
1796 3 12
1797 3 12
1798 3 12
1799 3 12
1800 3 12
1801 3 12
1802 3 12
1803 3 12
1804 3 12
1805 3 12
1806 3 12
1807 3 12
1808 3 12
1809 4 12
1810 4 12
1811 4 12
1812 4 12
1813 4 12
1814 4 12
1815 4 12
1816 4 12
1817 4 12
1818 4 12
1819 4 12
1820 4 12
1821 4 12
1822 4 12
1823 4 12
1824 4 12
1825 4 12
1826 4 12
1827 4 12
1828 4 12
1829 4 12
1830 4 12
1831 4 12
1832 4 13
1833 4 13
1834 4 13
1835 4 13
1836 4 13
1837 4 13
1838 4 13
1839 4 13
1840 4 13
1841 4 13
1842 4 13
1843 4 13
1844 4 13
1845 4 13
1846 4 13
1847 4 13
1848 4 13
1849 4 13
1850 4 13
1851 4 13
1852 4 13
1853 4 13
1854 4 13
1855 4 13
1856 4 13
1857 4 13
1858 4 13
1859 4 13
1860 4 13
1861 4 13
1862 4 13
1863 4 13
1864 4 13
1865 4 13
1866 4 13
1867 4 13
1868 4 13
1869 4 13
1870 4 14
1871 4 14
1872 4 14
1873 4 14
1874 4 14
1875 4 14
1876 4 14
1877 4 14
1878 4 14
1879 4 14
1880 4 14
1881 4 14
1882 4 14
1883 4 14
1884 4 14
1885 4 14
1886 4 14
1887 4 14
1888 4 14
1889 4 14
1890 4 14
1891 4 14
1892 4 14
1893 4 14
1894 4 14
1895 4 14
1896 4 14
1897 4 14
1898 4 14
1899 4 14
1900 4 14
1901 4 14
1902 4 14
1903 4 14
1904 4 14
1905 4 14
1906 4 14
1907 4 14
1908 4 15
1909 4 15
1910 4 15
1911 4 15
1912 4 15
1913 4 15
1914 4 15
1915 4 15
1916 4 15
1917 4 15
1918 4 15
1919 4 15
1920 4 15
1921 4 15
1922 4 15
1923 4 15
1924 4 15
1925 4 15
1926 4 15
1927 4 15
1928 4 15
1929 4 15
1930 4 15
1931 4 15
1932 4 15
1933 4 15
1934 4 15
1935 4 15
1936 4 15
1937 4 16
1938 4 16
1939 4 16
1940 4 16
1941 4 16
1942 4 16
1943 4 16
1944 4 16
1945 4 16
1946 4 16
1947 4 16
1948 4 16
1949 4 16
1950 4 17
1951 4 17
1952 4 17
1953 4 17
1954 5 17
1955 5 17
1956 5 17
1957 5 17
1958 5 17
1959 5 17
1960 5 17
1961 5 17
1962 5 17
1963 5 17
1964 5 17
1965 5 17
1966 5 17
1967 5 17
1968 5 17
1969 5 17
1970 5 17
1971 5 17
1972 5 17
1973 5 17
1974 5 17
1975 5 17
1976 5 17
1977 5 17
1978 5 17
1979 5 17
1980 5 17
1981 5 17
1982 5 17
1983 5 17
1984 5 17
1985 5 17
1986 5 17
1987 5 17
1988 5 17
1989 5 17
1990 5 17
1991 5 17
1992 5 17
1993 5 17
1994 5 17
1995 5 17
1996 5 17
1997 5 17
1998 5 17
1999 5 17
2000 5 17
2001 5 17
2002 5 17
2003 5 17
2004 5 17
2005 5 17
2006 5 17
2007 5 17
2008 5 17
2009 5 17
2010 5 17
2011 5 17
2012 5 17
2013 5 17
2014 5 17
2015 5 17
2016 5 17
2017 5 17
2018 5 17
2019 5 17
2020 5 17
2021 5 17
2022 5 17
2023 5 17
2024 5 17
2025 5 17
2026 5 17
2027 5 17
2028 5 17
2029 5 17
2030 5 17
2031 5 17
2032 5 17
2033 5 18
2034 5 18
2035 5 18
2036 5 18
2037 5 18
2038 5 18
2039 5 18
2040 5 18
2041 5 18
2042 5 18
2043 5 18
2044 5 18
2045 5 18
2046 5 18
2047 5 18
2048 5 18
2049 5 18
2050 5 18
2051 5 18
2052 5 18
2053 5 18
2054 5 18
2055 5 18
2056 5 18
2057 5 18
2058 5 18
2059 5 18
2060 5 18
2061 5 19
2062 5 19
2063 5 19
2064 5 19
2065 5 19
2066 5 19
2067 5 19
2068 5 19
2069 5 19
2070 5 19
2071 5 19
2072 5 19
2073 5 19
2074 5 19
2075 5 19
2076 5 19
2077 5 19
2078 5 19
2079 5 19
2080 5 19
2081 5 19
2082 5 19
2083 5 19
2084 5 19
2085 5 19
2086 5 19
2087 5 19
2088 5 19
2089 5 19
2090 5 19
2091 5 19
2092 5 20
2093 5 20
2094 5 20
2095 5 20
2096 5 20
2097 5 20
2098 5 20
2099 5 20
2100 5 20
2101 5 20
2102 5 20
2103 5 20
2104 5 20
2105 5 20
2106 5 20
2107 5 20
2108 5 20
2109 5 20
2110 5 20
2111 5 20
2112 5 20
2113 5 20
2114 5 20
2115 5 20
2116 5 20
2117 5 20
2118 5 20
2119 5 20
2120 5 20
2121 5 20
2122 5 20
2123 6 20
2124 6 20
2125 6 20
2126 6 20
2127 6 20
2128 6 20
2129 6 20
2130 6 20
2131 6 20
2132 6 21
2133 6 21
2134 6 21
2135 6 21
2136 6 21
2137 6 21
2138 6 21
2139 6 21
2140 6 21
2141 6 21
2142 6 21
2143 6 21
2144 6 21
2145 6 21
2146 6 21
2147 6 21
2148 6 21
2149 6 21
2150 6 21
2151 6 21
2152 6 21
2153 6 21
2154 6 21
2155 6 21
2156 6 21
2157 6 21
2158 6 21
2159 6 22
2160 6 22
2161 6 22
2162 6 22
2163 6 22
2164 6 22
2165 6 22
2166 6 22
2167 6 22
2168 6 22
2169 6 22
2170 6 22
2171 6 22
2172 6 22
2173 6 22
2174 6 22
2175 6 22
2176 6 22
2177 6 22
2178 6 22
2179 6 22
2180 6 22
2181 6 22
2182 6 22
2183 6 22
2184 6 22
2185 6 22
2186 6 22
2187 6 22
2188 6 22
2189 6 23
2190 6 23
2191 6 23
2192 6 23
2193 6 23
2194 6 23
2195 6 23
2196 6 23
2197 6 23
2198 6 23
2199 6 23
2200 6 23
2201 6 23
2202 6 23
2203 6 23
2204 6 23
2205 6 23
2206 6 23
2207 6 23
2208 6 23
2209 6 23
2210 6 23
2211 6 23
2212 6 23
2213 6 23
2214 6 23
2215 6 23
2216 6 23
2217 6 23
2218 6 23
2219 6 23
2220 6 24
2221 6 24
2222 6 24
2223 6 24
2224 6 24
2225 6 24
2226 6 24
2227 6 24
2228 6 24
2229 6 24
2230 6 24
2231 6 24
2232 6 24
2233 6 24
2234 6 24
2235 6 24
2236 6 24
2237 6 24
2238 6 24
2239 6 24
2240 6 24
2241 6 24
2242 6 24
2243 6 24
2244 7 24
2245 7 24
2246 7 24
2247 7 24
2248 7 24
2249 7 24
2250 7 24
2251 7 24
2252 7 24
2253 7 24
2254 7 24
2255 7 24
2256 7 24
2257 7 24
2258 7 24
2259 7 24
2260 7 24
2261 7 24
2262 7 24
2263 7 24
2264 7 24
2265 7 24
2266 7 24
2267 7 24
2268 7 24
2269 7 24
2270 7 24
2271 7 24
2272 7 24
2273 7 24
2274 7 24
2275 7 24
2276 7 24
2277 7 24
2278 7 25
2279 7 25
2280 7 25
2281 7 25
2282 7 25
2283 7 25
2284 7 25
2285 7 25
2286 7 25
2287 7 25
2288 7 25
2289 7 25
2290 7 25
2291 7 25
2292 7 25
2293 7 25
2294 7 25
2295 7 25
2296 7 25
2297 7 25
2298 7 25
2299 7 25
2300 7 25
2301 7 25
2302 7 25
2303 7 25
2304 7 25
2305 7 26
2306 7 26
2307 7 26
2308 7 26
2309 7 26
2310 7 26
2311 7 26
2312 7 26
2313 7 26
2314 7 26
2315 7 26
2316 7 26
2317 7 26
2318 7 26
2319 7 26
2320 7 26
2321 7 26
2322 7 26
2323 7 26
2324 7 26
2325 7 26
2326 7 26
2327 7 26
2328 7 26
2329 7 26
2330 7 26
2331 7 26
2332 7 26
2333 7 26
2334 7 26
2335 7 26
2336 7 26
2337 7 26
2338 7 26
2339 7 26
2340 7 26
2341 7 26
2342 7 26
2343 7 26
2344 7 26
2345 7 27
2346 8 27
2347 8 27
2348 8 27
2349 8 27
2350 8 27
2351 8 27
2352 8 27
2353 8 27
2354 8 27
2355 8 27
2356 8 27
2357 8 27
2358 8 27
2359 8 27
2360 8 27
2361 8 27
2362 8 27
2363 8 27
2364 8 27
2365 8 27
2366 8 27
2367 8 27
2368 8 27
2369 8 27
2370 8 27
2371 8 27
2372 8 27
2373 8 27
2374 8 27
2375 8 27
2376 8 27
2377 8 27
2378 8 27
2379 8 27
2380 8 27
2381 8 27
2382 8 27
2383 8 27
2384 8 27
2385 8 27
2386 8 27
2387 8 27
2388 8 27
2389 8 27
2390 8 27
2391 8 27
2392 8 27
2393 8 27
2394 8 27
2395 8 27
2396 8 27
2397 8 27
2398 8 27
2399 8 27
2400 8 27
2401 8 28
2402 8 28
2403 8 28
2404 8 28
2405 8 28
2406 8 28
2407 8 28
2408 8 28
2409 8 28
2410 8 28
2411 8 28
2412 8 28
2413 8 28
2414 8 28
2415 8 28
2416 8 28
2417 8 28
2418 8 28
2419 8 28
2420 8 28
2421 8 28
2422 8 28
2423 8 28
2424 8 28
2425 8 28
2426 8 28
2427 8 28
2428 8 28
2429 8 28
2430 8 29
2431 8 29
2432 8 29
2433 8 29
2434 8 29
2435 8 29
2436 8 29
2437 8 29
2438 9 29
2439 9 29
2440 9 29
2441 9 29
2442 9 29
2443 9 29
2444 9 29
2445 9 29
2446 9 29
2447 9 29
2448 9 29
2449 9 29
2450 9 29
2451 9 30
2452 9 30
2453 9 30
2454 9 30
2455 9 30
2456 9 30
2457 9 30
2458 9 30
2459 9 30
2460 9 30
2461 9 30
2462 9 30
2463 9 30
2464 9 30
2465 9 30
2466 9 30
2467 9 30
2468 9 30
2469 9 30
2470 9 30
2471 9 30
2472 9 30
2473 9 30
2474 9 30
2475 9 30
2476 9 30
2477 9 30
2478 9 30
2479 9 30
2480 9 30
2481 9 30
2482 9 30
2483 9 30
2484 9 30
2485 9 30
2486 9 30
2487 9 30
2488 9 30
2489 9 30
2490 9 30
2491 9 30
2492 9 30
2493 9 30
2494 9 30
2495 9 30
2496 9 30
2497 9 30
2498 9 30
2499 9 30
2500 9 30
2501 10 31
2502 10 31
2503 10 31
2504 10 31
2505 10 31
2506 10 31
2507 10 31
2508 10 31
2509 10 31
2510 10 31
2511 10 31
2512 10 31
2513 10 31
2514 10 31
2515 10 31
2516 10 31
2517 10 31
2518 10 31
2519 10 31
2520 10 31
2521 10 31
2522 10 31
2523 10 31
2524 10 31
2525 10 31
2526 10 31
2527 10 31
2528 10 31
2529 10 31
2530 10 31
2531 10 31
2532 10 31
2533 10 31
2534 10 31
2535 10 31
2536 10 31
2537 10 31
2538 10 31
2539 10 31
2540 10 32
2541 10 32
2542 10 32
2543 10 32
2544 10 32
2545 10 32
2546 10 32
2547 10 32
2548 10 32
2549 10 32
2550 10 32
2551 10 32
2552 10 32
2553 10 32
2554 10 32
2555 10 32
2556 10 32
2557 10 32
2558 10 32
2559 10 32
2560 10 32
2561 10 32
2562 10 32
2563 10 32
2564 10 32
2565 10 32
2566 10 32
2567 10 32
2568 10 32
2569 10 32
2570 10 32
2571 10 32
2572 10 32
2573 10 32
2574 10 32
2575 10 32
2576 10 32
2577 11 32
2578 11 32
2579 11 32
2580 11 32
2581 11 32
2582 11 32
2583 11 32
2584 11 33
2585 11 33
2586 11 33
2587 11 33
2588 11 33
2589 11 33
2590 11 33
2591 11 33
2592 11 33
2593 11 33
2594 11 33
2595 11 33
2596 11 33
2597 11 33
2598 11 33
2599 11 33
2600 11 33
2601 11 33
2602 11 33
2603 11 33
2604 11 33
2605 11 33
2606 11 33
2607 11 33
2608 11 33
2609 11 33
2610 11 33
2611 11 33
2612 11 33
2613 11 33
2614 11 33
2615 11 33
2616 11 33
2617 11 33
2618 11 33
2619 11 33
2620 11 33
2621 11 33
2622 11 33
2623 11 33
2624 11 33
2625 11 33
2626 11 33
2627 11 33
2628 11 33
2629 11 33
2630 11 33
2631 11 33
2632 11 33
2633 11 33
2634 11 33
2635 11 34
2636 11 34
2637 12 34
2638 12 34
2639 12 34
2640 12 34
2641 12 34
2642 12 34
2643 12 34
2644 12 34
2645 12 34
2646 12 34
2647 12 34
2648 12 34
2649 12 34
2650 12 34
2651 12 34
2652 12 34
2653 12 34
2654 12 34
2655 12 34
2656 12 34
2657 12 34
2658 12 35
2659 12 35
2660 12 35
2661 12 35
2662 12 35
2663 12 35
2664 12 35
2665 12 35
2666 12 35
2667 12 35
2668 12 35
2669 12 35
2670 12 35
2671 12 35
2672 12 35
2673 12 35
2674 12 35
2675 12 35
2676 12 35
2677 12 35
2678 12 35
2679 12 35
2680 12 35
2681 12 35
2682 12 35
2683 12 35
2684 12 35
2685 13 35
2686 13 35
2687 13 35
2688 13 35
2689 13 35
2690 13 35
2691 13 35
2692 13 35
2693 13 35
2694 13 35
2695 13 35
2696 13 35
2697 13 35
2698 13 35
2699 13 35
2700 13 35
2701 13 35
2702 13 35
2703 13 35
2704 13 35
2705 13 35
2706 13 35
2707 13 35
2708 13 35
2709 13 35
2710 13 36
2711 13 36
2712 13 35
2713 13 35
2714 13 35
2715 13 35
2716 13 35
2717 13 35
2718 13 35
2719 13 35
2720 13 35
2721 13 35
2722 13 35
2723 13 35
2724 13 35
2725 13 35
2726 13 35
2727 13 35
2728 13 35
2729 13 35
2730 13 35
2731 13 35
2732 13 35
2733 13 35
2734 13 35
2735 13 36
2736 13 36
2737 13 36
2738 13 36
2739 13 36
2740 13 36
2741 13 36
2742 13 36
2743 13 36
2744 13 36
2745 13 36
2746 13 36
2747 13 36
2748 13 36
2749 13 36
2750 13 36
2751 13 36
2752 13 36
2753 13 36
2754 13 36
2755 13 36
2756 13 36
2757 13 36
2758 13 36
2759 13 36
2760 13 36
2761 14 36
2762 14 36
2763 14 36
2764 14 36
2765 14 36
2766 14 36
2767 14 36
2768 14 36
2769 14 36
2770 14 36
2771 14 36
2772 14 36
2773 14 36
2774 14 36
2775 14 36
2776 14 36
2777 14 36
2778 14 36
2779 14 36
2780 14 36
2781 14 36
2782 14 36
2783 14 36
2784 15 36
2785 15 36
2786 15 37
2787 15 37
2788 15 37
2789 15 37
2790 15 37
2791 15 37
2792 15 37
2793 15 37
2794 15 37
2795 15 37
2796 15 37
2797 15 37
2798 15 37
2799 15 37
2800 15 37
2801 15 37
2802 15 37
2803 15 37
2804 15 37
2805 15 37
2806 15 37
2807 15 37
2808 15 37
2809 15 37
2810 15 37
2811 15 37
2812 15 37
2813 15 37
2814 15 38
2815 15 37
2816 15 38
2817 15 38
2818 15 38
2819 15 38
2820 16 38
2821 16 38
2822 16 38
2823 16 38
2824 16 38
2825 16 38
2826 16 38
2827 16 38
2828 16 38
2829 16 38
2830 16 38
2831 16 38
2832 16 38
2833 16 38
2834 16 38
2835 16 38
2836 16 38
2837 16 38
2838 16 38
2839 17 38
2840 17 38
2841 17 38
2842 17 38
2843 17 38
2844 17 38
2845 17 38
2846 17 38
2847 17 38
2848 17 38
2849 17 38
2850 17 38
2851 17 39
2852 17 39
2853 17 39
2854 17 39
2855 17 39
2856 17 39
2857 17 39
2858 17 39
2859 17 39
2860 18 39
2861 18 39
2862 18 39
2863 18 39
2864 18 39
2865 18 39
2866 18 39
2867 18 39
2868 18 39
2869 18 39
2870 18 39
2871 18 39
2872 18 39
2873 18 39
2874 18 39
2875 18 39
2876 18 39
2877 18 39
2878 18 39
2879 18 39
2880 18 39
2881 18 39
2882 18 39
2883 18 39
2884 18 39
2885 18 39
2886 18 39
2887 18 39
2888 18 39
2889 18 39
2890 18 39
2891 18 40
2892 18 40
2893 18 40
2894 19 40
2895 19 40
2896 19 40
2897 19 40
2898 19 40
2899 19 40
2900 19 40
2901 19 40
2902 19 40
2903 19 40
2904 19 40
2905 19 40
2906 19 40
2907 19 40
2908 19 40
2909 19 40
2910 19 40
2911 19 40
2912 19 40
2913 20 40
2914 20 40
2915 20 40
2916 20 40
2917 20 40
2918 20 40
2919 20 40
2920 20 40
2921 20 40
2922 20 40
2923 20 40
2924 20 40
2925 20 40
2926 20 40
2927 20 40
2928 20 40
2929 20 40
2930 20 40
2931 20 40
2932 20 40
2933 20 40
2934 20 40
2935 20 40
2936 21 40
2937 21 40
2938 21 40
2939 21 40
2940 21 40
2941 21 41
2942 21 41
2943 21 41
2944 21 41
2945 21 41
2946 21 41
2947 21 41
2948 22 41
2949 22 41
2950 22 41
2951 22 41
2952 22 41
2953 22 41
2954 22 41
2955 22 41
2956 23 41
2957 23 41
2958 23 41
2959 23 41
2960 23 41
2961 23 41
2962 23 41
2963 23 41
2964 23 41
2965 23 41
2966 24 41
2967 24 41
2968 24 41
2969 24 41
2970 24 41
2971 24 41
2972 24 41
2973 24 41
2974 24 41
2975 24 41
2976 24 41
2977 24 41
2978 25 41
2979 25 41
2980 25 41
2981 25 41
2982 25 41
2983 25 41
2984 25 41
2985 25 41
2986 25 42
2987 25 42
2988 25 42
2989 25 42
2990 25 42
2991 25 42
2992 25 41
2993 25 41
2994 25 41
2995 25 41
2996 25 41
2997 25 41
2998 25 41
2999 25 41
3000 25 41
3001 25 41
3002 25 41
3003 25 41
3004 25 41
3005 25 41
3006 26 41
3007 26 41
3008 26 41
3009 26 41
3010 26 41
3011 26 41
3012 26 41
3013 26 41
3014 26 41
3015 26 41
3016 26 41
3017 26 41
3018 26 41
3019 26 41
3020 26 41
3021 26 41
3022 26 41
3023 26 41
3024 26 41
3025 26 41
3026 26 41
3027 26 41
3028 26 41
3029 26 41
3030 26 41
3031 26 41
3032 27 41
3033 27 41
3034 27 41
3035 27 41
3036 27 41
3037 27 41
3038 27 41
3039 27 41
3040 27 41
3041 27 41
3042 27 41
3043 27 41
3044 27 41
3045 27 41
3046 27 41
3047 27 41
3048 27 41
3049 27 41
3050 27 40
3051 27 40
3052 27 40
3053 27 40
3054 27 40
3055 27 40
3056 27 40
3057 27 40
3058 27 40
3059 27 40
3060 27 40
3061 27 40
3062 27 40
3063 27 40
3064 27 40
3065 28 40
3066 28 40
3067 28 40
3068 28 40
3069 28 40
3070 28 40
3071 29 40
3072 29 40
3073 29 40
3074 29 40
3075 29 40
3076 29 41
3077 29 41
3078 29 41
3079 29 41
3080 29 41
3081 30 41
3082 31 41
3083 31 41
3084 31 41
3085 31 41
3086 31 41
3087 31 41
3088 32 41
3089 32 41
3090 32 41
3091 32 41
3092 33 41
3093 33 41
3094 33 41
3095 33 41
3096 33 41
3097 34 41
3098 34 41
3099 34 41
3100 35 41
3101 35 41
3102 35 41
3103 36 41
3104 36 41
3105 36 41
3106 36 41
3107 36 41
3108 36 41
3109 36 41
3110 37 41
3111 37 41
3112 37 41
3113 37 42
3114 37 42
3115 37 42
3116 37 42
3117 37 42
3118 37 42
3119 37 42
3120 38 42
3121 38 42
3122 38 42
3123 39 42
3124 40 42
3125 41 42
3126 41 42
3127 41 42
3128 41 42
3129 41 42
3130 41 42
3131 41 42
3132 41 42
3133 41 42
3134 41 42
3135 41 42
3136 41 42
3137 41 42
3138 41 42
3139 41 42
3140 41 42
3141 41 42
3142 42 42
3143 42 42
3144 42 42
3145 42 42
3146 43 42
3147 43 42
3148 43 42
3149 44 42
3150 44 42
3151 44 42
3152 44 42
3153 45 42
3154 45 42
3155 45 42
3156 45 42
3157 45 42
3158 45 42
3159 45 42
3160 45 42
3161 46 42
3162 46 42
3163 47 42
3164 47 42
3165 47 42
3166 47 42
3167 47 42
3168 47 42
3169 47 42
3170 47 42
3171 47 42
3172 47 42
3173 47 42
3174 47 42
3175 47 42
3176 47 42
3177 47 42
3178 47 42
3179 47 42
3180 47 42
3181 47 42
3182 47 42
3183 47 42
3184 47 42
3185 47 42
3186 47 42
3187 47 42
3188 47 42
3189 47 42
3190 47 42
3191 47 42
3192 47 42
3193 47 42
3194 47 42
3195 47 42
3196 47 42
3197 47 42
3198 47 42
3199 47 42
3200 47 42
3201 48 42
3202 48 42
3203 48 42
3204 49 42
3205 49 42
3206 49 42
3207 50 42
3208 50 42
3209 50 42
3210 50 42
3211 51 42
3212 51 42
3213 51 42
3214 51 42
3215 51 42
3216 51 42
3217 51 42
3218 52 42
3219 53 42
3220 53 42
3221 53 42
3222 53 42
3223 53 42
3224 53 42
3225 53 42
3226 53 42
3227 54 42
3228 54 42
3229 55 42
3230 55 42
3231 55 42
3232 55 42
3233 56 42
3234 56 42
3235 57 42
3236 57 42
3237 57 42
3238 57 43
3239 57 43
3240 57 43
3241 58 43
3242 59 43
3243 60 43
3244 60 43
3245 60 43
3246 60 43
3247 63 43
3248 63 43
3249 64 43
3250 64 43
3251 65 43
3252 67 43
3253 68 43
3254 68 43
3255 69 43
3256 69 43
3257 71 43
3258 71 43
3259 72 43
3260 72 43
3261 72 43
3262 72 43
3263 73 43
3264 73 43
3265 73 43
3266 74 43
3267 74 43
3268 74 43
3269 74 43
3270 75 43
3271 77 43
3272 78 43
3273 81 43
3274 83 43
3275 83 43
3276 83 43
3277 83 43
3278 83 43
3279 83 43
3280 83 43
3281 83 43
3282 83 43
3283 83 43
3284 84 43
3285 95 43
3286 95 43
3287 95 43
3288 95 43
3289 95 43
3290 95 43
3291 95 43
3292 95 43
3293 95 43
3294 95 43
3295 95 43
3296 95 43
3297 95 43
3298 95 43
3299 95 43
3300 95 43
3301 95 43
3302 95 43
3303 95 43
3304 95 43
3305 95 43
3306 95 43
3307 95 43
3308 95 43
3309 95 43
3310 95 43
3311 95 43
3312 95 43
3313 95 43
3314 95 43
3315 95 43
3316 95 43
3317 95 43
3318 96 43
3319 100 43
