0 0 0
1 0 0
2 0 0
3 0 0
4 0 0
5 0 0
6 0 0
7 0 0
8 0 0
9 0 0
10 0 0
11 0 0
12 0 0
13 0 0
14 0 0
15 0 0
16 0 0
17 0 0
18 0 0
19 0 0
20 0 0
21 0 0
22 0 0
23 0 0
24 0 0
25 0 0
26 0 0
27 0 0
28 0 0
29 0 0
30 0 0
31 0 0
32 0 0
33 0 0
34 0 0
35 0 0
36 0 0
37 0 0
38 0 0
39 0 0
40 0 0
41 0 0
42 0 0
43 0 0
44 0 0
45 0 0
46 0 0
47 0 0
48 0 0
49 0 0
50 0 0
51 0 0
52 0 0
53 0 0
54 0 0
55 0 0
56 0 0
57 0 0
58 0 0
59 0 0
60 0 0
61 0 0
62 0 0
63 0 0
64 0 0
65 0 0
66 0 0
67 0 0
68 0 0
69 0 0
70 0 0
71 0 0
72 0 0
73 0 0
74 0 0
75 0 0
76 0 0
77 0 0
78 0 0
79 0 0
80 0 0
81 0 0
82 0 0
83 0 0
84 0 0
85 0 0
86 0 0
87 0 0
88 0 0
89 0 0
90 0 0
91 0 0
92 0 0
93 0 0
94 0 0
95 0 0
96 0 0
97 0 0
98 0 0
99 0 0
100 0 0
101 0 0
102 0 0
103 0 0
104 0 0
105 0 0
106 0 0
107 0 0
108 0 0
109 0 0
110 0 0
111 0 0
112 0 0
113 0 0
114 0 0
115 0 0
116 0 0
117 0 0
118 0 0
119 0 0
120 0 0
121 0 0
122 0 0
123 0 0
124 0 0
125 0 0
126 0 0
127 0 0
128 0 0
129 0 0
130 0 0
131 0 0
132 0 0
133 0 0
134 0 0
135 0 0
136 0 0
137 0 0
138 0 0
139 0 0
140 0 0
141 0 0
142 0 0
143 0 0
144 0 0
145 0 0
146 0 0
147 0 0
148 0 0
149 0 0
150 0 0
151 0 0
152 0 0
153 0 0
154 0 0
155 0 0
156 0 0
157 0 0
158 0 0
159 0 0
160 0 0
161 0 0
162 0 0
163 0 0
164 0 0
165 0 0
166 0 0
167 0 0
168 0 0
169 0 0
170 0 0
171 0 0
172 0 0
173 0 0
174 0 0
175 0 0
176 0 0
177 0 0
178 0 0
179 0 0
180 0 0
181 0 0
182 0 0
183 0 0
184 0 0
185 0 0
186 0 0
187 0 0
188 0 0
189 0 0
190 0 0
191 0 0
192 0 0
193 0 0
194 0 0
195 0 0
196 0 0
197 0 0
198 0 0
199 0 0
200 0 0
201 0 0
202 0 0
203 0 0
204 0 0
205 0 0
206 0 0
207 0 0
208 0 0
209 0 0
210 0 0
211 0 0
212 0 0
213 0 0
214 0 0
215 0 0
216 0 0
217 0 0
218 0 0
219 0 0
220 0 0
221 0 0
222 0 0
223 0 0
224 0 0
225 0 0
226 0 0
227 0 0
228 0 0
229 0 0
230 0 0
231 0 0
232 0 0
233 0 0
234 0 0
235 0 0
236 0 0
237 0 0
238 0 0
239 0 0
240 0 0
241 0 0
242 0 0
243 0 0
244 0 0
245 0 0
246 0 0
247 0 0
248 0 0
249 0 0
250 0 0
251 0 0
252 0 0
253 0 0
254 0 0
255 0 0
256 0 0
257 0 0
258 0 0
259 0 0
260 0 0
261 0 0
262 0 0
263 0 0
264 0 0
265 0 0
266 0 0
267 0 0
268 0 0
269 0 0
270 0 0
271 0 0
272 0 0
273 0 0
274 0 0
275 0 0
276 0 0
277 0 0
278 0 0
279 0 0
280 0 0
281 0 0
282 0 0
283 0 0
284 0 0
285 0 0
286 0 0
287 0 0
288 0 0
289 0 0
290 0 0
291 0 0
292 0 0
293 0 0
294 0 0
295 0 0
296 0 0
297 0 0
298 0 0
299 0 0
300 0 0
301 0 0
302 0 0
303 0 0
304 0 0
305 0 0
306 0 0
307 0 0
308 0 0
309 0 0
310 0 0
311 0 0
312 0 0
313 0 0
314 0 0
315 0 0
316 0 0
317 0 0
318 0 0
319 0 0
320 0 0
321 0 0
322 0 0
323 0 0
324 0 0
325 0 0
326 0 0
327 0 0
328 0 0
329 0 0
330 0 0
331 0 0
332 0 0
333 0 0
334 0 0
335 0 0
336 0 0
337 0 0
338 0 0
339 0 0
340 0 0
341 0 0
342 0 0
343 0 0
344 0 0
345 0 0
346 0 0
347 0 0
348 0 0
349 0 0
350 0 0
351 0 0
352 0 0
353 0 0
354 0 0
355 0 0
356 0 0
357 0 0
358 0 0
359 0 0
360 0 0
361 0 0
362 0 0
363 0 0
364 0 0
365 0 0
366 0 0
367 0 0
368 0 0
369 0 0
370 0 0
371 0 0
372 0 0
373 0 0
374 0 0
375 0 0
376 0 0
377 0 0
378 0 0
379 0 0
380 0 0
381 0 0
382 0 0
383 0 0
384 0 0
385 0 0
386 0 0
387 0 0
388 0 0
389 0 0
390 0 0
391 0 0
392 0 0
393 0 0
394 0 0
395 0 0
396 0 0
397 0 0
398 0 0
399 0 0
400 0 0
401 0 0
402 0 0
403 0 0
404 0 0
405 0 0
406 0 0
407 0 0
408 0 0
409 0 0
410 0 0
411 0 0
412 0 0
413 0 0
414 0 0
415 0 0
416 0 0
417 0 0
418 0 0
419 0 0
420 0 0
421 0 0
422 0 0
423 0 0
424 0 0
425 0 0
426 0 0
427 0 0
428 0 0
429 0 0
430 0 0
431 0 0
432 0 0
433 0 0
434 0 0
435 0 0
436 0 0
437 0 0
438 0 0
439 0 0
440 0 0
441 0 0
442 0 0
443 0 0
444 0 0
445 0 0
446 0 0
447 0 0
448 0 0
449 0 0
450 0 0
451 0 0
452 0 0
453 0 0
454 0 0
455 0 0
456 0 0
457 0 0
458 0 0
459 0 0
460 0 0
461 0 0
462 0 0
463 0 0
464 0 0
465 0 0
466 0 0
467 0 0
468 0 0
469 0 0
470 0 0
471 0 0
472 0 0
473 0 0
474 0 0
475 0 0
476 0 0
477 0 0
478 0 0
479 0 0
480 0 0
481 0 0
482 0 0
483 0 0
484 0 0
485 0 0
486 0 0
487 0 0
488 0 0
489 0 0
490 0 0
491 0 0
492 0 0
493 0 0
494 0 0
495 0 0
496 0 0
497 0 0
498 0 0
499 0 0
500 0 0
501 0 0
502 0 0
503 0 1
504 0 1
505 0 1
506 0 1
507 0 1
508 0 1
509 0 1
510 0 1
511 0 1
512 0 1
513 0 1
514 0 1
515 0 1
516 0 1
517 0 1
518 0 1
519 0 1
520 0 1
521 0 1
522 0 1
523 0 1
524 0 1
525 0 1
526 0 1
527 0 1
528 0 1
529 0 1
530 0 1
531 0 1
532 0 1
533 0 1
534 0 0
535 0 0
536 0 0
537 0 0
538 0 0
539 0 0
540 0 0
541 0 0
542 0 0
543 0 0
544 0 0
545 0 0
546 0 0
547 0 0
548 0 0
549 0 0
550 0 0
551 0 0
552 0 0
553 0 0
554 0 0
555 0 0
556 0 0
557 0 0
558 0 0
559 0 0
560 0 0
561 0 0
562 0 0
563 0 0
564 0 0
565 0 0
566 0 0
567 0 0
568 0 0
569 0 0
570 0 0
571 0 0
572 0 0
573 0 1
574 0 1
575 0 1
576 0 1
577 0 1
578 0 1
579 0 1
580 0 1
581 0 1
582 0 1
583 0 1
584 0 1
585 0 1
586 0 1
587 0 1
588 0 1
589 0 1
590 0 1
591 0 1
592 0 1
593 0 1
594 0 1
595 0 1
596 0 1
597 0 1
598 0 1
599 0 1
600 0 1
601 0 1
602 0 1
603 0 1
604 0 1
605 0 1
606 0 1
607 0 1
608 0 1
609 0 1
610 0 1
611 0 1
612 0 1
613 0 1
614 0 1
615 0 1
616 0 1
617 0 1
618 0 1
619 0 1
620 0 1
621 0 1
622 0 1
623 0 1
624 0 1
625 0 1
626 0 1
627 0 1
628 0 1
629 0 1
630 0 1
631 0 1
632 0 1
633 0 1
634 0 1
635 0 1
636 0 1
637 0 1
638 0 1
639 0 1
640 0 1
641 0 1
642 0 1
643 0 1
644 0 1
645 0 1
646 0 1
647 0 1
648 0 1
649 0 1
650 0 1
651 0 1
652 0 1
653 0 1
654 0 1
655 0 1
656 0 1
657 0 1
658 0 1
659 0 1
660 0 1
661 0 1
662 0 1
663 0 1
664 0 1
665 0 1
666 0 1
667 0 1
668 0 1
669 0 1
670 0 1
671 0 1
672 0 1
673 0 1
674 0 1
675 0 1
676 0 1
677 0 1
678 0 1
679 0 1
680 0 1
681 0 1
682 0 1
683 0 1
684 0 1
685 0 1
686 0 1
687 0 1
688 0 1
689 0 1
690 0 1
691 0 1
692 0 1
693 0 1
694 0 1
695 0 1
696 0 1
697 0 1
698 0 1
699 0 1
700 0 1
701 0 1
702 0 1
703 0 1
704 0 1
705 0 1
706 0 1
707 0 1
708 0 1
709 0 1
710 0 1
711 0 1
712 0 1
713 0 1
714 0 1
715 0 1
716 0 1
717 0 1
718 0 1
719 0 2
720 0 2
721 0 2
722 0 2
723 0 2
724 0 2
725 0 2
726 0 2
727 0 2
728 0 2
729 0 2
730 0 2
731 0 2
732 0 2
733 0 2
734 0 2
735 0 2
736 0 2
737 0 2
738 0 2
739 0 2
740 0 2
741 0 2
742 0 2
743 0 2
744 0 2
745 0 2
746 0 2
747 0 2
748 0 2
749 0 2
750 0 2
751 0 2
752 0 2
753 0 2
754 0 2
755 0 2
756 0 2
757 0 2
758 0 2
759 0 2
760 0 2
761 0 2
762 0 2
763 0 2
764 0 2
765 0 2
766 0 2
767 0 2
768 0 2
769 0 2
770 0 2
771 0 2
772 0 2
773 0 2
774 0 2
775 0 2
776 0 2
777 0 2
778 0 2
779 0 2
780 0 2
781 0 2
782 0 2
783 0 2
784 0 2
785 0 2
786 0 2
787 0 2
788 0 2
789 0 2
790 0 2
791 0 2
792 0 2
793 0 2
794 0 2
795 0 2
796 0 2
797 0 2
798 0 2
799 0 2
800 0 2
801 0 2
802 0 2
803 0 2
804 0 2
805 0 2
806 0 2
807 0 2
808 0 2
809 0 2
810 0 2
811 0 2
812 0 2
813 0 2
814 0 2
815 0 2
816 0 2
817 0 2
818 0 2
819 0 2
820 0 2
821 0 2
822 0 2
823 0 2
824 0 2
825 0 2
826 0 2
827 0 2
828 0 2
829 0 2
830 0 2
831 0 2
832 0 2
833 0 2
834 0 2
835 0 2
836 0 2
837 0 2
838 0 2
839 0 2
840 0 2
841 0 2
842 0 2
843 0 2
844 0 2
845 0 2
846 0 2
847 0 2
848 0 2
849 0 2
850 0 2
851 0 2
852 0 2
853 0 2
854 0 2
855 0 2
856 0 2
857 0 2
858 0 2
859 0 2
860 0 2
861 0 2
862 0 2
863 0 2
864 0 2
865 0 2
866 0 2
867 0 2
868 0 2
869 0 2
870 0 2
871 0 2
872 0 2
873 0 2
874 0 2
875 0 2
876 0 2
877 0 2
878 0 2
879 0 2
880 0 2
881 0 2
882 0 2
883 0 2
884 0 2
885 0 2
886 0 2
887 0 2
888 0 2
889 0 2
890 0 2
891 0 2
892 0 2
893 0 2
894 0 2
895 0 2
896 0 2
897 0 2
898 0 2
899 0 2
900 0 2
901 0 2
902 0 2
903 0 2
904 0 2
905 0 2
906 0 2
907 1 2
908 1 2
909 1 2
910 1 2
911 1 2
912 1 2
913 1 2
914 1 2
915 1 2
916 1 2
917 1 2
918 1 2
919 1 2
920 1 2
921 1 2
922 1 2
923 1 2
924 1 2
925 1 2
926 1 2
927 1 2
928 1 2
929 1 2
930 1 2
931 1 2
932 1 2
933 1 2
934 1 2
935 1 2
936 1 2
937 1 2
938 1 2
939 1 2
940 1 2
941 1 2
942 1 3
943 1 3
944 1 3
945 1 3
946 1 3
947 1 3
948 1 3
949 1 3
950 1 3
951 1 3
952 1 3
953 1 3
954 1 3
955 1 3
956 1 3
957 1 3
958 1 3
959 1 3
960 1 3
961 1 3
962 1 3
963 1 3
964 1 3
965 1 3
966 1 3
967 1 3
968 1 3
969 1 3
970 1 3
971 1 3
972 1 3
973 1 3
974 1 3
975 1 4
976 1 4
977 1 4
978 1 4
979 1 4
980 1 4
981 1 4
982 1 4
983 1 4
984 1 4
985 1 4
986 1 4
987 1 4
988 1 4
989 1 4
990 1 4
991 1 4
992 1 4
993 1 4
994 1 4
995 1 4
996 1 4
997 1 4
998 1 4
999 1 4
1000 1 4
1001 1 4
1002 1 4
1003 1 4
1004 1 4
1005 1 4
1006 1 4
1007 1 4
1008 1 4
1009 1 4
1010 1 4
1011 1 4
1012 1 4
1013 1 5
1014 1 5
1015 1 5
1016 1 5
1017 1 5
1018 1 5
1019 1 5
1020 1 5
1021 1 5
1022 1 5
1023 1 5
1024 1 5
1025 1 5
1026 1 5
1027 1 5
1028 1 5
1029 1 5
1030 1 5
1031 1 5
1032 1 5
1033 1 5
1034 1 5
1035 1 5
1036 1 5
1037 1 5
1038 1 6
1039 1 6
1040 1 6
1041 1 6
1042 1 6
1043 1 6
1044 1 6
1045 1 6
1046 1 6
1047 1 6
1048 1 6
1049 1 6
1050 1 6
1051 1 6
1052 1 6
1053 1 6
1054 1 6
1055 1 6
1056 1 6
1057 1 6
1058 1 6
1059 1 6
1060 1 6
1061 1 7
1062 1 7
1063 1 7
1064 1 7
1065 1 7
1066 1 7
1067 1 7
1068 1 7
1069 1 7
1070 1 7
1071 1 7
1072 1 7
1073 1 7
1074 1 7
1075 1 7
1076 1 7
1077 1 7
1078 1 7
1079 1 7
1080 1 7
1081 1 7
1082 1 7
1083 1 7
1084 1 7
1085 1 7
1086 1 7
1087 1 7
1088 1 8
1089 1 8
1090 1 8
1091 1 8
1092 1 8
1093 1 8
1094 1 8
1095 1 8
1096 1 8
1097 1 8
1098 1 8
1099 1 8
1100 1 8
1101 1 8
1102 1 8
1103 1 8
1104 1 8
1105 1 8
1106 1 8
1107 1 8
1108 1 8
1109 1 8
1110 1 8
1111 1 8
1112 1 8
1113 1 8
1114 1 8
1115 1 8
1116 1 8
1117 1 8
1118 1 8
1119 1 8
1120 1 8
1121 1 8
1122 1 8
1123 1 8
1124 1 8
1125 1 8
1126 1 8
1127 1 8
1128 1 8
1129 1 8
1130 1 8
1131 1 8
1132 1 8
1133 1 8
1134 1 8
1135 1 8
1136 1 8
1137 1 8
1138 1 8
1139 1 8
1140 1 8
1141 1 8
1142 1 8
1143 1 9
1144 1 8
1145 1 9
1146 1 9
1147 1 9
1148 1 9
1149 1 9
1150 1 9
1151 1 9
1152 1 9
1153 1 9
1154 1 9
1155 1 9
1156 1 9
1157 1 9
1158 1 9
1159 1 9
1160 1 9
1161 1 9
1162 1 9
1163 1 9
1164 1 10
1165 1 10
1166 1 10
1167 1 10
1168 1 10
1169 1 10
1170 1 10
1171 1 10
1172 1 10
1173 1 10
1174 1 10
1175 1 9
1176 1 9
1177 1 9
1178 1 10
1179 1 10
1180 1 10
1181 1 10
1182 1 10
1183 1 10
1184 1 10
1185 1 10
1186 1 10
1187 1 10
1188 1 10
1189 1 10
1190 1 10
1191 1 10
1192 1 10
1193 1 10
1194 1 10
1195 1 10
1196 1 10
1197 1 10
1198 1 10
1199 1 10
1200 1 10
1201 1 10
1202 1 10
1203 1 10
1204 1 10
1205 1 10
1206 1 10
1207 1 10
1208 1 10
1209 1 10
1210 1 10
1211 1 10
1212 1 10
1213 1 10
1214 1 10
1215 1 10
1216 1 10
1217 1 10
1218 1 10
1219 1 9
1220 1 9
1221 1 9
1222 1 9
1223 1 9
1224 1 9
1225 1 10
1226 1 10
1227 1 10
1228 1 10
1229 1 10
1230 1 10
1231 1 10
1232 1 10
1233 1 10
1234 1 9
1235 1 9
1236 1 9
1237 1 9
1238 1 9
1239 1 9
1240 1 9
1241 1 9
1242 1 9
1243 1 9
1244 1 9
1245 1 9
1246 1 9
1247 1 9
1248 1 9
1249 1 10
1250 1 10
1251 1 10
1252 1 10
1253 1 10
1254 1 10
1255 1 10
1256 1 10
1257 1 10
1258 1 10
1259 1 10
1260 1 10
1261 1 10
1262 1 10
1263 1 10
1264 1 10
1265 1 10
1266 1 10
1267 1 10
1268 1 10
1269 1 10
1270 1 10
1271 1 10
1272 1 10
1273 1 10
1274 1 10
1275 1 10
1276 1 10
1277 1 10
1278 1 10
1279 1 10
1280 1 10
1281 1 10
1282 1 10
1283 1 10
1284 1 10
1285 1 10
1286 1 10
1287 1 10
1288 1 10
1289 1 10
1290 1 11
1291 1 11
1292 2 11
1293 2 11
1294 2 11
1295 2 11
1296 2 11
1297 2 11
1298 2 11
1299 2 11
1300 2 11
1301 2 11
1302 2 11
1303 2 11
1304 2 11
1305 2 11
1306 2 11
1307 2 11
1308 2 10
1309 2 10
1310 2 10
1311 2 10
1312 2 10
1313 2 10
1314 2 10
1315 2 10
1316 2 10
1317 2 10
1318 2 10
1319 2 10
1320 2 10
1321 2 10
1322 2 10
1323 2 10
1324 2 10
1325 2 10
1326 2 10
1327 2 10
1328 2 10
1329 2 11
1330 2 11
1331 2 11
1332 2 11
1333 2 11
1334 2 11
1335 2 11
1336 2 11
1337 2 11
1338 2 11
1339 2 11
1340 2 11
1341 2 11
1342 2 11
1343 2 11
1344 2 11
1345 2 11
1346 2 11
1347 2 11
1348 2 12
1349 2 12
1350 2 12
1351 2 12
1352 2 12
1353 2 12
1354 2 12
1355 2 12
1356 2 12
1357 2 12
1358 2 12
1359 2 12
1360 2 12
1361 2 12
1362 2 12
1363 2 12
1364 2 12
1365 2 12
1366 2 12
1367 2 13
1368 2 13
1369 2 13
1370 2 13
1371 2 13
1372 2 13
1373 2 13
1374 2 13
1375 2 13
1376 2 13
1377 2 13
1378 2 13
1379 2 13
1380 2 13
1381 2 13
1382 2 13
1383 2 13
1384 2 13
1385 2 13
1386 2 13
1387 2 13
1388 2 13
1389 2 13
1390 2 13
1391 2 13
1392 2 13
1393 2 13
1394 2 13
1395 2 13
1396 2 13
1397 2 13
1398 2 13
1399 2 13
1400 2 13
1401 2 13
1402 2 13
1403 2 13
1404 2 13
1405 2 13
1406 2 13
1407 2 13
1408 2 13
1409 2 13
1410 2 13
1411 2 13
1412 2 13
1413 2 13
1414 2 13
1415 2 14
1416 2 14
1417 2 14
1418 2 14
1419 2 14
1420 2 14
1421 2 14
1422 2 14
1423 2 14
1424 2 14
1425 2 14
1426 2 14
1427 2 14
1428 2 14
1429 2 14
1430 2 14
1431 2 14
1432 2 14
1433 2 14
1434 2 14
1435 2 14
1436 2 14
1437 2 14
1438 2 14
1439 2 14
1440 2 14
1441 2 14
1442 2 14
1443 2 14
1444 2 14
1445 2 14
1446 2 14
1447 2 14
1448 2 14
1449 2 14
1450 2 14
1451 2 14
1452 2 15
1453 2 15
1454 2 15
1455 2 15
1456 2 15
1457 2 15
1458 2 15
1459 2 15
1460 2 15
1461 2 15
1462 2 15
1463 2 15
1464 2 15
1465 2 15
1466 2 15
1467 2 16
1468 2 16
1469 2 16
1470 2 16
1471 2 16
1472 2 16
1473 2 16
1474 2 16
1475 2 16
1476 2 16
1477 2 16
1478 2 16
1479 2 16
1480 2 16
1481 2 16
1482 2 16
1483 2 16
1484 2 16
1485 2 16
1486 2 16
1487 2 16
1488 2 16
1489 2 16
1490 2 16
1491 2 16
1492 2 16
1493 2 16
1494 2 16
1495 2 16
1496 2 16
1497 2 16
1498 2 16
1499 2 16
1500 2 16
1501 2 16
1502 2 16
1503 2 16
1504 2 16
1505 2 16
1506 2 16
1507 2 16
1508 2 16
1509 2 16
1510 2 16
1511 2 16
1512 2 16
1513 2 16
1514 2 16
1515 2 16
1516 2 16
1517 2 16
1518 2 16
1519 2 16
1520 2 16
1521 2 16
1522 2 16
1523 2 16
1524 2 16
1525 2 16
1526 2 16
1527 2 17
1528 2 17
1529 2 17
1530 2 17
1531 2 17
1532 2 17
1533 2 17
1534 2 17
1535 2 17
1536 2 17
1537 2 17
1538 2 17
1539 2 17
1540 2 17
1541 2 17
1542 2 17
1543 2 17
1544 2 17
1545 2 18
1546 2 18
1547 2 18
1548 2 18
1549 2 18
1550 2 18
1551 2 18
1552 2 18
1553 2 18
1554 2 18
1555 2 18
1556 2 18
1557 2 18
1558 2 18
1559 2 18
1560 2 18
1561 2 18
1562 2 18
1563 2 18
1564 2 18
1565 2 18
1566 2 18
1567 2 18
1568 2 18
1569 2 18
1570 2 18
1571 2 18
1572 2 18
1573 2 18
1574 2 18
1575 2 18
1576 2 18
1577 2 18
1578 2 18
1579 2 18
1580 2 19
1581 2 19
1582 2 19
1583 2 18
1584 3 19
1585 3 19
1586 3 19
1587 3 19
1588 3 19
1589 3 19
1590 3 19
1591 3 19
1592 3 19
1593 3 19
1594 3 19
1595 3 19
1596 3 19
1597 3 19
1598 3 19
1599 3 19
1600 3 19
1601 3 19
1602 3 19
1603 3 19
1604 3 19
1605 3 19
1606 3 19
1607 3 19
1608 3 19
1609 3 19
1610 3 19
1611 3 19
1612 3 19
1613 3 19
1614 3 19
1615 3 19
1616 3 19
1617 3 19
1618 3 19
1619 3 19
1620 3 19
1621 3 19
1622 3 19
1623 3 19
1624 3 19
1625 3 19
1626 3 19
1627 3 19
1628 3 19
1629 3 19
1630 3 19
1631 3 19
1632 3 19
1633 3 19
1634 3 19
1635 3 19
1636 3 19
1637 3 19
1638 3 19
1639 3 19
1640 3 19
1641 3 19
1642 3 19
1643 3 19
1644 3 19
1645 3 19
1646 3 19
1647 3 19
1648 3 19
1649 3 19
1650 3 19
1651 3 19
1652 3 19
1653 3 19
1654 3 19
1655 3 20
1656 3 20
1657 3 20
1658 3 20
1659 3 20
1660 3 20
1661 3 20
1662 3 20
1663 3 20
1664 3 20
1665 3 20
1666 3 20
1667 3 20
1668 3 20
1669 3 20
1670 3 20
1671 3 20
1672 3 20
1673 3 20
1674 3 20
1675 3 20
1676 3 20
1677 3 20
1678 3 20
1679 3 20
1680 3 20
1681 3 20
1682 3 20
1683 3 20
1684 3 20
1685 3 20
1686 3 20
1687 3 20
1688 3 20
1689 3 20
1690 3 20
1691 3 20
1692 3 20
1693 3 20
1694 3 20
1695 3 20
1696 3 20
1697 3 20
1698 3 20
1699 3 20
1700 3 20
1701 3 21
1702 3 21
1703 3 21
1704 3 21
1705 3 21
1706 3 21
1707 3 21
1708 3 21
1709 3 21
1710 3 21
1711 3 21
1712 3 21
1713 3 21
1714 3 21
1715 3 21
1716 3 21
1717 3 21
1718 3 21
1719 3 21
1720 3 21
1721 3 21
1722 3 21
1723 3 21
1724 3 21
1725 3 21
1726 3 21
1727 3 21
1728 3 21
1729 3 21
1730 3 21
1731 3 21
1732 3 22
1733 3 22
1734 3 22
1735 3 22
1736 3 22
1737 3 22
1738 3 22
1739 3 22
1740 3 22
1741 3 22
1742 3 22
1743 3 22
1744 3 22
1745 3 22
1746 3 22
1747 3 22
1748 3 22
1749 3 22
1750 3 22
1751 3 22
1752 3 22
1753 3 22
1754 3 22
1755 3 22
1756 3 23
1757 3 23
1758 3 23
1759 3 23
1760 3 23
1761 3 23
1762 3 23
1763 3 23
1764 3 23
1765 3 23
1766 3 23
1767 3 23
1768 3 23
1769 3 23
1770 3 23
1771 3 23
1772 3 23
1773 3 23
1774 3 23
1775 3 23
1776 3 23
1777 3 23
1778 3 23
1779 3 23
1780 3 23
1781 3 23
1782 3 23
1783 3 23
1784 3 23
1785 3 23
1786 3 23
1787 3 23
1788 3 23
1789 3 23
1790 3 23
1791 3 23
1792 3 23
1793 3 23
1794 3 23
1795 3 23
1796 3 23
1797 3 23
1798 3 23
1799 3 23
1800 3 23
1801 3 23
1802 3 23
1803 3 23
1804 3 23
1805 3 23
1806 3 23
1807 3 23
1808 3 24
1809 4 24
1810 4 24
1811 4 24
1812 4 24
1813 4 23
1814 4 23
1815 4 23
1816 4 24
1817 4 24
1818 4 24
1819 4 24
1820 4 24
1821 4 24
1822 4 24
1823 4 24
1824 4 24
1825 4 24
1826 4 24
1827 4 24
1828 4 24
1829 4 24
1830 4 24
1831 4 24
1832 4 24
1833 4 24
1834 4 24
1835 4 24
1836 4 24
1837 4 24
1838 4 24
1839 4 24
1840 4 25
1841 4 25
1842 4 25
1843 4 25
1844 4 24
1845 4 25
1846 4 25
1847 4 25
1848 4 25
1849 4 25
1850 4 24
1851 4 24
1852 4 24
1853 4 24
1854 4 24
1855 4 24
1856 4 25
1857 4 25
1858 4 25
1859 4 25
1860 4 25
1861 4 25
1862 4 25
1863 4 25
1864 4 25
1865 4 25
1866 4 25
1867 4 25
1868 4 25
1869 4 25
1870 4 25
1871 4 25
1872 4 25
1873 4 25
1874 4 25
1875 4 25
1876 4 25
1877 4 25
1878 4 25
1879 4 25
1880 4 25
1881 4 25
1882 4 25
1883 4 25
1884 4 25
1885 4 25
1886 4 25
1887 4 25
1888 4 25
1889 4 25
1890 4 25
1891 4 25
1892 4 25
1893 4 25
1894 4 25
1895 4 25
1896 4 25
1897 4 25
1898 4 25
1899 4 25
1900 4 25
1901 4 25
1902 4 25
1903 4 25
1904 4 25
1905 4 25
1906 4 25
1907 4 25
1908 4 25
1909 4 25
1910 4 25
1911 4 25
1912 4 25
1913 4 25
1914 4 25
1915 4 26
1916 4 26
1917 4 26
1918 4 26
1919 4 26
1920 4 26
1921 4 25
1922 4 25
1923 4 26
1924 4 26
1925 4 26
1926 4 26
1927 4 26
1928 4 26
1929 4 26
1930 4 26
1931 4 26
1932 4 26
1933 4 26
1934 4 26
1935 4 26
1936 4 26
1937 4 26
1938 4 26
1939 4 26
1940 4 26
1941 4 26
1942 4 26
1943 4 26
1944 4 26
1945 4 26
1946 4 26
1947 4 26
1948 4 26
1949 4 26
1950 4 26
1951 4 26
1952 4 26
1953 4 26
1954 5 26
1955 5 26
1956 5 26
1957 5 26
1958 5 26
1959 5 26
1960 5 26
1961 5 26
1962 5 26
1963 5 27
1964 5 27
1965 5 26
1966 5 26
1967 5 26
1968 5 26
1969 5 26
1970 5 26
1971 5 26
1972 5 26
1973 5 26
1974 5 26
1975 5 26
1976 5 26
1977 5 26
1978 5 26
1979 5 26
1980 5 26
1981 5 26
1982 5 26
1983 5 26
1984 5 26
1985 5 26
1986 5 26
1987 5 26
1988 5 26
1989 5 26
1990 5 26
1991 5 26
1992 5 26
1993 5 26
1994 5 26
1995 5 26
1996 5 26
1997 5 26
1998 5 26
1999 5 26
2000 5 26
2001 5 26
2002 5 26
2003 5 26
2004 5 26
2005 5 26
2006 5 26
2007 5 26
2008 5 26
2009 5 26
2010 5 26
2011 5 26
2012 5 26
2013 5 26
2014 5 26
2015 5 26
2016 5 26
2017 5 26
2018 5 26
2019 5 26
2020 5 26
2021 5 26
2022 5 26
2023 5 26
2024 5 26
2025 5 26
2026 5 26
2027 5 26
2028 5 26
2029 5 26
2030 5 26
2031 5 26
2032 5 26
2033 5 26
2034 5 26
2035 5 26
2036 5 26
2037 5 26
2038 5 26
2039 5 26
2040 5 26
2041 5 26
2042 5 26
2043 5 26
2044 5 26
2045 5 26
2046 5 26
2047 5 26
2048 5 26
2049 5 26
2050 5 26
2051 5 26
2052 5 26
2053 5 26
2054 5 26
2055 5 26
2056 5 26
2057 5 26
2058 5 26
2059 5 26
2060 5 26
2061 5 26
2062 5 26
2063 5 26
2064 5 26
2065 5 26
2066 5 26
2067 5 26
2068 5 26
2069 5 26
2070 5 26
2071 5 26
2072 5 26
2073 5 26
2074 5 26
2075 5 26
2076 5 26
2077 5 26
2078 5 26
2079 5 26
2080 5 27
2081 5 26
2082 5 26
2083 5 26
2084 5 26
2085 5 27
2086 5 27
2087 5 27
2088 5 27
2089 5 27
2090 5 27
2091 5 27
2092 5 27
2093 5 27
2094 5 27
2095 5 27
2096 5 27
2097 5 27
2098 5 27
2099 5 27
2100 5 27
2101 5 27
2102 5 27
2103 5 27
2104 5 27
2105 5 27
2106 5 27
2107 5 27
2108 5 27
2109 5 27
2110 5 27
2111 5 27
2112 5 27
2113 5 27
2114 5 27
2115 5 27
2116 5 27
2117 5 27
2118 5 27
2119 5 27
2120 5 27
2121 5 27
2122 5 27
2123 6 27
2124 6 27
2125 6 27
2126 6 27
2127 6 27
2128 6 27
2129 6 27
2130 6 27
2131 6 27
2132 6 27
2133 6 27
2134 6 27
2135 6 27
2136 6 27
2137 6 27
2138 6 27
2139 6 27
2140 6 27
2141 6 27
2142 6 28
2143 6 28
2144 6 28
2145 6 28
2146 6 28
2147 6 28
2148 6 28
2149 6 28
2150 6 28
2151 6 28
2152 6 28
2153 6 28
2154 6 28
2155 6 28
2156 6 28
2157 6 28
2158 6 28
2159 6 28
2160 6 28
2161 6 28
2162 6 28
2163 6 28
2164 6 28
2165 6 28
2166 6 28
2167 6 28
2168 6 28
2169 6 28
2170 6 28
2171 6 28
2172 6 28
2173 6 28
2174 6 28
2175 6 28
2176 6 28
2177 6 28
2178 6 28
2179 6 28
2180 6 28
2181 6 28
2182 6 28
2183 6 28
2184 6 28
2185 6 28
2186 6 28
2187 6 28
2188 6 28
2189 6 28
2190 6 28
2191 6 28
2192 6 28
2193 6 29
2194 6 29
2195 6 29
2196 6 29
2197 6 29
2198 6 29
2199 6 29
2200 6 29
2201 6 29
2202 6 29
2203 6 29
2204 6 29
2205 6 29
2206 6 29
2207 6 29
2208 6 29
2209 6 29
2210 6 29
2211 6 29
2212 6 29
2213 6 29
2214 6 29
2215 6 29
2216 6 29
2217 6 29
2218 6 29
2219 6 29
2220 6 29
2221 6 29
2222 6 29
2223 6 29
2224 6 29
2225 6 29
2226 6 29
2227 6 29
2228 6 29
2229 6 29
2230 6 29
2231 6 29
2232 6 29
2233 6 29
2234 6 29
2235 6 29
2236 6 29
2237 6 29
2238 6 29
2239 6 29
2240 6 29
2241 6 29
2242 6 29
2243 6 29
2244 7 29
2245 7 29
2246 7 29
2247 7 29
2248 7 28
2249 7 28
2250 7 29
2251 7 29
2252 7 29
2253 7 29
2254 7 28
2255 7 28
2256 7 28
2257 7 29
2258 7 28
2259 7 28
2260 7 28
2261 7 28
2262 7 28
2263 7 28
2264 7 28
2265 7 28
2266 7 28
2267 7 29
2268 7 29
2269 7 29
2270 7 29
2271 7 29
2272 7 29
2273 7 29
2274 7 29
2275 7 29
2276 7 29
2277 7 29
2278 7 29
2279 7 29
2280 7 29
2281 7 29
2282 7 29
2283 7 29
2284 7 29
2285 7 29
2286 7 29
2287 7 29
2288 7 29
2289 7 29
2290 7 29
2291 7 29
2292 7 29
2293 7 29
2294 7 29
2295 7 29
2296 7 29
2297 7 29
2298 7 30
2299 7 29
2300 7 29
2301 7 29
2302 7 29
2303 7 29
2304 7 29
2305 7 29
2306 7 29
2307 7 30
2308 7 30
2309 7 30
2310 7 30
2311 7 30
2312 7 30
2313 7 30
2314 7 30
2315 7 30
2316 7 30
2317 7 30
2318 7 30
2319 7 30
2320 7 30
2321 7 30
2322 7 30
2323 7 30
2324 7 30
2325 7 30
2326 7 30
2327 7 30
2328 7 30
2329 7 30
2330 7 30
2331 7 30
2332 7 30
2333 7 30
2334 7 30
2335 7 30
2336 7 30
2337 7 30
2338 7 30
2339 7 30
2340 7 30
2341 7 30
2342 7 30
2343 7 30
2344 7 30
2345 7 30
2346 8 30
2347 8 30
2348 8 30
2349 8 30
2350 8 30
2351 8 30
2352 8 30
2353 8 30
2354 8 30
2355 8 30
2356 8 30
2357 8 30
2358 8 30
2359 8 30
2360 8 30
2361 8 30
2362 8 30
2363 8 30
2364 8 30
2365 8 30
2366 8 30
2367 8 30
2368 8 30
2369 8 30
2370 8 30
2371 8 31
2372 8 31
2373 8 31
2374 8 31
2375 8 31
2376 8 31
2377 8 31
2378 8 31
2379 8 31
2380 8 31
2381 8 31
2382 8 31
2383 8 31
2384 8 31
2385 8 31
2386 8 31
2387 8 31
2388 8 31
2389 8 31
2390 8 31
2391 8 32
2392 8 32
2393 8 32
2394 8 32
2395 8 32
2396 8 32
2397 8 32
2398 8 32
2399 8 32
2400 8 32
2401 8 32
2402 8 32
2403 8 32
2404 8 32
2405 8 32
2406 8 32
2407 8 32
2408 8 32
2409 8 32
2410 8 32
2411 8 32
2412 8 32
2413 8 32
2414 8 32
2415 8 32
2416 8 32
2417 8 32
2418 8 32
2419 8 32
2420 8 32
2421 8 32
2422 8 32
2423 8 32
2424 8 32
2425 8 32
2426 8 32
2427 8 32
2428 8 32
2429 8 32
2430 8 32
2431 8 32
2432 8 33
2433 8 33
2434 8 33
2435 8 33
2436 8 33
2437 8 33
2438 9 33
2439 9 33
2440 9 33
2441 9 33
2442 9 33
2443 9 33
2444 9 33
2445 9 33
2446 9 33
2447 9 33
2448 9 33
2449 9 33
2450 9 33
2451 9 33
2452 9 33
2453 9 33
2454 9 33
2455 9 33
2456 9 33
2457 9 33
2458 9 33
2459 9 33
2460 9 33
2461 9 33
2462 9 33
2463 9 33
2464 9 33
2465 9 33
2466 9 33
2467 9 34
2468 9 34
2469 9 34
2470 9 34
2471 9 34
2472 9 34
2473 9 34
2474 9 34
2475 9 34
2476 9 34
2477 9 34
2478 9 34
2479 9 34
2480 9 34
2481 9 34
2482 9 34
2483 9 34
2484 9 34
2485 9 34
2486 9 34
2487 9 34
2488 9 34
2489 9 34
2490 9 34
2491 9 34
2492 9 34
2493 9 34
2494 9 34
2495 9 34
2496 9 34
2497 9 34
2498 9 34
2499 9 34
2500 9 34
2501 10 34
2502 10 34
2503 10 34
2504 10 34
2505 10 34
2506 10 34
2507 10 34
2508 10 34
2509 10 34
2510 10 34
2511 10 34
2512 10 34
2513 10 34
2514 10 34
2515 10 34
2516 10 34
2517 10 34
2518 10 34
2519 10 34
2520 10 34
2521 10 34
2522 10 34
2523 10 34
2524 10 34
2525 10 34
2526 10 34
2527 10 34
2528 10 34
2529 10 34
2530 10 34
2531 10 34
2532 10 34
2533 10 34
2534 10 34
2535 10 34
2536 10 34
2537 10 34
2538 10 34
2539 10 34
2540 10 34
2541 10 34
2542 10 34
2543 10 34
2544 10 35
2545 10 35
2546 10 35
2547 10 35
2548 10 35
2549 10 35
2550 10 35
2551 10 35
2552 10 35
2553 10 35
2554 10 35
2555 10 35
2556 10 34
2557 10 34
2558 10 34
2559 10 34
2560 10 35
2561 10 35
2562 10 35
2563 10 35
2564 10 35
2565 10 35
2566 10 35
2567 10 35
2568 10 35
2569 10 35
2570 10 35
2571 10 35
2572 10 35
2573 10 35
2574 10 35
2575 10 35
2576 10 35
2577 11 35
2578 11 35
2579 11 35
2580 11 35
2581 11 35
2582 11 35
2583 11 35
2584 11 35
2585 11 35
2586 11 35
2587 11 35
2588 11 35
2589 11 35
2590 11 35
2591 11 35
2592 11 35
2593 11 35
2594 11 35
2595 11 35
2596 11 35
2597 11 35
2598 11 35
2599 11 35
2600 11 35
2601 11 35
2602 11 35
2603 11 35
2604 11 35
2605 11 35
2606 11 35
2607 11 35
2608 11 35
2609 11 35
2610 11 35
2611 11 35
2612 11 35
2613 11 35
2614 11 35
2615 11 35
2616 11 35
2617 11 35
2618 11 35
2619 11 35
2620 11 35
2621 11 35
2622 11 35
2623 11 35
2624 11 35
2625 11 35
2626 11 35
2627 11 35
2628 11 35
2629 11 35
2630 11 35
2631 11 35
2632 11 35
2633 11 35
2634 11 35
2635 11 36
2636 11 36
2637 12 36
2638 12 36
2639 12 36
2640 12 36
2641 12 36
2642 12 36
2643 12 36
2644 12 36
2645 12 36
2646 12 36
2647 12 36
2648 12 36
2649 12 36
2650 12 36
2651 12 36
2652 12 36
2653 12 36
2654 12 36
2655 12 36
2656 12 36
2657 12 36
2658 12 36
2659 12 36
2660 12 36
2661 12 36
2662 12 36
2663 12 36
2664 12 36
2665 12 36
2666 12 36
2667 12 36
2668 12 36
2669 12 36
2670 12 36
2671 12 36
2672 12 36
2673 12 36
2674 12 36
2675 12 36
2676 12 36
2677 12 36
2678 12 36
2679 12 36
2680 12 36
2681 12 36
2682 12 36
2683 12 36
2684 12 36
2685 13 36
2686 13 36
2687 13 36
2688 13 36
2689 13 36
2690 13 36
2691 13 36
2692 13 36
2693 13 36
2694 13 36
2695 13 36
2696 13 36
2697 13 36
2698 13 36
2699 13 36
2700 13 36
2701 13 36
2702 13 36
2703 13 36
2704 13 36
2705 13 36
2706 13 36
2707 13 36
2708 13 36
2709 13 37
2710 13 37
2711 13 37
2712 13 37
2713 13 37
2714 13 36
2715 13 36
2716 13 36
2717 13 36
2718 13 36
2719 13 37
2720 13 37
2721 13 37
2722 13 37
2723 13 37
2724 13 37
2725 13 37
2726 13 37
2727 13 37
2728 13 37
2729 13 37
2730 13 37
2731 13 37
2732 13 37
2733 13 37
2734 13 37
2735 13 37
2736 13 37
2737 13 37
2738 13 37
2739 13 37
2740 13 37
2741 13 37
2742 13 37
2743 13 37
2744 13 37
2745 13 37
2746 13 37
2747 13 37
2748 13 37
2749 13 37
2750 13 38
2751 13 38
2752 13 38
2753 13 38
2754 13 38
2755 13 38
2756 13 38
2757 13 38
2758 13 38
2759 13 38
2760 13 38
2761 14 38
2762 14 38
2763 14 38
2764 14 38
2765 14 38
2766 14 38
2767 14 38
2768 14 38
2769 14 38
2770 14 38
2771 14 38
2772 14 38
2773 14 38
2774 14 38
2775 14 38
2776 14 38
2777 14 38
2778 14 38
2779 14 38
2780 14 38
2781 14 38
2782 14 38
2783 14 38
2784 15 38
2785 15 38
2786 15 38
2787 15 38
2788 15 38
2789 15 38
2790 15 38
2791 15 38
2792 15 38
2793 15 38
2794 15 38
2795 15 38
2796 15 38
2797 15 38
2798 15 38
2799 15 38
2800 15 39
2801 15 39
2802 15 39
2803 15 39
2804 15 39
2805 15 39
2806 15 39
2807 15 39
2808 15 39
2809 15 39
2810 15 39
2811 15 39
2812 15 39
2813 15 39
2814 15 39
2815 15 39
2816 15 39
2817 15 39
2818 15 39
2819 15 39
2820 16 39
2821 16 39
2822 16 39
2823 16 39
2824 16 39
2825 16 39
2826 16 39
2827 16 39
2828 16 39
2829 16 39
2830 16 40
2831 16 40
2832 16 40
2833 16 40
2834 16 40
2835 16 40
2836 16 40
2837 16 40
2838 16 40
2839 17 40
2840 17 40
2841 17 40
2842 17 40
2843 17 40
2844 17 40
2845 17 40
2846 17 40
2847 17 40
2848 17 40
2849 17 40
2850 17 40
2851 17 40
2852 17 40
2853 17 40
2854 17 40
2855 17 40
2856 17 40
2857 17 40
2858 17 40
2859 17 40
2860 18 40
2861 18 40
2862 18 40
2863 18 40
2864 18 40
2865 18 40
2866 18 40
2867 18 40
2868 18 40
2869 18 40
2870 18 40
2871 18 40
2872 18 40
2873 18 40
2874 18 40
2875 18 40
2876 18 40
2877 18 40
2878 18 40
2879 18 40
2880 18 40
2881 18 40
2882 18 40
2883 18 40
2884 18 40
2885 18 41
2886 18 41
2887 18 41
2888 18 41
2889 18 41
2890 18 41
2891 18 41
2892 18 41
2893 18 41
2894 19 41
2895 19 41
2896 19 41
2897 19 41
2898 19 41
2899 19 41
2900 19 41
2901 19 41
2902 19 41
2903 19 41
2904 19 41
2905 19 41
2906 19 41
2907 19 41
2908 19 41
2909 19 41
2910 19 41
2911 19 41
2912 19 41
2913 20 41
2914 20 41
2915 20 41
2916 20 41
2917 20 41
2918 20 41
2919 20 41
2920 20 41
2921 20 41
2922 20 41
2923 20 41
2924 20 41
2925 20 41
2926 20 41
2927 20 41
2928 20 41
2929 20 41
2930 20 41
2931 20 41
2932 20 41
2933 20 41
2934 20 41
2935 20 41
2936 21 41
2937 21 41
2938 21 41
2939 21 41
2940 21 41
2941 21 41
2942 21 41
2943 21 41
2944 21 41
2945 21 41
2946 21 41
2947 21 41
2948 22 41
2949 22 41
2950 22 41
2951 22 41
2952 22 41
2953 22 41
2954 22 41
2955 22 41
2956 23 41
2957 23 41
2958 23 41
2959 23 41
2960 23 41
2961 23 41
2962 23 41
2963 23 41
2964 23 41
2965 23 41
2966 24 41
2967 24 41
2968 24 41
2969 24 41
2970 24 41
2971 24 41
2972 24 41
2973 24 41
2974 24 41
2975 24 41
2976 24 41
2977 24 41
2978 25 42
2979 25 42
2980 25 42
2981 25 42
2982 25 42
2983 25 42
2984 25 42
2985 25 42
2986 25 42
2987 25 42
2988 25 42
2989 25 42
2990 25 42
2991 25 42
2992 25 42
2993 25 42
2994 25 42
2995 25 42
2996 25 42
2997 25 42
2998 25 42
2999 25 42
3000 25 42
3001 25 42
3002 25 42
3003 25 42
3004 25 42
3005 25 42
3006 26 42
3007 26 42
3008 26 42
3009 26 42
3010 26 42
3011 26 43
3012 26 43
3013 26 43
3014 26 43
3015 26 43
3016 26 43
3017 26 43
3018 26 43
3019 26 43
3020 26 43
3021 26 43
3022 26 43
3023 26 43
3024 26 43
3025 26 43
3026 26 43
3027 26 43
3028 26 43
3029 26 43
3030 26 43
3031 26 43
3032 27 43
3033 27 43
3034 27 43
3035 27 43
3036 27 43
3037 27 43
3038 27 43
3039 27 43
3040 27 43
3041 27 43
3042 27 43
3043 27 43
3044 27 43
3045 27 43
3046 27 43
3047 27 43
3048 27 44
3049 27 44
3050 27 44
3051 27 44
3052 27 44
3053 27 44
3054 27 44
3055 27 44
3056 27 44
3057 27 44
3058 27 44
3059 27 44
3060 27 44
3061 27 44
3062 27 44
3063 27 44
3064 27 44
3065 28 44
3066 28 44
3067 28 44
3068 28 44
3069 28 44
3070 28 44
3071 29 44
3072 29 44
3073 29 44
3074 29 44
3075 29 44
3076 29 44
3077 29 44
3078 29 44
3079 29 44
3080 29 44
3081 30 44
3082 31 44
3083 31 44
3084 31 44
3085 31 44
3086 31 44
3087 31 44
3088 32 44
3089 32 44
3090 32 44
3091 32 44
3092 33 44
3093 33 44
3094 33 44
3095 33 44
3096 33 44
3097 34 44
3098 34 44
3099 34 44
3100 35 44
3101 35 45
3102 35 45
3103 36 45
3104 36 45
3105 36 45
3106 36 45
3107 36 45
3108 36 45
3109 36 45
3110 37 45
3111 37 45
3112 37 45
3113 37 45
3114 37 45
3115 37 45
3116 37 45
3117 37 45
3118 37 45
3119 37 45
3120 38 45
3121 38 45
3122 38 45
3123 39 45
3124 40 45
3125 41 45
3126 41 45
3127 41 45
3128 41 45
3129 41 45
3130 41 45
3131 41 45
3132 41 45
3133 41 45
3134 41 45
3135 41 45
3136 41 45
3137 41 45
3138 41 45
3139 41 45
3140 41 45
3141 41 45
3142 42 45
3143 42 45
3144 42 45
3145 42 45
3146 43 45
3147 43 45
3148 43 45
3149 44 45
3150 44 45
3151 44 45
3152 44 45
3153 45 45
3154 45 45
3155 45 45
3156 45 45
3157 45 45
3158 45 45
3159 45 45
3160 45 45
3161 46 45
3162 46 45
3163 47 45
3164 47 45
3165 47 45
3166 47 45
3167 47 45
3168 47 45
3169 47 45
3170 47 45
3171 47 45
3172 47 45
3173 47 45
3174 47 46
3175 47 46
3176 47 46
3177 47 46
3178 47 46
3179 47 46
3180 47 46
3181 47 46
3182 47 46
3183 47 46
3184 47 46
3185 47 46
3186 47 46
3187 47 46
3188 47 46
3189 47 46
3190 47 46
3191 47 46
3192 47 46
3193 47 46
3194 47 46
3195 47 46
3196 47 46
3197 47 46
3198 47 46
3199 47 46
3200 47 46
3201 48 46
3202 48 46
3203 48 46
3204 49 46
3205 49 46
3206 49 46
3207 50 46
3208 50 46
3209 50 46
3210 50 46
3211 51 46
3212 51 46
3213 51 46
3214 51 46
3215 51 46
3216 51 46
3217 51 46
3218 52 46
3219 53 46
3220 53 46
3221 53 46
3222 53 46
3223 53 46
3224 53 46
3225 53 46
3226 53 46
3227 54 46
3228 54 46
3229 55 46
3230 55 46
3231 55 46
3232 55 46
3233 56 46
3234 56 46
3235 57 47
3236 57 47
3237 57 47
3238 57 47
3239 57 47
3240 57 47
3241 58 47
3242 59 47
3243 60 47
3244 60 47
3245 60 47
3246 60 47
3247 63 47
3248 63 47
3249 64 47
3250 64 47
3251 65 47
3252 67 47
3253 68 47
3254 68 47
3255 69 47
3256 69 47
3257 71 47
3258 71 47
3259 72 47
3260 72 47
3261 72 47
3262 72 47
3263 73 47
3264 73 47
3265 73 47
3266 74 47
3267 74 47
3268 74 47
3269 74 47
3270 75 47
3271 77 47
3272 78 47
3273 81 47
3274 83 47
3275 83 47
3276 83 47
3277 83 47
3278 83 47
3279 83 47
3280 83 47
3281 83 47
3282 83 47
3283 83 47
3284 84 47
3285 95 47
3286 95 47
3287 95 47
3288 95 47
3289 95 47
3290 95 47
3291 95 47
3292 95 47
3293 95 47
3294 95 47
3295 95 47
3296 95 47
3297 95 47
3298 95 47
3299 95 47
3300 95 47
3301 95 47
3302 95 48
3303 95 48
3304 95 48
3305 95 48
3306 95 48
3307 95 48
3308 95 48
3309 95 48
3310 95 48
3311 95 48
3312 95 48
3313 95 48
3314 95 48
3315 95 48
3316 95 48
3317 95 48
3318 96 48
3319 100 48
