0 0 0
1 0 0
2 0 0
3 0 0
4 0 0
5 0 0
6 0 0
7 0 0
8 0 0
9 0 0
10 0 0
11 0 0
12 0 0
13 0 0
14 0 0
15 0 0
16 0 0
17 0 0
18 0 0
19 0 0
20 0 0
21 0 0
22 0 0
23 0 0
24 0 0
25 0 0
26 0 0
27 0 0
28 0 0
29 0 0
30 0 0
31 0 0
32 0 0
33 0 0
34 0 0
35 0 0
36 0 0
37 0 0
38 0 0
39 0 0
40 0 0
41 0 0
42 0 0
43 0 0
44 0 0
45 0 0
46 0 0
47 0 0
48 0 0
49 0 0
50 0 0
51 0 0
52 0 0
53 0 0
54 0 0
55 0 0
56 0 0
57 0 0
58 0 0
59 0 0
60 0 0
61 0 0
62 0 0
63 0 0
64 0 0
65 0 0
66 0 0
67 0 0
68 0 0
69 0 0
70 0 0
71 0 0
72 0 0
73 0 0
74 0 0
75 0 0
76 0 0
77 0 0
78 0 0
79 0 0
80 0 0
81 0 0
82 0 0
83 0 0
84 0 0
85 0 0
86 0 0
87 0 0
88 0 0
89 0 0
90 0 0
91 0 0
92 0 0
93 0 0
94 0 0
95 0 0
96 0 0
97 0 0
98 0 0
99 0 0
100 0 0
101 0 0
102 0 0
103 0 0
104 0 0
105 0 0
106 0 0
107 0 0
108 0 0
109 0 0
110 0 0
111 0 0
112 0 0
113 0 0
114 0 0
115 0 0
116 0 0
117 0 0
118 0 0
119 0 0
120 0 0
121 0 0
122 0 0
123 0 0
124 0 0
125 0 0
126 0 0
127 0 0
128 0 0
129 0 0
130 0 0
131 0 0
132 0 0
133 0 0
134 0 0
135 0 0
136 0 0
137 0 0
138 0 0
139 0 0
140 0 0
141 0 0
142 0 0
143 0 0
144 0 0
145 0 0
146 0 0
147 0 0
148 0 0
149 0 0
150 0 0
151 0 0
152 0 0
153 0 0
154 0 0
155 0 0
156 0 0
157 0 0
158 0 0
159 0 0
160 0 0
161 0 0
162 0 0
163 0 0
164 0 0
165 0 0
166 0 0
167 0 0
168 0 0
169 0 0
170 0 0
171 0 0
172 0 0
173 0 0
174 0 0
175 0 0
176 0 0
177 0 0
178 0 0
179 0 0
180 0 0
181 0 0
182 0 0
183 0 0
184 0 0
185 0 0
186 0 0
187 0 0
188 0 0
189 0 0
190 0 0
191 0 0
192 0 0
193 0 0
194 0 0
195 0 0
196 0 0
197 0 0
198 0 0
199 0 0
200 0 0
201 0 0
202 0 0
203 0 0
204 0 0
205 0 0
206 0 0
207 0 0
208 0 0
209 0 0
210 0 0
211 0 0
212 0 0
213 0 0
214 0 0
215 0 0
216 0 0
217 0 0
218 0 0
219 0 0
220 0 0
221 0 0
222 0 0
223 0 0
224 0 0
225 0 0
226 0 0
227 0 0
228 0 0
229 0 0
230 0 0
231 0 0
232 0 0
233 0 0
234 0 0
235 0 0
236 0 0
237 0 0
238 0 0
239 0 0
240 0 0
241 0 0
242 0 0
243 0 0
244 0 0
245 0 0
246 0 0
247 0 0
248 0 0
249 0 0
250 0 0
251 0 0
252 0 0
253 0 0
254 0 0
255 0 0
256 0 0
257 0 0
258 0 0
259 0 0
260 0 0
261 0 0
262 0 0
263 0 0
264 0 0
265 0 0
266 0 0
267 0 0
268 0 0
269 0 0
270 0 0
271 0 0
272 0 0
273 0 0
274 0 0
275 0 0
276 0 0
277 0 0
278 0 0
279 0 0
280 0 0
281 0 0
282 0 0
283 0 0
284 0 0
285 0 0
286 0 0
287 0 0
288 0 0
289 0 0
290 0 0
291 0 0
292 0 0
293 0 0
294 0 0
295 0 0
296 0 0
297 0 0
298 0 0
299 0 0
300 0 0
301 0 0
302 0 0
303 0 0
304 0 0
305 0 0
306 0 0
307 0 0
308 0 0
309 0 0
310 0 0
311 0 0
312 0 0
313 0 0
314 0 0
315 0 0
316 0 0
317 0 0
318 0 0
319 0 0
320 0 0
321 0 0
322 0 0
323 0 0
324 0 0
325 0 0
326 0 0
327 0 0
328 0 0
329 0 0
330 0 0
331 0 0
332 0 0
333 0 0
334 0 0
335 0 0
336 0 0
337 0 0
338 0 0
339 0 0
340 0 0
341 0 0
342 0 0
343 0 0
344 0 0
345 0 0
346 0 0
347 0 0
348 0 0
349 0 0
350 0 0
351 0 0
352 0 0
353 0 0
354 0 0
355 0 0
356 0 0
357 0 0
358 0 0
359 0 0
360 0 0
361 0 0
362 0 0
363 0 0
364 0 0
365 0 0
366 0 0
367 0 0
368 0 0
369 0 0
370 0 0
371 0 0
372 0 0
373 0 0
374 0 0
375 0 0
376 0 0
377 0 0
378 0 0
379 0 0
380 0 0
381 0 0
382 0 0
383 0 0
384 0 0
385 0 0
386 0 0
387 0 0
388 0 0
389 0 0
390 0 0
391 0 0
392 0 0
393 0 0
394 0 0
395 0 0
396 0 0
397 0 0
398 0 0
399 0 0
400 0 0
401 0 0
402 0 0
403 0 0
404 0 0
405 0 0
406 0 0
407 0 0
408 0 0
409 0 0
410 0 0
411 0 0
412 0 0
413 0 0
414 0 0
415 0 0
416 0 0
417 0 0
418 0 0
419 0 0
420 0 0
421 0 0
422 0 0
423 0 0
424 0 0
425 0 0
426 0 0
427 0 0
428 0 0
429 0 0
430 0 0
431 0 0
432 0 0
433 0 0
434 0 0
435 0 0
436 0 0
437 0 0
438 0 0
439 0 0
440 0 0
441 0 0
442 0 0
443 0 0
444 0 0
445 0 0
446 0 0
447 0 0
448 0 0
449 0 0
450 0 0
451 0 0
452 0 0
453 0 0
454 0 0
455 0 0
456 0 0
457 0 0
458 0 0
459 0 0
460 0 0
461 0 0
462 0 0
463 0 0
464 0 0
465 0 0
466 0 0
467 0 0
468 0 0
469 0 0
470 0 0
471 0 0
472 0 0
473 0 0
474 0 0
475 0 0
476 0 0
477 0 0
478 0 0
479 0 0
480 0 0
481 0 0
482 0 0
483 0 0
484 0 0
485 0 0
486 0 0
487 0 0
488 0 0
489 0 0
490 0 0
491 0 0
492 0 0
493 0 0
494 0 0
495 0 0
496 0 0
497 0 0
498 0 0
499 0 0
500 0 0
501 0 0
502 0 0
503 0 0
504 0 0
505 0 0
506 0 0
507 0 0
508 0 0
509 0 0
510 0 1
511 0 1
512 0 1
513 0 1
514 0 1
515 0 1
516 0 1
517 0 1
518 0 1
519 0 1
520 0 1
521 0 1
522 0 1
523 0 1
524 0 1
525 0 1
526 0 1
527 0 1
528 0 1
529 0 1
530 0 1
531 0 1
532 0 1
533 0 1
534 0 1
535 0 1
536 0 1
537 0 1
538 0 1
539 0 1
540 0 1
541 0 1
542 0 1
543 0 1
544 0 1
545 0 1
546 0 1
547 0 1
548 0 1
549 0 1
550 0 1
551 0 1
552 0 1
553 0 1
554 0 1
555 0 1
556 0 1
557 0 1
558 0 1
559 0 1
560 0 1
561 0 1
562 0 1
563 0 1
564 0 1
565 0 1
566 0 1
567 0 1
568 0 1
569 0 1
570 0 1
571 0 1
572 0 1
573 0 1
574 0 1
575 0 1
576 0 1
577 0 1
578 0 1
579 0 1
580 0 1
581 0 1
582 0 1
583 0 1
584 0 1
585 0 1
586 0 1
587 0 1
588 0 1
589 0 1
590 0 1
591 0 1
592 0 1
593 0 1
594 0 1
595 0 1
596 0 1
597 0 1
598 0 1
599 0 1
600 0 1
601 0 1
602 0 1
603 0 1
604 0 1
605 0 1
606 0 1
607 0 1
608 0 1
609 0 1
610 0 1
611 0 1
612 0 1
613 0 1
614 0 1
615 0 1
616 0 1
617 0 1
618 0 1
619 0 1
620 0 1
621 0 1
622 0 1
623 0 1
624 0 1
625 0 1
626 0 1
627 0 1
628 0 1
629 0 1
630 0 1
631 0 1
632 0 1
633 0 1
634 0 1
635 0 1
636 0 1
637 0 1
638 0 1
639 0 1
640 0 1
641 0 1
642 0 1
643 0 1
644 0 1
645 0 1
646 0 1
647 0 1
648 0 1
649 0 1
650 0 1
651 0 1
652 0 1
653 0 1
654 0 1
655 0 1
656 0 1
657 0 1
658 0 1
659 0 1
660 0 1
661 0 1
662 0 1
663 0 1
664 0 1
665 0 1
666 0 1
667 0 1
668 0 1
669 0 1
670 0 1
671 0 1
672 0 1
673 0 1
674 0 1
675 0 1
676 0 1
677 0 1
678 0 1
679 0 1
680 0 1
681 0 1
682 0 1
683 0 1
684 0 1
685 0 1
686 0 1
687 0 1
688 0 1
689 0 1
690 0 1
691 0 1
692 0 1
693 0 1
694 0 1
695 0 1
696 0 1
697 0 1
698 0 1
699 0 1
700 0 1
701 0 1
702 0 1
703 0 1
704 0 1
705 0 1
706 0 1
707 0 1
708 0 1
709 0 1
710 0 1
711 0 1
712 0 1
713 0 1
714 0 1
715 0 1
716 0 1
717 0 1
718 0 1
719 0 1
720 0 1
721 0 1
722 0 1
723 0 1
724 0 1
725 0 1
726 0 1
727 0 1
728 0 1
729 0 1
730 0 1
731 0 1
732 0 1
733 0 1
734 0 1
735 0 1
736 0 1
737 0 1
738 0 1
739 0 1
740 0 1
741 0 1
742 0 1
743 0 1
744 0 1
745 0 1
746 0 1
747 0 1
748 0 1
749 0 1
750 0 1
751 0 1
752 0 1
753 0 1
754 0 1
755 0 1
756 0 1
757 0 1
758 0 1
759 0 1
760 0 1
761 0 1
762 0 1
763 0 1
764 0 1
765 0 1
766 0 1
767 0 1
768 0 1
769 0 1
770 0 1
771 0 1
772 0 1
773 0 1
774 0 1
775 0 1
776 0 1
777 0 1
778 0 1
779 0 1
780 0 1
781 0 1
782 0 1
783 0 1
784 0 1
785 0 1
786 0 1
787 0 1
788 0 1
789 0 1
790 0 1
791 0 1
792 0 1
793 0 1
794 0 1
795 0 1
796 0 1
797 0 1
798 0 1
799 0 1
800 0 1
801 0 1
802 0 1
803 0 1
804 0 1
805 0 1
806 0 1
807 0 1
808 0 1
809 0 1
810 0 1
811 0 1
812 0 1
813 0 1
814 0 1
815 0 1
816 0 1
817 0 1
818 0 1
819 0 1
820 0 1
821 0 1
822 0 1
823 0 1
824 0 1
825 0 1
826 0 1
827 0 1
828 0 1
829 0 1
830 0 1
831 0 1
832 0 1
833 0 1
834 0 1
835 0 1
836 0 1
837 0 1
838 0 1
839 0 1
840 0 1
841 0 1
842 0 1
843 0 1
844 0 1
845 0 1
846 0 1
847 0 1
848 0 1
849 0 1
850 0 1
851 0 1
852 0 1
853 0 1
854 0 1
855 0 1
856 0 1
857 0 1
858 0 1
859 0 1
860 0 1
861 0 1
862 0 2
863 0 2
864 0 2
865 0 2
866 0 2
867 0 2
868 0 2
869 0 2
870 0 2
871 0 2
872 0 2
873 0 2
874 0 2
875 0 2
876 0 2
877 0 2
878 0 2
879 0 2
880 0 2
881 0 2
882 0 2
883 0 2
884 0 2
885 0 2
886 0 2
887 0 2
888 0 3
889 0 3
890 0 3
891 0 3
892 0 3
893 0 3
894 0 3
895 0 3
896 0 3
897 0 3
898 0 3
899 0 3
900 0 3
901 0 3
902 0 3
903 0 3
904 0 3
905 0 2
906 0 2
907 1 2
908 1 3
909 1 3
910 1 3
911 1 3
912 1 3
913 1 3
914 1 3
915 1 3
916 1 3
917 1 3
918 1 3
919 1 3
920 1 3
921 1 3
922 1 3
923 1 3
924 1 3
925 1 3
926 1 3
927 1 3
928 1 3
929 1 3
930 1 3
931 1 3
932 1 3
933 1 3
934 1 3
935 1 3
936 1 3
937 1 3
938 1 3
939 1 3
940 1 4
941 1 4
942 1 4
943 1 4
944 1 4
945 1 4
946 1 4
947 1 4
948 1 4
949 1 4
950 1 4
951 1 4
952 1 4
953 1 4
954 1 4
955 1 4
956 1 4
957 1 4
958 1 4
959 1 4
960 1 4
961 1 4
962 1 4
963 1 4
964 1 4
965 1 4
966 1 4
967 1 4
968 1 4
969 1 4
970 1 4
971 1 4
972 1 4
973 1 4
974 1 4
975 1 4
976 1 4
977 1 4
978 1 4
979 1 4
980 1 4
981 1 4
982 1 4
983 1 4
984 1 4
985 1 4
986 1 4
987 1 4
988 1 4
989 1 4
990 1 4
991 1 4
992 1 4
993 1 4
994 1 4
995 1 4
996 1 4
997 1 4
998 1 4
999 1 4
1000 1 4
1001 1 4
1002 1 4
1003 1 4
1004 1 4
1005 1 4
1006 1 4
1007 1 4
1008 1 4
1009 1 4
1010 1 4
1011 1 4
1012 1 4
1013 1 4
1014 1 4
1015 1 4
1016 1 4
1017 1 4
1018 1 4
1019 1 4
1020 1 4
1021 1 4
1022 1 4
1023 1 4
1024 1 4
1025 1 4
1026 1 4
1027 1 4
1028 1 4
1029 1 4
1030 1 4
1031 1 4
1032 1 4
1033 1 4
1034 1 4
1035 1 5
1036 1 5
1037 1 5
1038 1 5
1039 1 5
1040 1 5
1041 1 5
1042 1 5
1043 1 5
1044 1 5
1045 1 5
1046 1 5
1047 1 5
1048 1 5
1049 1 5
1050 1 5
1051 1 5
1052 1 5
1053 1 5
1054 1 5
1055 1 5
1056 1 5
1057 1 5
1058 1 5
1059 1 5
1060 1 5
1061 1 5
1062 1 5
1063 1 5
1064 1 5
1065 1 5
1066 1 5
1067 1 5
1068 1 5
1069 1 5
1070 1 5
1071 1 5
1072 1 5
1073 1 5
1074 1 5
1075 1 5
1076 1 5
1077 1 5
1078 1 5
1079 1 5
1080 1 5
1081 1 6
1082 1 6
1083 1 6
1084 1 6
1085 1 6
1086 1 6
1087 1 6
1088 1 6
1089 1 6
1090 1 6
1091 1 6
1092 1 6
1093 1 6
1094 1 6
1095 1 6
1096 1 6
1097 1 6
1098 1 7
1099 1 7
1100 1 7
1101 1 7
1102 1 7
1103 1 7
1104 1 7
1105 1 7
1106 1 7
1107 1 7
1108 1 6
1109 1 7
1110 1 7
1111 1 7
1112 1 7
1113 1 7
1114 1 7
1115 1 7
1116 1 7
1117 1 7
1118 1 7
1119 1 7
1120 1 7
1121 1 7
1122 1 7
1123 1 7
1124 1 7
1125 1 7
1126 1 7
1127 1 7
1128 1 7
1129 1 7
1130 1 7
1131 1 7
1132 1 7
1133 1 7
1134 1 7
1135 1 7
1136 1 7
1137 1 7
1138 1 7
1139 1 7
1140 1 7
1141 1 7
1142 1 7
1143 1 7
1144 1 7
1145 1 7
1146 1 7
1147 1 7
1148 1 7
1149 1 7
1150 1 7
1151 1 7
1152 1 7
1153 1 7
1154 1 7
1155 1 7
1156 1 7
1157 1 7
1158 1 7
1159 1 7
1160 1 7
1161 1 7
1162 1 7
1163 1 7
1164 1 7
1165 1 7
1166 1 7
1167 1 7
1168 1 7
1169 1 7
1170 1 7
1171 1 7
1172 1 7
1173 1 7
1174 1 7
1175 1 7
1176 1 7
1177 1 7
1178 1 7
1179 1 7
1180 1 7
1181 1 7
1182 1 7
1183 1 7
1184 1 7
1185 1 7
1186 1 7
1187 1 7
1188 1 7
1189 1 7
1190 1 7
1191 1 7
1192 1 7
1193 1 7
1194 1 8
1195 1 8
1196 1 8
1197 1 8
1198 1 8
1199 1 8
1200 1 8
1201 1 8
1202 1 8
1203 1 8
1204 1 8
1205 1 8
1206 1 7
1207 1 7
1208 1 7
1209 1 7
1210 1 7
1211 1 7
1212 1 7
1213 1 7
1214 1 7
1215 1 7
1216 1 7
1217 1 7
1218 1 7
1219 1 7
1220 1 7
1221 1 7
1222 1 7
1223 1 7
1224 1 7
1225 1 8
1226 1 8
1227 1 7
1228 1 7
1229 1 7
1230 1 7
1231 1 7
1232 1 7
1233 1 7
1234 1 7
1235 1 7
1236 1 7
1237 1 7
1238 1 7
1239 1 7
1240 1 7
1241 1 7
1242 1 7
1243 1 7
1244 1 7
1245 1 7
1246 1 7
1247 1 7
1248 1 7
1249 1 7
1250 1 7
1251 1 7
1252 1 7
1253 1 7
1254 1 7
1255 1 7
1256 1 8
1257 1 8
1258 1 8
1259 1 8
1260 1 8
1261 1 8
1262 1 8
1263 1 8
1264 1 8
1265 1 8
1266 1 8
1267 1 8
1268 1 8
1269 1 8
1270 1 8
1271 1 8
1272 1 8
1273 1 8
1274 1 8
1275 1 8
1276 1 8
1277 1 8
1278 1 8
1279 1 8
1280 1 8
1281 1 8
1282 1 8
1283 1 8
1284 1 8
1285 1 8
1286 1 8
1287 1 8
1288 1 8
1289 1 8
1290 1 8
1291 1 8
1292 2 8
1293 2 8
1294 2 8
1295 2 8
1296 2 8
1297 2 8
1298 2 8
1299 2 8
1300 2 8
1301 2 8
1302 2 8
1303 2 8
1304 2 8
1305 2 8
1306 2 8
1307 2 8
1308 2 8
1309 2 8
1310 2 8
1311 2 8
1312 2 8
1313 2 8
1314 2 8
1315 2 8
1316 2 8
1317 2 8
1318 2 8
1319 2 8
1320 2 8
1321 2 8
1322 2 8
1323 2 8
1324 2 8
1325 2 8
1326 2 8
1327 2 8
1328 2 8
1329 2 8
1330 2 8
1331 2 8
1332 2 8
1333 2 8
1334 2 8
1335 2 8
1336 2 8
1337 2 8
1338 2 8
1339 2 8
1340 2 8
1341 2 8
1342 2 8
1343 2 8
1344 2 8
1345 2 8
1346 2 8
1347 2 8
1348 2 8
1349 2 8
1350 2 8
1351 2 8
1352 2 8
1353 2 8
1354 2 8
1355 2 8
1356 2 8
1357 2 8
1358 2 8
1359 2 8
1360 2 8
1361 2 8
1362 2 8
1363 2 8
1364 2 8
1365 2 8
1366 2 8
1367 2 8
1368 2 8
1369 2 8
1370 2 8
1371 2 8
1372 2 8
1373 2 8
1374 2 8
1375 2 8
1376 2 8
1377 2 8
1378 2 8
1379 2 8
1380 2 8
1381 2 8
1382 2 8
1383 2 8
1384 2 8
1385 2 8
1386 2 8
1387 2 8
1388 2 8
1389 2 8
1390 2 8
1391 2 8
1392 2 8
1393 2 8
1394 2 8
1395 2 8
1396 2 8
1397 2 8
1398 2 8
1399 2 8
1400 2 8
1401 2 8
1402 2 8
1403 2 8
1404 2 8
1405 2 8
1406 2 8
1407 2 8
1408 2 9
1409 2 8
1410 2 8
1411 2 8
1412 2 8
1413 2 8
1414 2 8
1415 2 8
1416 2 8
1417 2 8
1418 2 8
1419 2 8
1420 2 8
1421 2 8
1422 2 8
1423 2 9
1424 2 9
1425 2 9
1426 2 9
1427 2 9
1428 2 9
1429 2 9
1430 2 9
1431 2 9
1432 2 9
1433 2 9
1434 2 9
1435 2 9
1436 2 9
1437 2 9
1438 2 9
1439 2 9
1440 2 9
1441 2 9
1442 2 9
1443 2 9
1444 2 9
1445 2 9
1446 2 9
1447 2 9
1448 2 9
1449 2 9
1450 2 9
1451 2 9
1452 2 9
1453 2 9
1454 2 9
1455 2 9
1456 2 9
1457 2 9
1458 2 9
1459 2 9
1460 2 9
1461 2 9
1462 2 9
1463 2 9
1464 2 9
1465 2 9
1466 2 9
1467 2 9
1468 2 9
1469 2 9
1470 2 9
1471 2 9
1472 2 9
1473 2 9
1474 2 9
1475 2 9
1476 2 9
1477 2 9
1478 2 9
1479 2 9
1480 2 10
1481 2 10
1482 2 10
1483 2 10
1484 2 10
1485 2 10
1486 2 10
1487 2 10
1488 2 10
1489 2 10
1490 2 10
1491 2 10
1492 2 10
1493 2 10
1494 2 10
1495 2 10
1496 2 10
1497 2 10
1498 2 10
1499 2 10
1500 2 10
1501 2 10
1502 2 10
1503 2 10
1504 2 10
1505 2 10
1506 2 10
1507 2 10
1508 2 10
1509 2 10
1510 2 10
1511 2 10
1512 2 10
1513 2 10
1514 2 10
1515 2 10
1516 2 10
1517 2 10
1518 2 10
1519 2 10
1520 2 10
1521 2 10
1522 2 10
1523 2 10
1524 2 10
1525 2 10
1526 2 10
1527 2 10
1528 2 10
1529 2 10
1530 2 10
1531 2 10
1532 2 10
1533 2 10
1534 2 10
1535 2 10
1536 2 10
1537 2 10
1538 2 10
1539 2 10
1540 2 10
1541 2 10
1542 2 10
1543 2 10
1544 2 10
1545 2 10
1546 2 10
1547 2 10
1548 2 10
1549 2 10
1550 2 10
1551 2 10
1552 2 10
1553 2 10
1554 2 11
1555 2 11
1556 2 11
1557 2 11
1558 2 11
1559 2 11
1560 2 11
1561 2 11
1562 2 11
1563 2 11
1564 2 11
1565 2 11
1566 2 11
1567 2 11
1568 2 11
1569 2 11
1570 2 11
1571 2 11
1572 2 11
1573 2 11
1574 2 11
1575 2 11
1576 2 11
1577 2 11
1578 2 11
1579 2 11
1580 2 11
1581 2 11
1582 2 11
1583 2 11
1584 3 11
1585 3 11
1586 3 11
1587 3 11
1588 3 11
1589 3 11
1590 3 11
1591 3 11
1592 3 11
1593 3 11
1594 3 11
1595 3 11
1596 3 11
1597 3 11
1598 3 11
1599 3 11
1600 3 11
1601 3 11
1602 3 11
1603 3 11
1604 3 11
1605 3 11
1606 3 11
1607 3 11
1608 3 11
1609 3 12
1610 3 12
1611 3 12
1612 3 12
1613 3 12
1614 3 12
1615 3 12
1616 3 12
1617 3 12
1618 3 12
1619 3 12
1620 3 12
1621 3 12
1622 3 12
1623 3 12
1624 3 12
1625 3 12
1626 3 12
1627 3 12
1628 3 12
1629 3 12
1630 3 12
1631 3 12
1632 3 12
1633 3 12
1634 3 12
1635 3 12
1636 3 12
1637 3 12
1638 3 12
1639 3 12
1640 3 12
1641 3 12
1642 3 12
1643 3 12
1644 3 12
1645 3 12
1646 3 12
1647 3 12
1648 3 12
1649 3 12
1650 3 12
1651 3 12
1652 3 12
1653 3 12
1654 3 12
1655 3 12
1656 3 12
1657 3 12
1658 3 12
1659 3 12
1660 3 12
1661 3 12
1662 3 12
1663 3 12
1664 3 12
1665 3 12
1666 3 12
1667 3 12
1668 3 12
1669 3 12
1670 3 12
1671 3 12
1672 3 12
1673 3 12
1674 3 13
1675 3 13
1676 3 13
1677 3 13
1678 3 13
1679 3 13
1680 3 13
1681 3 13
1682 3 13
1683 3 13
1684 3 13
1685 3 13
1686 3 13
1687 3 13
1688 3 13
1689 3 13
1690 3 13
1691 3 13
1692 3 13
1693 3 13
1694 3 13
1695 3 13
1696 3 13
1697 3 13
1698 3 13
1699 3 13
1700 3 13
1701 3 13
1702 3 13
1703 3 13
1704 3 13
1705 3 13
1706 3 13
1707 3 13
1708 3 13
1709 3 13
1710 3 13
1711 3 13
1712 3 13
1713 3 13
1714 3 13
1715 3 14
1716 3 14
1717 3 14
1718 3 14
1719 3 14
1720 3 14
1721 3 14
1722 3 14
1723 3 14
1724 3 14
1725 3 14
1726 3 14
1727 3 14
1728 3 14
1729 3 14
1730 3 14
1731 3 14
1732 3 14
1733 3 14
1734 3 14
1735 3 14
1736 3 14
1737 3 14
1738 3 14
1739 3 14
1740 3 14
1741 3 14
1742 3 14
1743 3 14
1744 3 15
1745 3 15
1746 3 15
1747 3 15
1748 3 15
1749 3 15
1750 3 15
1751 3 15
1752 3 15
1753 3 15
1754 3 15
1755 3 15
1756 3 15
1757 3 15
1758 3 15
1759 3 15
1760 3 16
1761 3 16
1762 3 16
1763 3 16
1764 3 16
1765 3 16
1766 3 16
1767 3 16
1768 3 16
1769 3 16
1770 3 16
1771 3 16
1772 3 16
1773 3 16
1774 3 16
1775 3 16
1776 3 16
1777 3 16
1778 3 16
1779 3 16
1780 3 16
1781 3 16
1782 3 16
1783 3 16
1784 3 16
1785 3 16
1786 3 16
1787 3 16
1788 3 16
1789 3 16
1790 3 17
1791 3 17
1792 3 17
1793 3 17
1794 3 17
1795 3 17
1796 3 17
1797 3 17
1798 3 17
1799 3 17
1800 3 17
1801 3 17
1802 3 17
1803 3 17
1804 3 17
1805 3 17
1806 3 17
1807 3 17
1808 3 17
1809 4 17
1810 4 17
1811 4 17
1812 4 17
1813 4 17
1814 4 17
1815 4 17
1816 4 17
1817 4 17
1818 4 17
1819 4 17
1820 4 17
1821 4 17
1822 4 17
1823 4 17
1824 4 17
1825 4 17
1826 4 17
1827 4 17
1828 4 17
1829 4 17
1830 4 17
1831 4 17
1832 4 17
1833 4 17
1834 4 17
1835 4 17
1836 4 18
1837 4 18
1838 4 18
1839 4 18
1840 4 18
1841 4 18
1842 4 18
1843 4 18
1844 4 18
1845 4 18
1846 4 18
1847 4 18
1848 4 18
1849 4 18
1850 4 18
1851 4 18
1852 4 18
1853 4 18
1854 4 18
1855 4 18
1856 4 18
1857 4 18
1858 4 18
1859 4 18
1860 4 18
1861 4 18
1862 4 18
1863 4 18
1864 4 18
1865 4 18
1866 4 18
1867 4 18
1868 4 18
1869 4 18
1870 4 18
1871 4 18
1872 4 18
1873 4 18
1874 4 18
1875 4 18
1876 4 18
1877 4 18
1878 4 18
1879 4 18
1880 4 18
1881 4 19
1882 4 19
1883 4 19
1884 4 19
1885 4 19
1886 4 19
1887 4 19
1888 4 19
1889 4 19
1890 4 19
1891 4 19
1892 4 19
1893 4 19
1894 4 19
1895 4 19
1896 4 19
1897 4 19
1898 4 19
1899 4 19
1900 4 19
1901 4 19
1902 4 19
1903 4 19
1904 4 19
1905 4 19
1906 4 19
1907 4 19
1908 4 19
1909 4 19
1910 4 19
1911 4 19
1912 4 19
1913 4 19
1914 4 19
1915 4 19
1916 4 19
1917 4 19
1918 4 19
1919 4 19
1920 4 19
1921 4 19
1922 4 19
1923 4 19
1924 4 19
1925 4 19
1926 4 19
1927 4 20
1928 4 20
1929 4 19
1930 4 20
1931 4 20
1932 4 20
1933 4 20
1934 4 20
1935 4 20
1936 4 20
1937 4 20
1938 4 20
1939 4 20
1940 4 20
1941 4 20
1942 4 20
1943 4 20
1944 4 20
1945 4 20
1946 4 20
1947 4 20
1948 4 20
1949 4 20
1950 4 20
1951 4 20
1952 4 20
1953 4 20
1954 5 20
1955 5 20
1956 5 20
1957 5 20
1958 5 20
1959 5 20
1960 5 20
1961 5 20
1962 5 20
1963 5 20
1964 5 20
1965 5 20
1966 5 20
1967 5 20
1968 5 20
1969 5 20
1970 5 20
1971 5 20
1972 5 20
1973 5 20
1974 5 20
1975 5 20
1976 5 20
1977 5 20
1978 5 20
1979 5 20
1980 5 20
1981 5 20
1982 5 20
1983 5 20
1984 5 20
1985 5 20
1986 5 20
1987 5 20
1988 5 20
1989 5 20
1990 5 20
1991 5 20
1992 5 20
1993 5 20
1994 5 20
1995 5 20
1996 5 20
1997 5 20
1998 5 20
1999 5 20
2000 5 20
2001 5 20
2002 5 20
2003 5 20
2004 5 20
2005 5 20
2006 5 20
2007 5 20
2008 5 20
2009 5 20
2010 5 20
2011 5 20
2012 5 20
2013 5 20
2014 5 20
2015 5 20
2016 5 20
2017 5 20
2018 5 20
2019 5 20
2020 5 20
2021 5 20
2022 5 20
2023 5 20
2024 5 20
2025 5 20
2026 5 20
2027 5 20
2028 5 20
2029 5 20
2030 5 20
2031 5 20
2032 5 20
2033 5 20
2034 5 20
2035 5 20
2036 5 20
2037 5 20
2038 5 20
2039 5 20
2040 5 20
2041 5 20
2042 5 20
2043 5 20
2044 5 20
2045 5 20
2046 5 20
2047 5 20
2048 5 20
2049 5 20
2050 5 20
2051 5 20
2052 5 20
2053 5 20
2054 5 20
2055 5 20
2056 5 20
2057 5 20
2058 5 20
2059 5 20
2060 5 20
2061 5 20
2062 5 20
2063 5 20
2064 5 20
2065 5 20
2066 5 20
2067 5 20
2068 5 20
2069 5 20
2070 5 20
2071 5 20
2072 5 21
2073 5 21
2074 5 21
2075 5 21
2076 5 21
2077 5 21
2078 5 21
2079 5 21
2080 5 21
2081 5 21
2082 5 21
2083 5 21
2084 5 21
2085 5 21
2086 5 21
2087 5 21
2088 5 21
2089 5 21
2090 5 21
2091 5 21
2092 5 21
2093 5 21
2094 5 21
2095 5 21
2096 5 21
2097 5 21
2098 5 21
2099 5 21
2100 5 21
2101 5 21
2102 5 21
2103 5 21
2104 5 21
2105 5 21
2106 5 21
2107 5 21
2108 5 21
2109 5 21
2110 5 21
2111 5 21
2112 5 21
2113 5 21
2114 5 21
2115 5 21
2116 5 21
2117 5 21
2118 5 21
2119 5 21
2120 5 21
2121 5 21
2122 5 21
2123 6 21
2124 6 21
2125 6 21
2126 6 21
2127 6 21
2128 6 21
2129 6 21
2130 6 21
2131 6 21
2132 6 22
2133 6 22
2134 6 22
2135 6 22
2136 6 22
2137 6 22
2138 6 21
2139 6 21
2140 6 21
2141 6 21
2142 6 21
2143 6 21
2144 6 21
2145 6 21
2146 6 21
2147 6 22
2148 6 22
2149 6 22
2150 6 22
2151 6 22
2152 6 22
2153 6 22
2154 6 22
2155 6 22
2156 6 22
2157 6 22
2158 6 22
2159 6 22
2160 6 22
2161 6 22
2162 6 22
2163 6 22
2164 6 22
2165 6 22
2166 6 22
2167 6 22
2168 6 22
2169 6 22
2170 6 22
2171 6 22
2172 6 22
2173 6 22
2174 6 22
2175 6 22
2176 6 22
2177 6 22
2178 6 22
2179 6 22
2180 6 22
2181 6 22
2182 6 22
2183 6 22
2184 6 23
2185 6 23
2186 6 23
2187 6 23
2188 6 23
2189 6 23
2190 6 23
2191 6 23
2192 6 23
2193 6 23
2194 6 23
2195 6 23
2196 6 23
2197 6 23
2198 6 23
2199 6 23
2200 6 23
2201 6 23
2202 6 23
2203 6 23
2204 6 23
2205 6 23
2206 6 23
2207 6 23
2208 6 23
2209 6 23
2210 6 23
2211 6 23
2212 6 23
2213 6 23
2214 6 23
2215 6 23
2216 6 23
2217 6 23
2218 6 23
2219 6 23
2220 6 23
2221 6 23
2222 6 23
2223 6 23
2224 6 23
2225 6 23
2226 6 23
2227 6 23
2228 6 23
2229 6 23
2230 6 23
2231 6 23
2232 6 23
2233 6 23
2234 6 23
2235 6 23
2236 6 23
2237 6 23
2238 6 23
2239 6 23
2240 6 23
2241 6 23
2242 6 23
2243 6 23
2244 7 23
2245 7 23
2246 7 23
2247 7 23
2248 7 23
2249 7 23
2250 7 23
2251 7 23
2252 7 23
2253 7 23
2254 7 23
2255 7 23
2256 7 23
2257 7 23
2258 7 23
2259 7 23
2260 7 23
2261 7 23
2262 7 23
2263 7 23
2264 7 23
2265 7 23
2266 7 23
2267 7 23
2268 7 23
2269 7 23
2270 7 23
2271 7 23
2272 7 23
2273 7 23
2274 7 23
2275 7 23
2276 7 23
2277 7 23
2278 7 23
2279 7 23
2280 7 23
2281 7 23
2282 7 23
2283 7 23
2284 7 23
2285 7 23
2286 7 23
2287 7 24
2288 7 24
2289 7 24
2290 7 24
2291 7 24
2292 7 24
2293 7 24
2294 7 24
2295 7 24
2296 7 24
2297 7 24
2298 7 24
2299 7 24
2300 7 24
2301 7 24
2302 7 24
2303 7 24
2304 7 24
2305 7 24
2306 7 24
2307 7 24
2308 7 24
2309 7 24
2310 7 24
2311 7 24
2312 7 24
2313 7 24
2314 7 24
2315 7 24
2316 7 24
2317 7 24
2318 7 24
2319 7 24
2320 7 24
2321 7 24
2322 7 24
2323 7 24
2324 7 24
2325 7 24
2326 7 24
2327 7 24
2328 7 24
2329 7 24
2330 7 24
2331 7 24
2332 7 24
2333 7 24
2334 7 24
2335 7 24
2336 7 25
2337 7 25
2338 7 25
2339 7 25
2340 7 25
2341 7 25
2342 7 25
2343 7 25
2344 7 25
2345 7 24
2346 8 24
2347 8 24
2348 8 24
2349 8 25
2350 8 25
2351 8 25
2352 8 25
2353 8 25
2354 8 25
2355 8 25
2356 8 25
2357 8 25
2358 8 25
2359 8 25
2360 8 25
2361 8 25
2362 8 25
2363 8 25
2364 8 25
2365 8 25
2366 8 25
2367 8 25
2368 8 25
2369 8 25
2370 8 25
2371 8 25
2372 8 25
2373 8 25
2374 8 25
2375 8 25
2376 8 25
2377 8 25
2378 8 25
2379 8 25
2380 8 25
2381 8 25
2382 8 25
2383 8 25
2384 8 25
2385 8 25
2386 8 25
2387 8 25
2388 8 25
2389 8 25
2390 8 25
2391 8 25
2392 8 25
2393 8 25
2394 8 25
2395 8 25
2396 8 25
2397 8 25
2398 8 25
2399 8 25
2400 8 25
2401 8 25
2402 8 25
2403 8 25
2404 8 25
2405 8 25
2406 8 25
2407 8 25
2408 8 25
2409 8 25
2410 8 25
2411 8 25
2412 8 26
2413 8 26
2414 8 25
2415 8 25
2416 8 25
2417 8 25
2418 8 26
2419 8 26
2420 8 26
2421 8 26
2422 8 26
2423 8 26
2424 8 26
2425 8 26
2426 8 26
2427 8 26
2428 8 26
2429 8 26
2430 8 26
2431 8 26
2432 8 26
2433 8 26
2434 8 26
2435 8 26
2436 8 26
2437 8 26
2438 9 26
2439 9 26
2440 9 26
2441 9 26
2442 9 26
2443 9 26
2444 9 26
2445 9 26
2446 9 26
2447 9 26
2448 9 26
2449 9 26
2450 9 26
2451 9 26
2452 9 26
2453 9 26
2454 9 26
2455 9 26
2456 9 27
2457 9 27
2458 9 27
2459 9 27
2460 9 27
2461 9 27
2462 9 27
2463 9 27
2464 9 27
2465 9 27
2466 9 27
2467 9 27
2468 9 27
2469 9 27
2470 9 27
2471 9 27
2472 9 27
2473 9 27
2474 9 27
2475 9 27
2476 9 27
2477 9 27
2478 9 27
2479 9 27
2480 9 27
2481 9 27
2482 9 27
2483 9 27
2484 9 27
2485 9 27
2486 9 27
2487 9 27
2488 9 27
2489 9 27
2490 9 27
2491 9 27
2492 9 27
2493 9 27
2494 9 27
2495 9 27
2496 9 27
2497 9 27
2498 9 27
2499 9 27
2500 9 27
2501 10 27
2502 10 27
2503 10 27
2504 10 27
2505 10 27
2506 10 27
2507 10 27
2508 10 27
2509 10 27
2510 10 27
2511 10 27
2512 10 27
2513 10 27
2514 10 27
2515 10 27
2516 10 27
2517 10 27
2518 10 27
2519 10 27
2520 10 27
2521 10 27
2522 10 27
2523 10 27
2524 10 27
2525 10 27
2526 10 27
2527 10 27
2528 10 27
2529 10 27
2530 10 27
2531 10 27
2532 10 27
2533 10 27
2534 10 27
2535 10 27
2536 10 27
2537 10 27
2538 10 28
2539 10 28
2540 10 28
2541 10 28
2542 10 27
2543 10 28
2544 10 28
2545 10 28
2546 10 28
2547 10 28
2548 10 28
2549 10 28
2550 10 28
2551 10 28
2552 10 28
2553 10 28
2554 10 28
2555 10 28
2556 10 28
2557 10 28
2558 10 28
2559 10 28
2560 10 28
2561 10 28
2562 10 28
2563 10 28
2564 10 28
2565 10 28
2566 10 28
2567 10 28
2568 10 28
2569 10 28
2570 10 28
2571 10 28
2572 10 28
2573 10 28
2574 10 28
2575 10 28
2576 10 28
2577 11 28
2578 11 28
2579 11 28
2580 11 28
2581 11 28
2582 11 28
2583 11 28
2584 11 28
2585 11 28
2586 11 28
2587 11 28
2588 11 28
2589 11 29
2590 11 29
2591 11 29
2592 11 29
2593 11 29
2594 11 29
2595 11 29
2596 11 29
2597 11 29
2598 11 29
2599 11 29
2600 11 29
2601 11 29
2602 11 29
2603 11 29
2604 11 29
2605 11 29
2606 11 29
2607 11 29
2608 11 29
2609 11 29
2610 11 29
2611 11 29
2612 11 29
2613 11 29
2614 11 29
2615 11 29
2616 11 29
2617 11 29
2618 11 29
2619 11 29
2620 11 29
2621 11 29
2622 11 29
2623 11 29
2624 11 29
2625 11 29
2626 11 29
2627 11 29
2628 11 29
2629 11 29
2630 11 29
2631 11 29
2632 11 29
2633 11 29
2634 11 29
2635 11 29
2636 11 29
2637 12 29
2638 12 30
2639 12 30
2640 12 30
2641 12 30
2642 12 30
2643 12 30
2644 12 30
2645 12 30
2646 12 30
2647 12 30
2648 12 30
2649 12 30
2650 12 30
2651 12 30
2652 12 30
2653 12 30
2654 12 30
2655 12 30
2656 12 30
2657 12 30
2658 12 30
2659 12 30
2660 12 30
2661 12 30
2662 12 30
2663 12 30
2664 12 30
2665 12 30
2666 12 30
2667 12 30
2668 12 30
2669 12 30
2670 12 30
2671 12 31
2672 12 31
2673 12 31
2674 12 31
2675 12 31
2676 12 31
2677 12 31
2678 12 31
2679 12 31
2680 12 31
2681 12 31
2682 12 31
2683 12 31
2684 12 31
2685 13 31
2686 13 31
2687 13 31
2688 13 31
2689 13 31
2690 13 31
2691 13 31
2692 13 31
2693 13 31
2694 13 31
2695 13 31
2696 13 31
2697 13 31
2698 13 31
2699 13 31
2700 13 31
2701 13 31
2702 13 31
2703 13 31
2704 13 31
2705 13 31
2706 13 31
2707 13 31
2708 13 31
2709 13 31
2710 13 31
2711 13 31
2712 13 31
2713 13 31
2714 13 31
2715 13 31
2716 13 31
2717 13 31
2718 13 31
2719 13 31
2720 13 31
2721 13 31
2722 13 32
2723 13 32
2724 13 32
2725 13 32
2726 13 32
2727 13 32
2728 13 32
2729 13 32
2730 13 32
2731 13 32
2732 13 32
2733 13 32
2734 13 32
2735 13 32
2736 13 32
2737 13 32
2738 13 32
2739 13 32
2740 13 32
2741 13 32
2742 13 32
2743 13 32
2744 13 32
2745 13 32
2746 13 32
2747 13 32
2748 13 32
2749 13 32
2750 13 32
2751 13 33
2752 13 33
2753 13 33
2754 13 33
2755 13 33
2756 13 33
2757 13 33
2758 13 33
2759 13 33
2760 13 33
2761 14 33
2762 14 33
2763 14 33
2764 14 33
2765 14 33
2766 14 33
2767 14 33
2768 14 33
2769 14 33
2770 14 33
2771 14 33
2772 14 33
2773 14 33
2774 14 33
2775 14 33
2776 14 33
2777 14 33
2778 14 33
2779 14 33
2780 14 33
2781 14 33
2782 14 33
2783 14 33
2784 15 33
2785 15 33
2786 15 33
2787 15 33
2788 15 33
2789 15 33
2790 15 33
2791 15 33
2792 15 34
2793 15 34
2794 15 34
2795 15 34
2796 15 34
2797 15 34
2798 15 34
2799 15 34
2800 15 34
2801 15 34
2802 15 34
2803 15 34
2804 15 34
2805 15 34
2806 15 34
2807 15 34
2808 15 34
2809 15 34
2810 15 34
2811 15 34
2812 15 34
2813 15 34
2814 15 35
2815 15 35
2816 15 35
2817 15 35
2818 15 35
2819 15 35
2820 16 35
2821 16 35
2822 16 35
2823 16 35
2824 16 35
2825 16 35
2826 16 35
2827 16 35
2828 16 35
2829 16 35
2830 16 35
2831 16 35
2832 16 35
2833 16 35
2834 16 35
2835 16 35
2836 16 35
2837 16 35
2838 16 35
2839 17 35
2840 17 35
2841 17 35
2842 17 35
2843 17 35
2844 17 35
2845 17 35
2846 17 35
2847 17 35
2848 17 35
2849 17 35
2850 17 35
2851 17 35
2852 17 35
2853 17 35
2854 17 35
2855 17 35
2856 17 35
2857 17 35
2858 17 35
2859 17 35
2860 18 35
2861 18 35
2862 18 35
2863 18 35
2864 18 35
2865 18 35
2866 18 35
2867 18 35
2868 18 35
2869 18 35
2870 18 35
2871 18 35
2872 18 36
2873 18 36
2874 18 36
2875 18 36
2876 18 36
2877 18 36
2878 18 36
2879 18 36
2880 18 36
2881 18 36
2882 18 36
2883 18 36
2884 18 36
2885 18 36
2886 18 36
2887 18 36
2888 18 36
2889 18 36
2890 18 36
2891 18 36
2892 18 36
2893 18 36
2894 19 36
2895 19 36
2896 19 36
2897 19 36
2898 19 36
2899 19 36
2900 19 36
2901 19 36
2902 19 36
2903 19 36
2904 19 36
2905 19 36
2906 19 36
2907 19 36
2908 19 36
2909 19 36
2910 19 36
2911 19 36
2912 19 36
2913 20 36
2914 20 36
2915 20 36
2916 20 36
2917 20 36
2918 20 36
2919 20 36
2920 20 36
2921 20 36
2922 20 36
2923 20 36
2924 20 36
2925 20 36
2926 20 36
2927 20 36
2928 20 36
2929 20 37
2930 20 37
2931 20 37
2932 20 37
2933 20 37
2934 20 37
2935 20 37
2936 21 37
2937 21 37
2938 21 37
2939 21 37
2940 21 37
2941 21 37
2942 21 37
2943 21 37
2944 21 37
2945 21 37
2946 21 37
2947 21 37
2948 22 37
2949 22 37
2950 22 37
2951 22 37
2952 22 37
2953 22 37
2954 22 37
2955 22 37
2956 23 37
2957 23 37
2958 23 37
2959 23 37
2960 23 37
2961 23 37
2962 23 37
2963 23 37
2964 23 37
2965 23 37
2966 24 37
2967 24 37
2968 24 37
2969 24 37
2970 24 38
2971 24 38
2972 24 38
2973 24 38
2974 24 38
2975 24 38
2976 24 38
2977 24 38
2978 25 38
2979 25 38
2980 25 38
2981 25 38
2982 25 38
2983 25 38
2984 25 38
2985 25 38
2986 25 38
2987 25 38
2988 25 38
2989 25 38
2990 25 38
2991 25 38
2992 25 38
2993 25 38
2994 25 38
2995 25 38
2996 25 38
2997 25 38
2998 25 38
2999 25 38
3000 25 38
3001 25 38
3002 25 38
3003 25 39
3004 25 39
3005 25 39
3006 26 39
3007 26 39
3008 26 39
3009 26 39
3010 26 39
3011 26 39
3012 26 39
3013 26 39
3014 26 39
3015 26 39
3016 26 39
3017 26 39
3018 26 39
3019 26 39
3020 26 39
3021 26 39
3022 26 39
3023 26 39
3024 26 39
3025 26 39
3026 26 39
3027 26 39
3028 26 39
3029 26 39
3030 26 39
3031 26 39
3032 27 39
3033 27 39
3034 27 39
3035 27 39
3036 27 39
3037 27 39
3038 27 39
3039 27 39
3040 27 39
3041 27 40
3042 27 40
3043 27 40
3044 27 40
3045 27 40
3046 27 40
3047 27 40
3048 27 40
3049 27 40
3050 27 40
3051 27 40
3052 27 40
3053 27 40
3054 27 40
3055 27 40
3056 27 40
3057 27 40
3058 27 40
3059 27 40
3060 27 40
3061 27 40
3062 27 40
3063 27 40
3064 27 40
3065 28 40
3066 28 40
3067 28 40
3068 28 40
3069 28 40
3070 28 40
3071 29 40
3072 29 40
3073 29 40
3074 29 40
3075 29 40
3076 29 40
3077 29 41
3078 29 41
3079 29 41
3080 29 41
3081 30 41
3082 31 41
3083 31 41
3084 31 41
3085 31 41
3086 31 41
3087 31 41
3088 32 41
3089 32 41
3090 32 41
3091 32 41
3092 33 41
3093 33 41
3094 33 41
3095 33 41
3096 33 41
3097 34 41
3098 34 41
3099 34 41
3100 35 41
3101 35 41
3102 35 41
3103 36 41
3104 36 41
3105 36 41
3106 36 41
3107 36 41
3108 36 41
3109 36 41
3110 37 41
3111 37 41
3112 37 41
3113 37 42
3114 37 42
3115 37 42
3116 37 42
3117 37 42
3118 37 42
3119 37 42
3120 38 42
3121 38 42
3122 38 42
3123 39 42
3124 40 42
3125 41 42
3126 41 42
3127 41 42
3128 41 42
3129 41 42
3130 41 42
3131 41 42
3132 41 42
3133 41 42
3134 41 42
3135 41 42
3136 41 42
3137 41 42
3138 41 42
3139 41 42
3140 41 42
3141 41 42
3142 42 42
3143 42 42
3144 42 42
3145 42 42
3146 43 42
3147 43 43
3148 43 43
3149 44 43
3150 44 43
3151 44 43
3152 44 43
3153 45 43
3154 45 43
3155 45 43
3156 45 43
3157 45 43
3158 45 43
3159 45 43
3160 45 43
3161 46 43
3162 46 43
3163 47 43
3164 47 43
3165 47 43
3166 47 43
3167 47 43
3168 47 43
3169 47 43
3170 47 43
3171 47 43
3172 47 43
3173 47 43
3174 47 43
3175 47 43
3176 47 43
3177 47 43
3178 47 43
3179 47 43
3180 47 43
3181 47 43
3182 47 43
3183 47 43
3184 47 43
3185 47 44
3186 47 44
3187 47 44
3188 47 44
3189 47 44
3190 47 44
3191 47 44
3192 47 44
3193 47 44
3194 47 44
3195 47 44
3196 47 44
3197 47 44
3198 47 44
3199 47 44
3200 47 44
3201 48 44
3202 48 44
3203 48 44
3204 49 44
3205 49 44
3206 49 44
3207 50 44
3208 50 44
3209 50 44
3210 50 44
3211 51 44
3212 51 44
3213 51 44
3214 51 44
3215 51 44
3216 51 44
3217 51 44
3218 52 44
3219 53 44
3220 53 44
3221 53 44
3222 53 44
3223 53 44
3224 53 44
3225 53 44
3226 53 44
3227 54 44
3228 54 44
3229 55 45
3230 55 45
3231 55 45
3232 55 45
3233 56 45
3234 56 45
3235 57 45
3236 57 45
3237 57 45
3238 57 45
3239 57 45
3240 57 45
3241 58 45
3242 59 45
3243 60 45
3244 60 45
3245 60 45
3246 60 45
3247 63 45
3248 63 45
3249 64 45
3250 64 45
3251 65 45
3252 67 45
3253 68 45
3254 68 45
3255 69 45
3256 69 45
3257 71 45
3258 71 45
3259 72 45
3260 72 45
3261 72 45
3262 72 45
3263 73 45
3264 73 45
3265 73 45
3266 74 45
3267 74 45
3268 74 45
3269 74 45
3270 75 45
3271 77 45
3272 78 45
3273 81 45
3274 83 45
3275 83 45
3276 83 45
3277 83 46
3278 83 46
3279 83 46
3280 83 46
3281 83 46
3282 83 46
3283 83 46
3284 84 46
3285 95 46
3286 95 46
3287 95 46
3288 95 46
3289 95 46
3290 95 46
3291 95 46
3292 95 46
3293 95 46
3294 95 46
3295 95 46
3296 95 46
3297 95 46
3298 95 46
3299 95 46
3300 95 46
3301 95 46
3302 95 46
3303 95 46
3304 95 46
3305 95 46
3306 95 46
3307 95 46
3308 95 46
3309 95 46
3310 95 46
3311 95 46
3312 95 46
3313 95 46
3314 95 46
3315 95 46
3316 95 46
3317 95 46
3318 96 46
3319 100 47
