0 0 0
1 0 0
2 0 0
3 0 0
4 0 0
5 0 0
6 0 0
7 0 100
8 0 100
9 0 100
10 0 100
11 0 100
12 0 100
13 0 100
14 0 100
15 0 100
16 0 100
17 0 100
18 0 100
19 0 100
20 0 100
21 0 100
22 0 100
23 0 100
24 0 100
25 0 100
26 0 100
27 0 100
28 0 100
29 0 100
30 0 100
31 0 100
32 0 100
33 0 100
34 0 100
35 0 100
36 0 100
37 0 100
38 0 100
39 0 100
40 0 100
41 0 100
42 0 100
43 0 100
44 0 100
45 0 100
46 0 66
47 0 66
48 0 66
49 0 66
50 0 66
51 0 66
52 0 66
53 0 66
54 0 66
55 0 66
56 0 66
57 0 50
58 0 50
59 0 50
60 0 50
61 0 50
62 0 50
63 0 50
64 0 50
65 0 50
66 0 40
67 0 40
68 0 40
69 0 40
70 0 40
71 0 40
72 0 40
73 0 40
74 0 40
75 0 40
76 0 40
77 0 40
78 0 40
79 0 40
80 0 40
81 0 40
82 0 40
83 0 40
84 0 40
85 0 40
86 0 40
87 0 40
88 0 40
89 0 40
90 0 40
91 0 40
92 0 40
93 0 40
94 0 40
95 0 40
96 0 40
97 0 40
98 0 40
99 0 50
100 0 50
101 0 42
102 0 37
103 0 37
104 0 33
105 0 33
106 0 33
107 0 33
108 0 30
109 0 30
110 0 30
111 0 30
112 0 30
113 0 36
114 0 33
115 0 33
116 0 33
117 0 30
118 0 30
119 0 30
120 0 30
121 0 30
122 0 30
123 0 30
124 0 30
125 0 30
126 0 30
127 0 30
128 0 28
129 0 28
130 0 28
131 0 28
132 0 28
133 0 28
134 0 28
135 0 28
136 0 28
137 0 28
138 0 28
139 0 28
140 0 26
141 0 25
142 0 23
143 0 22
144 0 22
145 0 21
146 0 21
147 0 21
148 0 21
149 0 21
150 0 20
151 0 20
152 0 19
153 0 19
154 0 18
155 0 17
156 0 16
157 0 16
158 0 16
159 0 16
160 0 15
161 0 15
162 0 15
163 0 15
164 0 15
165 0 15
166 0 14
167 0 14
168 0 13
169 0 13
170 0 13
171 0 13
172 0 13
173 0 13
174 0 13
175 0 12
176 0 12
177 0 12
178 0 12
179 0 11
180 0 11
181 0 11
182 0 11
183 0 11
184 0 11
185 0 11
186 0 11
187 0 10
188 0 10
189 0 10
190 0 10
191 0 10
192 0 10
193 0 10
194 0 10
195 0 9
196 0 9
197 0 9
198 0 9
199 0 9
200 0 9
201 0 9
202 0 9
203 0 8
204 0 8
205 0 8
206 0 8
207 0 8
208 0 8
209 0 8
210 0 8
211 0 8
212 0 8
213 0 8
214 0 8
215 0 8
216 0 8
217 0 8
218 0 8
219 0 8
220 0 8
221 0 8
222 0 8
223 0 8
224 0 8
225 0 8
226 0 8
227 0 8
228 0 8
229 0 8
230 0 8
231 0 8
232 0 10
233 0 10
234 0 10
235 0 10
236 0 10
237 0 10
238 0 10
239 0 10
240 0 10
241 0 9
242 0 11
243 0 11
244 0 11
245 0 11
246 0 11
247 0 11
248 0 11
249 0 11
250 0 11
251 0 11
252 0 11
253 0 12
254 0 12
255 0 12
256 0 12
257 0 12
258 0 12
259 0 12
260 0 12
261 0 12
262 0 12
263 0 12
264 0 12
265 0 12
266 0 12
267 0 12
268 0 12
269 0 11
270 0 11
271 0 11
272 0 11
273 0 11
274 0 11
275 0 11
276 0 11
277 0 11
278 0 11
279 0 11
280 0 11
281 0 11
282 0 11
283 0 11
284 0 11
285 0 12
286 0 12
287 0 13
288 0 13
289 0 13
290 0 13
291 0 13
292 0 13
293 0 13
294 0 13
295 0 13
296 0 13
297 0 13
298 0 13
299 0 13
300 0 12
301 0 12
302 0 12
303 0 12
304 0 12
305 0 12
306 0 12
307 0 12
308 0 12
309 0 12
310 0 12
311 0 12
312 0 12
313 0 12
314 0 12
315 0 12
316 0 12
317 0 12
318 0 12
319 0 11
320 0 12
321 0 12
322 0 12
323 0 12
324 0 12
325 0 12
326 0 12
327 0 12
328 0 12
329 0 12
330 0 12
331 0 12
332 0 12
333 0 11
334 0 11
335 0 11
336 0 11
337 0 11
338 0 11
339 0 11
340 0 11
341 0 11
342 0 11
343 0 11
344 0 11
345 0 11
346 0 11
347 0 11
348 0 11
349 0 10
350 0 11
351 0 11
352 0 11
353 0 12
354 0 12
355 0 12
356 0 12
357 0 12
358 0 12
359 0 12
360 0 12
361 0 13
362 0 13
363 0 13
364 0 13
365 0 13
366 0 13
367 0 14
368 0 15
369 0 16
370 0 16
371 0 16
372 0 16
373 0 16
374 0 16
375 0 16
376 0 16
377 0 17
378 0 17
379 0 17
380 0 17
381 0 17
382 0 17
383 0 17
384 0 17
385 0 17
386 0 17
387 0 18
388 0 18
389 0 18
390 0 18
391 0 19
392 0 19
393 0 19
394 0 19
395 0 19
396 0 18
397 0 18
398 0 18
399 0 19
400 0 19
401 0 19
402 0 19
403 0 19
404 0 19
405 0 19
406 0 19
407 0 19
408 0 19
409 0 19
410 0 19
411 0 19
412 0 19
413 0 18
414 0 18
415 0 18
416 0 18
417 0 18
418 0 18
419 0 18
420 0 18
421 0 18
422 0 18
423 0 18
424 0 18
425 0 18
426 0 19
427 0 19
428 0 19
429 0 19
430 0 19
431 0 19
432 0 19
433 0 18
434 0 18
435 0 18
436 0 18
437 0 18
438 0 18
439 0 18
440 0 18
441 0 18
442 0 18
443 0 18
444 0 18
445 0 18
446 0 19
447 0 19
448 0 20
449 0 20
450 0 21
451 0 22
452 0 22
453 0 22
454 0 22
455 0 22
456 0 22
457 0 22
458 0 22
459 0 22
460 0 22
461 0 22
462 0 22
463 0 23
464 0 23
465 0 24
466 0 24
467 0 24
468 0 24
469 0 24
470 0 24
471 0 25
472 0 25
473 1 25
474 1 26
475 1 26
476 1 27
477 1 27
478 1 27
479 1 28
480 1 28
481 1 29
482 1 28
483 1 28
484 1 29
485 1 29
486 1 29
487 1 29
488 1 29
489 1 29
490 1 30
491 1 30
492 1 30
493 1 30
494 1 30
495 1 30
496 1 30
497 1 30
498 1 31
499 1 31
500 1 31
501 1 31
502 1 31
503 1 31
504 1 31
505 1 32
506 1 32
507 1 32
508 1 33
509 1 33
510 1 33
511 1 33
512 1 33
513 1 33
514 1 33
515 1 33
516 1 33
517 1 33
518 1 34
519 1 34
520 1 34
521 1 35
522 1 35
523 1 35
524 1 35
525 1 35
526 1 35
527 1 35
528 1 35
529 1 36
530 1 36
531 1 35
532 1 36
533 1 36
534 1 36
535 1 36
536 1 36
537 1 37
538 1 37
539 1 37
540 1 37
541 1 36
542 1 36
543 1 36
544 1 36
545 1 36
546 1 36
547 1 36
548 1 37
549 1 37
550 1 37
551 1 37
552 1 38
553 1 38
554 1 38
555 1 39
556 1 39
557 1 39
558 1 39
559 1 39
560 1 39
561 1 39
562 1 40
563 1 40
564 1 40
565 1 40
566 1 40
567 1 40
568 1 40
569 1 40
570 1 41
571 1 41
572 1 41
573 1 42
574 1 42
575 1 42
576 1 42
577 1 42
578 1 42
579 1 41
580 1 42
581 1 42
582 1 42
583 1 42
584 1 42
585 1 42
586 1 42
587 1 42
588 1 42
589 1 42
590 1 43
591 1 43
592 1 43
593 1 43
594 1 43
595 1 43
596 1 43
597 1 43
598 1 43
599 1 43
600 1 43
601 1 43
602 1 44
603 1 43
604 1 43
605 1 43
606 1 43
607 1 43
608 1 43
609 1 43
610 1 44
611 1 44
612 1 44
613 1 44
614 1 44
615 1 44
616 1 44
617 1 45
618 1 45
619 1 45
620 1 45
621 1 46
622 1 46
623 1 46
624 1 46
625 1 46
626 1 46
627 1 47
628 1 47
629 1 47
630 1 47
631 1 47
632 1 47
633 1 47
634 1 47
635 1 47
636 1 47
637 1 47
638 1 47
639 1 47
640 1 47
641 1 47
642 1 47
643 1 48
644 1 48
645 1 48
646 1 48
647 1 48
648 1 48
649 1 48
650 1 48
651 1 48
652 1 48
653 1 48
654 1 48
655 1 48
656 1 48
657 1 48
658 1 48
659 1 48
660 1 48
661 1 48
662 1 48
663 1 48
664 1 48
665 1 47
666 1 47
667 1 47
668 1 47
669 1 47
670 1 47
671 1 47
672 1 47
673 1 47
674 1 47
675 1 47
676 1 47
677 1 47
678 1 47
679 1 47
680 1 47
681 1 47
682 1 47
683 1 47
684 1 47
685 1 47
686 1 47
687 1 47
688 1 47
689 1 47
690 1 48
691 1 48
692 1 48
693 1 48
694 1 48
695 1 48
696 1 48
697 1 48
698 1 48
699 1 48
700 1 48
701 1 48
702 1 48
703 1 48
704 1 48
705 1 48
706 1 48
707 1 48
708 1 48
709 1 48
710 1 48
711 1 48
712 1 48
713 1 48
714 1 48
715 1 48
716 1 48
717 1 48
718 1 48
719 1 48
720 1 48
721 1 48
722 1 48
723 1 48
724 1 48
725 1 48
726 1 48
727 1 48
728 1 48
729 1 48
730 1 48
731 1 48
732 1 48
733 1 48
734 1 48
735 1 48
736 1 48
737 1 48
738 1 48
739 1 48
740 1 48
741 1 48
742 1 49
743 1 49
744 1 49
745 1 49
746 1 49
747 1 49
748 1 49
749 1 49
750 1 49
751 1 49
752 1 49
753 1 49
754 1 48
755 1 48
756 1 48
757 1 48
758 1 48
759 1 48
760 1 48
761 1 48
762 1 48
763 1 48
764 1 48
765 1 48
766 1 49
767 1 49
768 1 49
769 1 49
770 1 48
771 1 48
772 1 48
773 1 48
774 1 48
775 1 48
776 1 48
777 1 48
778 1 48
779 1 48
780 1 49
781 1 49
782 1 48
783 1 48
784 1 48
785 1 48
786 1 49
787 1 49
788 1 49
789 1 49
790 1 49
791 1 49
792 1 49
793 1 49
794 1 49
795 1 50
796 1 50
797 1 50
798 1 50
799 1 50
800 1 50
801 1 50
802 1 50
803 1 50
804 1 50
805 1 49
806 1 50
807 1 50
808 1 50
809 1 50
810 1 50
811 1 50
812 1 50
813 1 50
814 1 50
815 1 50
816 1 50
817 1 50
818 1 50
819 1 50
820 1 50
821 1 50
822 1 50
823 2 50
824 2 50
825 2 50
826 2 50
827 2 50
828 2 50
829 2 50
830 2 50
831 2 50
832 2 50
833 2 50
834 2 50
835 2 50
836 2 50
837 2 50
838 2 50
839 2 50
840 2 50
841 2 50
842 2 50
843 2 50
844 2 50
845 2 50
846 2 50
847 2 50
848 2 50
849 2 50
850 2 50
851 2 50
852 2 50
853 2 50
854 2 50
855 2 50
856 2 50
857 2 50
858 2 50
859 2 50
860 2 50
861 2 50
862 2 50
863 2 50
864 2 50
865 2 50
866 2 50
867 2 50
868 2 50
869 2 50
870 2 50
871 2 50
872 2 50
873 2 50
874 2 50
875 2 50
876 2 50
877 2 50
878 2 50
879 2 50
880 2 50
881 2 50
882 2 50
883 2 50
884 2 50
885 2 50
886 2 50
887 2 50
888 2 50
889 2 50
890 2 50
891 2 50
892 2 50
893 2 50
894 2 50
895 2 50
896 2 50
897 2 50
898 2 50
899 2 50
900 2 50
901 2 50
902 2 50
903 2 50
904 2 50
905 2 50
906 2 50
907 2 50
908 2 50
909 2 50
910 2 50
911 2 50
912 2 50
913 2 50
914 2 50
915 2 50
916 2 50
917 2 50
918 2 50
919 2 50
920 2 50
921 2 50
922 2 50
923 2 50
924 2 50
925 2 50
926 2 50
927 2 50
928 2 50
929 2 50
930 2 50
931 2 50
932 2 50
933 2 50
934 2 50
935 2 50
936 2 50
937 2 50
938 2 50
939 2 50
940 2 50
941 2 50
942 2 50
943 2 50
944 2 49
945 2 49
946 2 49
947 2 49
948 2 49
949 2 49
950 2 49
951 2 49
952 2 49
953 2 49
954 2 49
955 2 49
956 2 49
957 2 49
958 2 49
959 2 49
960 2 49
961 2 49
962 2 49
963 2 49
964 2 49
965 2 49
966 2 49
967 2 49
968 2 49
969 2 49
970 2 49
971 2 49
972 2 49
973 2 49
974 2 49
975 2 49
976 2 49
977 2 49
978 2 49
979 2 49
980 2 49
981 2 49
982 2 49
983 2 48
984 2 48
985 2 48
986 2 48
987 2 48
988 2 48
989 2 48
990 3 48
991 3 48
992 3 48
993 3 48
994 3 48
995 3 48
996 3 48
997 3 48
998 3 48
999 3 48
1000 3 48
1001 3 48
1002 3 48
1003 3 48
1004 3 48
1005 3 48
1006 3 48
1007 3 48
1008 3 48
1009 3 48
1010 3 48
1011 3 48
1012 3 48
1013 3 48
1014 3 48
1015 3 48
1016 3 47
1017 3 47
1018 3 47
1019 3 47
1020 3 47
1021 3 47
1022 3 47
1023 3 47
1024 3 47
1025 3 47
1026 3 47
1027 3 47
1028 3 47
1029 3 47
1030 3 47
1031 3 47
1032 3 47
1033 3 47
1034 3 47
1035 3 47
1036 3 47
1037 3 47
1038 3 47
1039 3 47
1040 3 47
1041 3 47
1042 3 47
1043 3 47
1044 3 47
1045 3 47
1046 3 47
1047 3 47
1048 3 47
1049 3 47
1050 3 47
1051 3 47
1052 3 47
1053 3 47
1054 3 47
1055 3 47
1056 3 47
1057 3 47
1058 3 47
1059 3 47
1060 3 47
1061 3 47
1062 3 47
1063 3 47
1064 3 47
1065 3 47
1066 3 46
1067 3 46
1068 3 46
1069 3 46
1070 3 46
1071 3 46
1072 3 46
1073 3 46
1074 3 46
1075 3 46
1076 3 46
1077 3 46
1078 3 46
1079 3 46
1080 3 46
1081 3 46
1082 3 46
1083 3 46
1084 3 46
1085 3 46
1086 3 46
1087 3 46
1088 3 46
1089 3 46
1090 3 46
1091 3 46
1092 3 46
1093 3 46
1094 3 46
1095 3 46
1096 3 46
1097 3 46
1098 3 46
1099 3 46
1100 3 46
1101 3 46
1102 3 46
1103 3 46
1104 3 46
1105 3 46
1106 3 46
1107 3 46
1108 3 45
1109 3 46
1110 3 46
1111 3 46
1112 3 45
1113 3 46
1114 3 45
1115 3 45
1116 3 45
1117 3 45
1118 3 45
1119 3 45
1120 3 45
1121 3 45
1122 3 46
1123 3 46
1124 3 45
1125 4 46
1126 4 45
1127 4 45
1128 4 46
1129 4 46
1130 4 46
1131 4 46
1132 4 46
1133 4 46
1134 4 45
1135 4 45
1136 4 45
1137 4 46
1138 4 46
1139 4 46
1140 4 46
1141 4 46
1142 4 46
1143 4 46
1144 4 46
1145 4 46
1146 4 46
1147 4 46
1148 4 46
1149 4 46
1150 4 46
1151 4 46
1152 4 46
1153 4 46
1154 4 46
1155 4 46
1156 4 46
1157 4 46
1158 4 46
1159 4 46
1160 4 46
1161 4 46
1162 4 45
1163 4 45
1164 4 45
1165 4 46
1166 4 46
1167 4 46
1168 4 45
1169 4 45
1170 4 45
1171 4 45
1172 4 45
1173 4 45
1174 4 45
1175 4 45
1176 4 45
1177 4 45
1178 4 45
1179 4 45
1180 4 45
1181 4 45
1182 4 45
1183 4 45
1184 4 45
1185 4 45
1186 4 45
1187 4 45
1188 4 45
1189 4 45
1190 4 45
1191 4 45
1192 4 45
1193 4 45
1194 4 45
1195 4 45
1196 4 45
1197 4 45
1198 4 45
1199 4 45
1200 4 45
1201 4 45
1202 4 45
1203 4 45
1204 4 45
1205 4 45
1206 5 45
1207 5 45
1208 5 45
1209 5 45
1210 5 45
1211 5 45
1212 5 45
1213 5 45
1214 5 45
1215 5 45
1216 5 45
1217 5 45
1218 5 45
1219 5 45
1220 5 45
1221 5 45
1222 5 45
1223 5 45
1224 5 45
1225 5 45
1226 5 45
1227 5 45
1228 5 45
1229 5 45
1230 5 45
1231 6 45
1232 6 45
1233 6 45
1234 6 45
1235 6 45
1236 6 45
1237 6 45
1238 6 45
1239 6 45
1240 6 45
1241 6 45
1242 6 45
1243 6 45
1244 6 45
1245 6 45
1246 6 45
1247 6 45
1248 6 45
1249 6 45
1250 6 45
1251 6 45
1252 6 45
1253 6 45
1254 6 44
1255 6 44
1256 6 44
1257 6 44
1258 6 44
1259 6 44
1260 6 44
1261 6 44
1262 6 44
1263 6 44
1264 6 44
1265 6 44
1266 6 44
1267 6 44
1268 7 44
1269 7 44
1270 7 44
1271 7 44
1272 7 44
1273 7 44
1274 7 44
1275 7 44
1276 7 44
1277 7 44
1278 7 44
1279 7 44
1280 7 44
1281 7 44
1282 7 44
1283 7 44
1284 7 44
1285 7 44
1286 7 44
1287 7 44
1288 7 44
1289 7 43
1290 7 43
1291 7 43
1292 7 43
1293 7 43
1294 7 43
1295 7 43
1296 7 43
1297 7 43
1298 7 43
1299 8 43
1300 8 43
1301 8 43
1302 8 43
1303 8 43
1304 8 43
1305 8 43
1306 8 43
1307 8 43
1308 8 43
1309 8 43
1310 8 43
1311 9 43
1312 9 43
1313 9 43
1314 9 43
1315 9 43
1316 9 43
1317 9 43
1318 9 43
1319 9 43
1320 9 43
1321 10 43
1322 10 43
1323 10 43
1324 10 43
1325 10 43
1326 11 43
1327 11 43
1328 11 44
1329 11 44
1330 11 44
1331 11 44
1332 12 43
1333 12 43
1334 12 43
1335 12 43
1336 12 43
1337 13 43
1338 13 43
1339 13 43
1340 13 44
1341 13 43
1342 14 43
1343 14 43
1344 14 43
1345 14 43
1346 14 43
1347 14 43
1348 14 43
1349 14 43
1350 16 43
1351 17 43
1352 17 43
1353 18 43
1354 18 43
1355 18 43
1356 18 43
1357 18 43
1358 18 43
1359 18 43
1360 18 44
1361 20 44
1362 22 44
1363 22 44
1364 24 44
1365 29 44
1366 29 44
1367 32 44
1368 34 44
1369 34 44
1370 36 44
1371 36 44
1372 36 44
1373 36 44
1374 39 44
1375 99 44
1376 99 44
1377 100 44
