0 0 0
1 0 0
2 0 0
3 0 0
4 0 0
5 0 0
6 0 0
7 0 0
8 0 0
9 0 0
10 0 0
11 0 0
12 0 0
13 0 0
14 0 0
15 0 0
16 0 0
17 0 0
18 0 0
19 0 0
20 0 0
21 0 0
22 0 0
23 0 0
24 0 0
25 0 0
26 0 0
27 0 0
28 0 0
29 0 0
30 0 0
31 0 0
32 0 0
33 0 0
34 0 0
35 0 0
36 0 0
37 0 0
38 0 0
39 0 0
40 0 0
41 0 0
42 0 0
43 0 0
44 0 0
45 0 0
46 0 0
47 0 0
48 0 0
49 0 0
50 0 0
51 0 0
52 0 0
53 0 0
54 0 0
55 0 0
56 0 0
57 0 0
58 0 0
59 0 0
60 0 0
61 0 0
62 0 0
63 0 0
64 0 0
65 0 0
66 0 0
67 0 0
68 0 0
69 0 0
70 0 0
71 0 0
72 0 0
73 0 0
74 0 0
75 0 0
76 0 0
77 0 0
78 0 0
79 0 0
80 0 0
81 0 0
82 0 0
83 0 0
84 0 0
85 0 0
86 0 0
87 0 0
88 0 0
89 0 0
90 0 0
91 0 0
92 0 0
93 0 0
94 0 0
95 0 0
96 0 0
97 0 0
98 0 0
99 0 0
100 0 0
101 0 0
102 0 0
103 0 0
104 0 0
105 0 0
106 0 0
107 0 0
108 0 0
109 0 0
110 0 0
111 0 0
112 0 0
113 0 0
114 0 0
115 0 0
116 0 0
117 0 0
118 0 0
119 0 0
120 0 0
121 0 0
122 0 0
123 0 0
124 0 0
125 0 0
126 0 0
127 0 0
128 0 0
129 0 0
130 0 0
131 0 0
132 0 0
133 0 0
134 0 0
135 0 0
136 0 0
137 0 0
138 0 0
139 0 0
140 0 0
141 0 0
142 0 0
143 0 0
144 0 0
145 0 0
146 0 0
147 0 0
148 0 0
149 0 0
150 0 0
151 0 0
152 0 0
153 0 0
154 0 0
155 0 0
156 0 0
157 0 0
158 0 0
159 0 0
160 0 0
161 0 0
162 0 0
163 0 0
164 0 0
165 0 0
166 0 0
167 0 0
168 0 0
169 0 0
170 0 0
171 0 0
172 0 0
173 0 0
174 0 0
175 0 0
176 0 0
177 0 0
178 0 0
179 0 0
180 0 0
181 0 0
182 0 0
183 0 0
184 0 0
185 0 0
186 0 0
187 0 0
188 0 0
189 0 0
190 0 0
191 0 0
192 0 0
193 0 0
194 0 0
195 0 0
196 0 0
197 0 0
198 0 0
199 0 0
200 0 0
201 0 0
202 0 0
203 0 0
204 0 0
205 0 0
206 0 0
207 0 0
208 0 0
209 0 0
210 0 0
211 0 0
212 0 0
213 0 0
214 0 0
215 0 0
216 0 0
217 0 0
218 0 0
219 0 0
220 0 0
221 0 0
222 0 0
223 0 0
224 0 0
225 0 0
226 0 0
227 0 0
228 0 0
229 0 0
230 0 0
231 0 0
232 0 2
233 0 2
234 0 2
235 0 2
236 0 2
237 0 2
238 0 2
239 0 2
240 0 2
241 0 1
242 0 3
243 0 3
244 0 3
245 0 3
246 0 3
247 0 3
248 0 3
249 0 3
250 0 3
251 0 3
252 0 3
253 0 3
254 0 3
255 0 3
256 0 3
257 0 3
258 0 5
259 0 5
260 0 5
261 0 5
262 0 5
263 0 5
264 0 5
265 0 5
266 0 5
267 0 5
268 0 5
269 0 5
270 0 5
271 0 5
272 0 5
273 0 5
274 0 5
275 0 5
276 0 5
277 0 5
278 0 4
279 0 4
280 0 4
281 0 4
282 0 4
283 0 4
284 0 4
285 0 4
286 0 4
287 0 4
288 0 4
289 0 4
290 0 4
291 0 4
292 0 4
293 0 4
294 0 4
295 0 4
296 0 4
297 0 4
298 0 4
299 0 4
300 0 4
301 0 4
302 0 4
303 0 4
304 0 4
305 0 4
306 0 4
307 0 4
308 0 4
309 0 4
310 0 4
311 0 4
312 0 4
313 0 4
314 0 4
315 0 4
316 0 4
317 0 4
318 0 4
319 0 3
320 0 3
321 0 3
322 0 3
323 0 3
324 0 3
325 0 5
326 0 5
327 0 5
328 0 4
329 0 4
330 0 4
331 0 4
332 0 4
333 0 4
334 0 4
335 0 4
336 0 4
337 0 4
338 0 4
339 0 4
340 0 4
341 0 4
342 0 4
343 0 4
344 0 4
345 0 5
346 0 5
347 0 5
348 0 5
349 0 5
350 0 5
351 0 5
352 0 5
353 0 5
354 0 5
355 0 5
356 0 5
357 0 5
358 0 5
359 0 5
360 0 5
361 0 5
362 0 5
363 0 4
364 0 4
365 0 4
366 0 4
367 0 5
368 0 5
369 0 5
370 0 5
371 0 5
372 0 5
373 0 5
374 0 5
375 0 5
376 0 5
377 0 5
378 0 5
379 0 5
380 0 5
381 0 5
382 0 5
383 0 5
384 0 5
385 0 5
386 0 5
387 0 5
388 0 5
389 0 5
390 0 5
391 0 5
392 0 5
393 0 5
394 0 5
395 0 5
396 0 5
397 0 5
398 0 5
399 0 5
400 0 5
401 0 5
402 0 5
403 0 5
404 0 5
405 0 5
406 0 5
407 0 5
408 0 5
409 0 5
410 0 5
411 0 4
412 0 4
413 0 5
414 0 5
415 0 5
416 0 5
417 0 5
418 0 5
419 0 5
420 0 5
421 0 5
422 0 5
423 0 5
424 0 5
425 0 5
426 0 5
427 0 5
428 0 5
429 0 5
430 0 5
431 0 5
432 0 5
433 0 5
434 0 5
435 0 5
436 0 5
437 0 5
438 0 5
439 0 5
440 0 5
441 0 5
442 0 5
443 0 5
444 0 5
445 0 5
446 0 5
447 0 5
448 0 5
449 0 5
450 0 5
451 0 5
452 0 5
453 0 5
454 0 5
455 0 5
456 0 5
457 0 5
458 0 5
459 0 5
460 0 5
461 0 5
462 0 5
463 0 5
464 0 5
465 0 5
466 0 5
467 0 5
468 0 4
469 0 4
470 0 4
471 0 4
472 0 4
473 1 4
474 1 4
475 1 4
476 1 4
477 1 4
478 1 4
479 1 4
480 1 4
481 1 4
482 1 4
483 1 4
484 1 4
485 1 4
486 1 4
487 1 4
488 1 4
489 1 4
490 1 4
491 1 4
492 1 4
493 1 4
494 1 4
495 1 4
496 1 4
497 1 4
498 1 4
499 1 4
500 1 4
501 1 4
502 1 4
503 1 4
504 1 4
505 1 4
506 1 4
507 1 4
508 1 4
509 1 4
510 1 4
511 1 4
512 1 4
513 1 4
514 1 4
515 1 4
516 1 4
517 1 4
518 1 4
519 1 4
520 1 4
521 1 4
522 1 4
523 1 4
524 1 4
525 1 4
526 1 4
527 1 4
528 1 4
529 1 4
530 1 4
531 1 4
532 1 4
533 1 4
534 1 4
535 1 4
536 1 4
537 1 4
538 1 4
539 1 4
540 1 4
541 1 4
542 1 4
543 1 4
544 1 4
545 1 4
546 1 4
547 1 4
548 1 4
549 1 4
550 1 4
551 1 4
552 1 4
553 1 4
554 1 4
555 1 4
556 1 4
557 1 4
558 1 4
559 1 4
560 1 4
561 1 4
562 1 4
563 1 4
564 1 4
565 1 4
566 1 4
567 1 4
568 1 4
569 1 4
570 1 4
571 1 4
572 1 4
573 1 4
574 1 4
575 1 4
576 1 4
577 1 4
578 1 4
579 1 4
580 1 4
581 1 4
582 1 4
583 1 4
584 1 4
585 1 4
586 1 4
587 1 4
588 1 4
589 1 4
590 1 4
591 1 4
592 1 4
593 1 4
594 1 4
595 1 4
596 1 4
597 1 4
598 1 4
599 1 4
600 1 4
601 1 4
602 1 4
603 1 4
604 1 4
605 1 4
606 1 4
607 1 4
608 1 4
609 1 4
610 1 4
611 1 4
612 1 4
613 1 4
614 1 4
615 1 4
616 1 4
617 1 4
618 1 4
619 1 4
620 1 4
621 1 4
622 1 4
623 1 4
624 1 4
625 1 4
626 1 4
627 1 4
628 1 4
629 1 4
630 1 4
631 1 4
632 1 4
633 1 4
634 1 4
635 1 4
636 1 4
637 1 4
638 1 4
639 1 4
640 1 4
641 1 4
642 1 4
643 1 4
644 1 4
645 1 4
646 1 5
647 1 5
648 1 5
649 1 5
650 1 5
651 1 5
652 1 5
653 1 5
654 1 5
655 1 5
656 1 5
657 1 5
658 1 5
659 1 5
660 1 5
661 1 5
662 1 5
663 1 5
664 1 5
665 1 5
666 1 5
667 1 5
668 1 5
669 1 5
670 1 6
671 1 6
672 1 6
673 1 6
674 1 6
675 1 6
676 1 7
677 1 7
678 1 7
679 1 7
680 1 7
681 1 7
682 1 7
683 1 7
684 1 7
685 1 7
686 1 7
687 1 7
688 1 7
689 1 7
690 1 7
691 1 7
692 1 7
693 1 7
694 1 7
695 1 7
696 1 7
697 1 7
698 1 7
699 1 7
700 1 7
701 1 7
702 1 7
703 1 7
704 1 7
705 1 7
706 1 7
707 1 7
708 1 7
709 1 7
710 1 7
711 1 7
712 1 7
713 1 7
714 1 7
715 1 7
716 1 7
717 1 7
718 1 7
719 1 7
720 1 7
721 1 7
722 1 7
723 1 7
724 1 7
725 1 7
726 1 7
727 1 7
728 1 7
729 1 7
730 1 7
731 1 7
732 1 7
733 1 7
734 1 8
735 1 8
736 1 8
737 1 8
738 1 8
739 1 8
740 1 8
741 1 8
742 1 8
743 1 8
744 1 8
745 1 8
746 1 8
747 1 8
748 1 8
749 1 8
750 1 8
751 1 8
752 1 8
753 1 8
754 1 8
755 1 8
756 1 9
757 1 9
758 1 9
759 1 9
760 1 9
761 1 9
762 1 9
763 1 9
764 1 9
765 1 9
766 1 9
767 1 9
768 1 9
769 1 9
770 1 9
771 1 9
772 1 9
773 1 9
774 1 9
775 1 9
776 1 9
777 1 9
778 1 9
779 1 9
780 1 9
781 1 9
782 1 10
783 1 10
784 1 10
785 1 10
786 1 10
787 1 10
788 1 10
789 1 10
790 1 10
791 1 10
792 1 10
793 1 10
794 1 10
795 1 10
796 1 10
797 1 10
798 1 11
799 1 11
800 1 11
801 1 11
802 1 11
803 1 11
804 1 11
805 1 11
806 1 11
807 1 11
808 1 11
809 1 11
810 1 11
811 1 11
812 1 11
813 1 11
814 1 11
815 1 11
816 1 11
817 1 11
818 1 11
819 1 11
820 1 11
821 1 11
822 1 11
823 2 11
824 2 11
825 2 11
826 2 11
827 2 11
828 2 11
829 2 11
830 2 11
831 2 11
832 2 11
833 2 11
834 2 11
835 2 11
836 2 11
837 2 11
838 2 12
839 2 12
840 2 12
841 2 12
842 2 12
843 2 12
844 2 12
845 2 12
846 2 12
847 2 12
848 2 12
849 2 12
850 2 12
851 2 12
852 2 12
853 2 12
854 2 12
855 2 12
856 2 12
857 2 12
858 2 12
859 2 12
860 2 12
861 2 12
862 2 12
863 2 12
864 2 12
865 2 13
866 2 12
867 2 12
868 2 12
869 2 12
870 2 12
871 2 12
872 2 12
873 2 12
874 2 13
875 2 13
876 2 13
877 2 13
878 2 13
879 2 13
880 2 13
881 2 13
882 2 13
883 2 13
884 2 13
885 2 13
886 2 13
887 2 13
888 2 13
889 2 13
890 2 13
891 2 14
892 2 14
893 2 13
894 2 13
895 2 13
896 2 14
897 2 14
898 2 14
899 2 14
900 2 14
901 2 14
902 2 13
903 2 14
904 2 14
905 2 14
906 2 14
907 2 14
908 2 14
909 2 14
910 2 14
911 2 14
912 2 14
913 2 14
914 2 14
915 2 14
916 2 14
917 2 14
918 2 14
919 2 14
920 2 14
921 2 14
922 2 14
923 2 14
924 2 14
925 2 14
926 2 14
927 2 14
928 2 14
929 2 14
930 2 14
931 2 14
932 2 15
933 2 15
934 2 15
935 2 15
936 2 15
937 2 15
938 2 15
939 2 15
940 2 15
941 2 15
942 2 15
943 2 15
944 2 15
945 2 15
946 2 16
947 2 16
948 2 16
949 2 16
950 2 16
951 2 16
952 2 16
953 2 16
954 2 16
955 2 16
956 2 16
957 2 16
958 2 16
959 2 16
960 2 16
961 2 16
962 2 16
963 2 16
964 2 16
965 2 16
966 2 16
967 2 16
968 2 16
969 2 16
970 2 16
971 2 16
972 2 16
973 2 16
974 2 16
975 2 16
976 2 17
977 2 17
978 2 17
979 2 17
980 2 17
981 2 17
982 2 17
983 2 17
984 2 17
985 2 17
986 2 17
987 2 17
988 2 17
989 2 17
990 3 17
991 3 17
992 3 17
993 3 17
994 3 17
995 3 17
996 3 17
997 3 17
998 3 17
999 3 17
1000 3 18
1001 3 18
1002 3 18
1003 3 18
1004 3 18
1005 3 18
1006 3 18
1007 3 18
1008 3 18
1009 3 18
1010 3 18
1011 3 18
1012 3 19
1013 3 18
1014 3 19
1015 3 19
1016 3 19
1017 3 19
1018 3 19
1019 3 19
1020 3 19
1021 3 19
1022 3 19
1023 3 19
1024 3 19
1025 3 19
1026 3 19
1027 3 19
1028 3 19
1029 3 19
1030 3 20
1031 3 19
1032 3 20
1033 3 20
1034 3 20
1035 3 20
1036 3 20
1037 3 20
1038 3 20
1039 3 20
1040 3 20
1041 3 20
1042 3 20
1043 3 20
1044 3 20
1045 3 20
1046 3 20
1047 3 20
1048 3 21
1049 3 21
1050 3 20
1051 3 21
1052 3 21
1053 3 21
1054 3 21
1055 3 21
1056 3 21
1057 3 21
1058 3 21
1059 3 22
1060 3 22
1061 3 22
1062 3 22
1063 3 22
1064 3 22
1065 3 22
1066 3 22
1067 3 22
1068 3 22
1069 3 22
1070 3 22
1071 3 22
1072 3 22
1073 3 22
1074 3 22
1075 3 22
1076 3 22
1077 3 22
1078 3 22
1079 3 22
1080 3 22
1081 3 23
1082 3 23
1083 3 23
1084 3 23
1085 3 23
1086 3 23
1087 3 23
1088 3 23
1089 3 23
1090 3 23
1091 3 23
1092 3 23
1093 3 23
1094 3 24
1095 3 24
1096 3 24
1097 3 24
1098 3 24
1099 3 24
1100 3 24
1101 3 24
1102 3 24
1103 3 25
1104 3 25
1105 3 25
1106 3 25
1107 3 25
1108 3 25
1109 3 25
1110 3 25
1111 3 25
1112 3 25
1113 3 26
1114 3 26
1115 3 26
1116 3 26
1117 3 26
1118 3 26
1119 3 26
1120 3 26
1121 3 26
1122 3 26
1123 3 26
1124 3 27
1125 4 27
1126 4 27
1127 4 27
1128 4 27
1129 4 27
1130 4 27
1131 4 27
1132 4 27
1133 4 27
1134 4 28
1135 4 28
1136 4 28
1137 4 28
1138 4 28
1139 4 28
1140 4 28
1141 4 28
1142 4 28
1143 4 28
1144 4 28
1145 4 28
1146 4 28
1147 4 28
1148 4 29
1149 4 29
1150 4 29
1151 4 29
1152 4 29
1153 4 29
1154 4 29
1155 4 29
1156 4 29
1157 4 29
1158 4 29
1159 4 29
1160 4 29
1161 4 29
1162 4 29
1163 4 29
1164 4 29
1165 4 30
1166 4 30
1167 4 30
1168 4 30
1169 4 30
1170 4 30
1171 4 30
1172 4 30
1173 4 30
1174 4 30
1175 4 30
1176 4 31
1177 4 31
1178 4 31
1179 4 31
1180 4 31
1181 4 31
1182 4 31
1183 4 31
1184 4 31
1185 4 31
1186 4 31
1187 4 31
1188 4 31
1189 4 31
1190 4 32
1191 4 32
1192 4 32
1193 4 32
1194 4 32
1195 4 32
1196 4 32
1197 4 32
1198 4 32
1199 4 32
1200 4 32
1201 4 32
1202 4 33
1203 4 33
1204 4 33
1205 4 33
1206 5 33
1207 5 33
1208 5 33
1209 5 33
1210 5 33
1211 5 33
1212 5 33
1213 5 33
1214 5 34
1215 5 34
1216 5 34
1217 5 34
1218 5 34
1219 5 34
1220 5 34
1221 5 34
1222 5 34
1223 5 34
1224 5 34
1225 5 34
1226 5 34
1227 5 34
1228 5 35
1229 5 35
1230 5 35
1231 6 35
1232 6 35
1233 6 35
1234 6 35
1235 6 35
1236 6 35
1237 6 35
1238 6 35
1239 6 36
1240 6 36
1241 6 36
1242 6 36
1243 6 36
1244 6 36
1245 6 36
1246 6 36
1247 6 36
1248 6 36
1249 6 36
1250 6 36
1251 6 36
1252 6 36
1253 6 36
1254 6 36
1255 6 36
1256 6 36
1257 6 37
1258 6 37
1259 6 37
1260 6 37
1261 6 37
1262 6 37
1263 6 37
1264 6 37
1265 6 37
1266 6 37
1267 6 37
1268 7 37
1269 7 37
1270 7 38
1271 7 38
1272 7 38
1273 7 38
1274 7 38
1275 7 38
1276 7 38
1277 7 38
1278 7 38
1279 7 38
1280 7 38
1281 7 38
1282 7 38
1283 7 38
1284 7 38
1285 7 39
1286 7 39
1287 7 39
1288 7 39
1289 7 39
1290 7 39
1291 7 39
1292 7 39
1293 7 39
1294 7 39
1295 7 39
1296 7 39
1297 7 39
1298 7 39
1299 8 39
1300 8 39
1301 8 39
1302 8 40
1303 8 40
1304 8 40
1305 8 40
1306 8 40
1307 8 40
1308 8 40
1309 8 40
1310 8 40
1311 9 40
1312 9 40
1313 9 40
1314 9 40
1315 9 40
1316 9 40
1317 9 40
1318 9 40
1319 9 40
1320 9 40
1321 10 40
1322 10 40
1323 10 41
1324 10 41
1325 10 41
1326 11 41
1327 11 41
1328 11 41
1329 11 41
1330 11 41
1331 11 41
1332 12 41
1333 12 41
1334 12 41
1335 12 41
1336 12 41
1337 13 42
1338 13 42
1339 13 42
1340 13 42
1341 13 42
1342 14 42
1343 14 42
1344 14 42
1345 14 42
1346 14 42
1347 14 42
1348 14 42
1349 14 42
1350 16 42
1351 17 43
1352 17 43
1353 18 43
1354 18 43
1355 18 43
1356 18 43
1357 18 43
1358 18 43
1359 18 43
1360 18 43
1361 20 43
1362 22 43
1363 22 43
1364 24 43
1365 29 43
1366 29 43
1367 32 43
1368 34 44
1369 34 44
1370 36 44
1371 36 44
1372 36 44
1373 36 44
1374 39 44
1375 99 44
1376 99 44
1377 100 44
