0 0 0
1 0 0
2 0 0
3 0 0
4 0 0
5 0 0
6 0 0
7 0 0
8 0 0
9 0 0
10 0 0
11 0 0
12 0 0
13 0 0
14 0 0
15 0 0
16 0 0
17 0 0
18 0 0
19 0 0
20 0 0
21 0 0
22 0 0
23 0 0
24 0 0
25 0 0
26 0 0
27 0 0
28 0 0
29 0 0
30 0 0
31 0 0
32 0 0
33 0 0
34 0 0
35 0 0
36 0 0
37 0 0
38 0 0
39 0 0
40 0 0
41 0 0
42 0 0
43 0 0
44 0 0
45 0 0
46 0 0
47 0 0
48 0 0
49 0 0
50 0 0
51 0 0
52 0 0
53 0 0
54 0 0
55 0 0
56 0 0
57 0 0
58 0 0
59 0 0
60 0 0
61 0 0
62 0 0
63 0 0
64 0 0
65 0 0
66 0 0
67 0 0
68 0 0
69 0 0
70 0 0
71 0 0
72 0 0
73 0 0
74 0 0
75 0 0
76 0 0
77 0 0
78 0 0
79 0 0
80 0 0
81 0 0
82 0 0
83 0 0
84 0 0
85 0 0
86 0 0
87 0 0
88 0 0
89 0 0
90 0 0
91 0 0
92 0 0
93 0 0
94 0 0
95 0 0
96 0 0
97 0 0
98 0 0
99 0 0
100 0 0
101 0 0
102 0 0
103 0 0
104 0 0
105 0 0
106 0 0
107 0 0
108 0 0
109 0 0
110 0 0
111 0 0
112 0 0
113 0 0
114 0 0
115 0 0
116 0 0
117 0 0
118 0 0
119 0 0
120 0 0
121 0 0
122 0 0
123 0 0
124 0 0
125 0 0
126 0 0
127 0 0
128 0 0
129 0 0
130 0 0
131 0 0
132 0 0
133 0 0
134 0 0
135 0 0
136 0 0
137 0 0
138 0 0
139 0 0
140 0 0
141 0 0
142 0 0
143 0 0
144 0 0
145 0 0
146 0 0
147 0 0
148 0 0
149 0 0
150 0 0
151 0 0
152 0 0
153 0 0
154 0 0
155 0 0
156 0 0
157 0 0
158 0 0
159 0 0
160 0 0
161 0 0
162 0 0
163 0 0
164 0 0
165 0 0
166 0 0
167 0 0
168 0 0
169 0 0
170 0 0
171 0 0
172 0 0
173 0 0
174 0 0
175 0 0
176 0 0
177 0 0
178 0 0
179 0 0
180 0 0
181 0 0
182 0 0
183 0 0
184 0 0
185 0 0
186 0 0
187 0 0
188 0 0
189 0 0
190 0 0
191 0 0
192 0 0
193 0 0
194 0 0
195 0 0
196 0 0
197 0 0
198 0 0
199 0 0
200 0 0
201 0 0
202 0 0
203 0 0
204 0 0
205 0 0
206 0 0
207 0 0
208 0 0
209 0 0
210 0 0
211 0 0
212 0 0
213 0 0
214 0 0
215 0 0
216 0 0
217 0 0
218 0 0
219 0 0
220 0 0
221 0 0
222 0 0
223 0 0
224 0 0
225 0 0
226 0 0
227 0 0
228 0 0
229 0 0
230 0 0
231 0 0
232 0 2
233 0 2
234 0 2
235 0 2
236 0 2
237 0 2
238 0 2
239 0 2
240 0 2
241 0 1
242 0 1
243 0 1
244 0 1
245 0 1
246 0 1
247 0 1
248 0 1
249 0 1
250 0 1
251 0 1
252 0 1
253 0 1
254 0 1
255 0 1
256 0 1
257 0 1
258 0 1
259 0 1
260 0 1
261 0 1
262 0 1
263 0 1
264 0 1
265 0 1
266 0 1
267 0 1
268 0 1
269 0 1
270 0 1
271 0 1
272 0 1
273 0 1
274 0 1
275 0 1
276 0 1
277 0 1
278 0 1
279 0 1
280 0 1
281 0 1
282 0 1
283 0 1
284 0 1
285 0 1
286 0 1
287 0 1
288 0 1
289 0 1
290 0 1
291 0 1
292 0 1
293 0 1
294 0 1
295 0 1
296 0 1
297 0 1
298 0 1
299 0 1
300 0 1
301 0 1
302 0 1
303 0 1
304 0 1
305 0 1
306 0 1
307 0 1
308 0 1
309 0 1
310 0 1
311 0 1
312 0 1
313 0 1
314 0 1
315 0 1
316 0 1
317 0 1
318 0 1
319 0 1
320 0 1
321 0 1
322 0 1
323 0 1
324 0 1
325 0 1
326 0 1
327 0 1
328 0 1
329 0 1
330 0 1
331 0 1
332 0 1
333 0 1
334 0 1
335 0 1
336 0 1
337 0 1
338 0 1
339 0 1
340 0 1
341 0 1
342 0 1
343 0 1
344 0 1
345 0 2
346 0 2
347 0 2
348 0 2
349 0 2
350 0 2
351 0 2
352 0 2
353 0 2
354 0 2
355 0 2
356 0 2
357 0 2
358 0 2
359 0 2
360 0 2
361 0 2
362 0 2
363 0 1
364 0 1
365 0 1
366 0 1
367 0 2
368 0 2
369 0 2
370 0 2
371 0 2
372 0 2
373 0 2
374 0 2
375 0 2
376 0 2
377 0 2
378 0 2
379 0 2
380 0 2
381 0 2
382 0 2
383 0 2
384 0 2
385 0 2
386 0 2
387 0 2
388 0 2
389 0 2
390 0 2
391 0 2
392 0 2
393 0 2
394 0 2
395 0 2
396 0 2
397 0 2
398 0 2
399 0 2
400 0 2
401 0 2
402 0 2
403 0 2
404 0 2
405 0 2
406 0 2
407 0 2
408 0 2
409 0 2
410 0 2
411 0 2
412 0 2
413 0 3
414 0 3
415 0 3
416 0 3
417 0 3
418 0 3
419 0 3
420 0 3
421 0 3
422 0 3
423 0 3
424 0 3
425 0 3
426 0 3
427 0 3
428 0 3
429 0 3
430 0 3
431 0 3
432 0 3
433 0 3
434 0 3
435 0 3
436 0 3
437 0 3
438 0 3
439 0 3
440 0 3
441 0 3
442 0 3
443 0 3
444 0 3
445 0 3
446 0 3
447 0 3
448 0 3
449 0 2
450 0 2
451 0 2
452 0 2
453 0 2
454 0 2
455 0 2
456 0 2
457 0 2
458 0 2
459 0 2
460 0 2
461 0 2
462 0 2
463 0 2
464 0 2
465 0 2
466 0 2
467 0 2
468 0 2
469 0 2
470 0 2
471 0 2
472 0 2
473 1 2
474 1 2
475 1 2
476 1 2
477 1 2
478 1 2
479 1 2
480 1 2
481 1 2
482 1 2
483 1 2
484 1 2
485 1 2
486 1 2
487 1 2
488 1 2
489 1 2
490 1 2
491 1 2
492 1 2
493 1 2
494 1 2
495 1 2
496 1 2
497 1 2
498 1 2
499 1 2
500 1 2
501 1 2
502 1 2
503 1 2
504 1 2
505 1 2
506 1 2
507 1 2
508 1 2
509 1 2
510 1 2
511 1 2
512 1 2
513 1 2
514 1 2
515 1 2
516 1 2
517 1 2
518 1 2
519 1 2
520 1 2
521 1 2
522 1 2
523 1 2
524 1 2
525 1 2
526 1 2
527 1 2
528 1 2
529 1 2
530 1 2
531 1 2
532 1 2
533 1 2
534 1 2
535 1 2
536 1 2
537 1 2
538 1 2
539 1 2
540 1 2
541 1 2
542 1 2
543 1 2
544 1 2
545 1 2
546 1 2
547 1 2
548 1 2
549 1 2
550 1 2
551 1 2
552 1 2
553 1 2
554 1 2
555 1 2
556 1 2
557 1 2
558 1 2
559 1 2
560 1 2
561 1 2
562 1 2
563 1 2
564 1 2
565 1 2
566 1 2
567 1 2
568 1 2
569 1 2
570 1 2
571 1 2
572 1 2
573 1 2
574 1 2
575 1 2
576 1 2
577 1 2
578 1 2
579 1 2
580 1 2
581 1 2
582 1 2
583 1 2
584 1 2
585 1 2
586 1 2
587 1 2
588 1 2
589 1 2
590 1 2
591 1 2
592 1 2
593 1 2
594 1 2
595 1 2
596 1 2
597 1 2
598 1 2
599 1 2
600 1 2
601 1 2
602 1 2
603 1 2
604 1 2
605 1 2
606 1 2
607 1 2
608 1 2
609 1 3
610 1 3
611 1 3
612 1 3
613 1 3
614 1 3
615 1 3
616 1 3
617 1 3
618 1 3
619 1 3
620 1 3
621 1 2
622 1 2
623 1 2
624 1 2
625 1 2
626 1 2
627 1 2
628 1 2
629 1 2
630 1 2
631 1 2
632 1 2
633 1 2
634 1 3
635 1 3
636 1 3
637 1 3
638 1 3
639 1 3
640 1 3
641 1 3
642 1 3
643 1 3
644 1 3
645 1 3
646 1 3
647 1 3
648 1 3
649 1 3
650 1 3
651 1 3
652 1 3
653 1 3
654 1 3
655 1 3
656 1 3
657 1 3
658 1 3
659 1 3
660 1 3
661 1 3
662 1 3
663 1 3
664 1 3
665 1 3
666 1 3
667 1 3
668 1 3
669 1 3
670 1 3
671 1 3
672 1 3
673 1 4
674 1 4
675 1 4
676 1 4
677 1 4
678 1 4
679 1 4
680 1 4
681 1 4
682 1 4
683 1 4
684 1 4
685 1 4
686 1 4
687 1 4
688 1 4
689 1 4
690 1 4
691 1 4
692 1 4
693 1 3
694 1 3
695 1 3
696 1 3
697 1 3
698 1 3
699 1 4
700 1 4
701 1 4
702 1 4
703 1 4
704 1 4
705 1 4
706 1 4
707 1 4
708 1 4
709 1 4
710 1 4
711 1 4
712 1 4
713 1 4
714 1 4
715 1 4
716 1 4
717 1 4
718 1 4
719 1 4
720 1 4
721 1 4
722 1 4
723 1 4
724 1 4
725 1 4
726 1 4
727 1 4
728 1 4
729 1 4
730 1 4
731 1 4
732 1 4
733 1 4
734 1 5
735 1 5
736 1 5
737 1 5
738 1 5
739 1 5
740 1 5
741 1 5
742 1 5
743 1 5
744 1 5
745 1 5
746 1 5
747 1 5
748 1 5
749 1 5
750 1 5
751 1 5
752 1 5
753 1 5
754 1 5
755 1 5
756 1 5
757 1 6
758 1 6
759 1 6
760 1 6
761 1 6
762 1 6
763 1 6
764 1 6
765 1 6
766 1 6
767 1 6
768 1 6
769 1 6
770 1 6
771 1 6
772 1 6
773 1 6
774 1 6
775 1 6
776 1 6
777 1 6
778 1 6
779 1 6
780 1 6
781 1 6
782 1 6
783 1 6
784 1 7
785 1 7
786 1 7
787 1 7
788 1 7
789 1 7
790 1 7
791 1 7
792 1 7
793 1 7
794 1 7
795 1 8
796 1 8
797 1 8
798 1 8
799 1 8
800 1 8
801 1 8
802 1 8
803 1 8
804 1 8
805 1 8
806 1 8
807 1 8
808 1 8
809 1 8
810 1 8
811 1 9
812 1 9
813 1 9
814 1 9
815 1 9
816 1 9
817 1 10
818 1 10
819 1 10
820 1 10
821 1 10
822 1 10
823 2 10
824 2 10
825 2 10
826 2 10
827 2 10
828 2 10
829 2 10
830 2 10
831 2 10
832 2 10
833 2 11
834 2 11
835 2 11
836 2 11
837 2 11
838 2 11
839 2 11
840 2 11
841 2 11
842 2 11
843 2 11
844 2 11
845 2 11
846 2 11
847 2 11
848 2 11
849 2 11
850 2 11
851 2 11
852 2 11
853 2 12
854 2 12
855 2 12
856 2 12
857 2 12
858 2 12
859 2 12
860 2 12
861 2 12
862 2 12
863 2 12
864 2 12
865 2 13
866 2 13
867 2 13
868 2 13
869 2 13
870 2 13
871 2 13
872 2 13
873 2 13
874 2 13
875 2 13
876 2 14
877 2 14
878 2 14
879 2 14
880 2 14
881 2 14
882 2 14
883 2 14
884 2 14
885 2 14
886 2 14
887 2 14
888 2 14
889 2 14
890 2 15
891 2 15
892 2 15
893 2 15
894 2 15
895 2 15
896 2 15
897 2 15
898 2 15
899 2 15
900 2 15
901 2 16
902 2 16
903 2 16
904 2 16
905 2 16
906 2 16
907 2 16
908 2 16
909 2 17
910 2 17
911 2 17
912 2 17
913 2 17
914 2 17
915 2 17
916 2 17
917 2 17
918 2 17
919 2 18
920 2 18
921 2 18
922 2 18
923 2 18
924 2 18
925 2 18
926 2 18
927 2 18
928 2 18
929 2 18
930 2 18
931 2 19
932 2 19
933 2 19
934 2 19
935 2 19
936 2 19
937 2 19
938 2 19
939 2 19
940 2 19
941 2 20
942 2 20
943 2 20
944 2 20
945 2 20
946 2 20
947 2 20
948 2 20
949 2 21
950 2 21
951 2 21
952 2 21
953 2 21
954 2 21
955 2 21
956 2 21
957 2 21
958 2 21
959 2 21
960 2 21
961 2 21
962 2 21
963 2 21
964 2 22
965 2 22
966 2 22
967 2 22
968 2 22
969 2 22
970 2 22
971 2 22
972 2 22
973 2 22
974 2 22
975 2 22
976 2 23
977 2 23
978 2 23
979 2 23
980 2 23
981 2 23
982 2 23
983 2 23
984 2 23
985 2 23
986 2 23
987 2 23
988 2 23
989 2 23
990 3 24
991 3 24
992 3 24
993 3 24
994 3 24
995 3 24
996 3 24
997 3 25
998 3 25
999 3 25
1000 3 25
1001 3 25
1002 3 25
1003 3 25
1004 3 25
1005 3 25
1006 3 26
1007 3 26
1008 3 26
1009 3 26
1010 3 26
1011 3 26
1012 3 26
1013 3 26
1014 3 26
1015 3 26
1016 3 26
1017 3 27
1018 3 27
1019 3 27
1020 3 27
1021 3 27
1022 3 27
1023 3 27
1024 3 27
1025 3 27
1026 3 27
1027 3 27
1028 3 27
1029 3 28
1030 3 28
1031 3 28
1032 3 28
1033 3 28
1034 3 28
1035 3 28
1036 3 28
1037 3 28
1038 3 28
1039 3 28
1040 3 29
1041 3 29
1042 3 29
1043 3 29
1044 3 29
1045 3 29
1046 3 29
1047 3 29
1048 3 29
1049 3 29
1050 3 29
1051 3 30
1052 3 30
1053 3 30
1054 3 30
1055 3 30
1056 3 30
1057 3 30
1058 3 30
1059 3 31
1060 3 31
1061 3 31
1062 3 31
1063 3 31
1064 3 31
1065 3 31
1066 3 31
1067 3 31
1068 3 31
1069 3 32
1070 3 32
1071 3 32
1072 3 32
1073 3 32
1074 3 32
1075 3 32
1076 3 32
1077 3 32
1078 3 32
1079 3 32
1080 3 32
1081 3 33
1082 3 33
1083 3 33
1084 3 33
1085 3 33
1086 3 33
1087 3 33
1088 3 33
1089 3 33
1090 3 33
1091 3 33
1092 3 33
1093 3 33
1094 3 34
1095 3 34
1096 3 34
1097 3 34
1098 3 34
1099 3 34
1100 3 34
1101 3 34
1102 3 34
1103 3 35
1104 3 35
1105 3 35
1106 3 35
1107 3 35
1108 3 35
1109 3 35
1110 3 35
1111 3 35
1112 3 36
1113 3 36
1114 3 36
1115 3 36
1116 3 36
1117 3 36
1118 3 36
1119 3 36
1120 3 36
1121 3 36
1122 3 36
1123 3 36
1124 3 37
1125 4 37
1126 4 37
1127 4 37
1128 4 37
1129 4 37
1130 4 37
1131 4 37
1132 4 37
1133 4 37
1134 4 37
1135 4 37
1136 4 38
1137 4 38
1138 4 38
1139 4 38
1140 4 38
1141 4 38
1142 4 38
1143 4 38
1144 4 38
1145 4 38
1146 4 38
1147 4 38
1148 4 38
1149 4 38
1150 4 38
1151 4 38
1152 4 38
1153 4 38
1154 4 39
1155 4 39
1156 4 39
1157 4 39
1158 4 39
1159 4 39
1160 4 39
1161 4 39
1162 4 39
1163 4 39
1164 4 39
1165 4 39
1166 4 39
1167 4 39
1168 4 39
1169 4 40
1170 4 40
1171 4 40
1172 4 40
1173 4 40
1174 4 40
1175 4 40
1176 4 40
1177 4 40
1178 4 40
1179 4 40
1180 4 40
1181 4 40
1182 4 40
1183 4 40
1184 4 40
1185 4 41
1186 4 41
1187 4 41
1188 4 41
1189 4 41
1190 4 41
1191 4 41
1192 4 41
1193 4 41
1194 4 41
1195 4 41
1196 4 41
1197 4 41
1198 4 42
1199 4 42
1200 4 42
1201 4 42
1202 4 42
1203 4 42
1204 4 42
1205 4 42
1206 5 42
1207 5 42
1208 5 42
1209 5 42
1210 5 42
1211 5 42
1212 5 42
1213 5 43
1214 5 43
1215 5 43
1216 5 43
1217 5 43
1218 5 43
1219 5 43
1220 5 43
1221 5 43
1222 5 43
1223 5 43
1224 5 43
1225 5 43
1226 5 43
1227 5 43
1228 5 44
1229 5 44
1230 5 44
1231 6 44
1232 6 44
1233 6 44
1234 6 44
1235 6 44
1236 6 44
1237 6 44
1238 6 44
1239 6 44
1240 6 44
1241 6 44
1242 6 45
1243 6 45
1244 6 45
1245 6 45
1246 6 45
1247 6 45
1248 6 45
1249 6 45
1250 6 45
1251 6 45
1252 6 45
1253 6 45
1254 6 45
1255 6 45
1256 6 45
1257 6 45
1258 6 45
1259 6 45
1260 6 45
1261 6 45
1262 6 45
1263 6 46
1264 6 46
1265 6 46
1266 6 46
1267 6 46
1268 7 46
1269 7 46
1270 7 46
1271 7 46
1272 7 46
1273 7 46
1274 7 46
1275 7 46
1276 7 46
1277 7 47
1278 7 47
1279 7 47
1280 7 47
1281 7 47
1282 7 47
1283 7 47
1284 7 47
1285 7 47
1286 7 47
1287 7 47
1288 7 47
1289 7 47
1290 7 47
1291 7 47
1292 7 47
1293 7 47
1294 7 47
1295 7 47
1296 7 47
1297 7 47
1298 7 48
1299 8 48
1300 8 48
1301 8 48
1302 8 48
1303 8 48
1304 8 48
1305 8 48
1306 8 48
1307 8 48
1308 8 48
1309 8 48
1310 8 48
1311 9 48
1312 9 48
1313 9 48
1314 9 48
1315 9 48
1316 9 48
1317 9 48
1318 9 48
1319 9 49
1320 9 49
1321 10 49
1322 10 49
1323 10 49
1324 10 49
1325 10 49
1326 11 49
1327 11 49
1328 11 49
1329 11 49
1330 11 49
1331 11 49
1332 12 49
1333 12 49
1334 12 49
1335 12 50
1336 12 50
1337 13 50
1338 13 50
1339 13 50
1340 13 50
1341 13 50
1342 14 50
1343 14 50
1344 14 50
1345 14 50
1346 14 50
1347 14 50
1348 14 50
1349 14 50
1350 16 50
1351 17 50
1352 17 50
1353 18 51
1354 18 51
1355 18 51
1356 18 51
1357 18 51
1358 18 51
1359 18 51
1360 18 51
1361 20 51
1362 22 51
1363 22 51
1364 24 51
1365 29 51
1366 29 51
1367 32 51
1368 34 51
1369 34 51
1370 36 51
1371 36 51
1372 36 51
1373 36 52
1374 39 52
1375 99 52
1376 99 52
1377 100 52
