0 0 0
1 0 0
2 0 0
3 0 0
4 0 0
5 0 0
6 0 0
7 0 0
8 0 0
9 0 0
10 0 0
11 0 0
12 0 0
13 0 0
14 0 0
15 0 0
16 0 0
17 0 0
18 0 0
19 0 0
20 0 0
21 0 0
22 0 0
23 0 0
24 0 0
25 0 0
26 0 0
27 0 0
28 0 0
29 0 0
30 0 0
31 0 0
32 0 0
33 0 0
34 0 0
35 0 0
36 0 0
37 0 0
38 0 0
39 0 0
40 0 0
41 0 0
42 0 0
43 0 0
44 0 0
45 0 0
46 0 33
47 0 33
48 0 33
49 0 33
50 0 33
51 0 33
52 0 33
53 0 33
54 0 33
55 0 33
56 0 33
57 0 25
58 0 25
59 0 25
60 0 25
61 0 25
62 0 25
63 0 25
64 0 25
65 0 25
66 0 40
67 0 40
68 0 40
69 0 40
70 0 40
71 0 40
72 0 40
73 0 40
74 0 40
75 0 40
76 0 40
77 0 40
78 0 40
79 0 40
80 0 40
81 0 40
82 0 40
83 0 40
84 0 40
85 0 40
86 0 40
87 0 40
88 0 40
89 0 40
90 0 40
91 0 40
92 0 40
93 0 40
94 0 40
95 0 40
96 0 40
97 0 40
98 0 40
99 0 33
100 0 33
101 0 42
102 0 50
103 0 50
104 0 55
105 0 55
106 0 55
107 0 55
108 0 50
109 0 50
110 0 50
111 0 50
112 0 50
113 0 45
114 0 50
115 0 50
116 0 50
117 0 53
118 0 53
119 0 53
120 0 53
121 0 53
122 0 53
123 0 53
124 0 53
125 0 53
126 0 53
127 0 53
128 0 50
129 0 50
130 0 50
131 0 50
132 0 50
133 0 50
134 0 50
135 0 50
136 0 50
137 0 50
138 0 50
139 0 50
140 0 46
141 0 43
142 0 41
143 0 38
144 0 38
145 0 36
146 0 36
147 0 36
148 0 36
149 0 36
150 0 35
151 0 35
152 0 33
153 0 33
154 0 31
155 0 30
156 0 29
157 0 28
158 0 28
159 0 28
160 0 26
161 0 26
162 0 26
163 0 26
164 0 26
165 0 26
166 0 25
167 0 25
168 0 24
169 0 26
170 0 26
171 0 26
172 0 26
173 0 26
174 0 26
175 0 25
176 0 25
177 0 25
178 0 24
179 0 23
180 0 22
181 0 22
182 0 22
183 0 22
184 0 22
185 0 22
186 0 22
187 0 24
188 0 26
189 0 26
190 0 26
191 0 28
192 0 28
193 0 28
194 0 27
195 0 26
196 0 26
197 0 26
198 0 26
199 0 26
200 0 25
201 0 25
202 0 25
203 0 24
204 0 24
205 0 24
206 0 24
207 0 24
208 0 24
209 0 24
210 0 24
211 0 24
212 0 24
213 0 24
214 0 24
215 0 24
216 0 24
217 0 23
218 0 23
219 0 23
220 0 23
221 0 23
222 0 23
223 0 23
224 0 23
225 0 23
226 0 23
227 0 22
228 0 22
229 0 22
230 0 22
231 0 22
232 0 22
233 0 22
234 0 22
235 0 22
236 0 22
237 0 22
238 0 24
239 0 24
240 0 24
241 0 23
242 0 25
243 0 25
244 0 24
245 0 24
246 0 24
247 0 25
248 0 25
249 0 25
250 0 25
251 0 25
252 0 25
253 0 25
254 0 25
255 0 25
256 0 25
257 0 25
258 0 24
259 0 24
260 0 24
261 0 24
262 0 24
263 0 24
264 0 24
265 0 24
266 0 24
267 0 24
268 0 24
269 0 25
270 0 26
271 0 26
272 0 26
273 0 26
274 0 26
275 0 26
276 0 26
277 0 26
278 0 27
279 0 29
280 0 29
281 0 28
282 0 28
283 0 28
284 0 28
285 0 28
286 0 29
287 0 28
288 0 28
289 0 28
290 0 28
291 0 28
292 0 28
293 0 28
294 0 28
295 0 28
296 0 28
297 0 27
298 0 27
299 0 27
300 0 27
301 0 27
302 0 27
303 0 27
304 0 27
305 0 27
306 0 26
307 0 26
308 0 26
309 0 26
310 0 26
311 0 26
312 0 26
313 0 26
314 0 26
315 0 26
316 0 26
317 0 25
318 0 25
319 0 25
320 0 24
321 0 24
322 0 24
323 0 24
324 0 24
325 0 25
326 0 25
327 0 25
328 0 24
329 0 24
330 0 24
331 0 24
332 0 24
333 0 23
334 0 23
335 0 23
336 0 23
337 0 23
338 0 23
339 0 23
340 0 22
341 0 22
342 0 22
343 0 22
344 0 22
345 0 23
346 0 23
347 0 23
348 0 23
349 0 23
350 0 22
351 0 22
352 0 22
353 0 22
354 0 22
355 0 22
356 0 22
357 0 21
358 0 21
359 0 21
360 0 21
361 0 21
362 0 21
363 0 20
364 0 20
365 0 20
366 0 20
367 0 20
368 0 20
369 0 20
370 0 20
371 0 20
372 0 20
373 0 20
374 0 20
375 0 19
376 0 19
377 0 19
378 0 19
379 0 19
380 0 19
381 0 19
382 0 19
383 0 19
384 0 19
385 0 19
386 0 19
387 0 19
388 0 19
389 0 18
390 0 18
391 0 18
392 0 18
393 0 18
394 0 18
395 0 18
396 0 18
397 0 18
398 0 18
399 0 17
400 0 17
401 0 17
402 0 17
403 0 17
404 0 17
405 0 17
406 0 17
407 0 17
408 0 17
409 0 17
410 0 17
411 0 17
412 0 17
413 0 17
414 0 17
415 0 17
416 0 17
417 0 17
418 0 17
419 0 17
420 0 17
421 0 17
422 0 17
423 0 17
424 0 17
425 0 17
426 0 17
427 0 16
428 0 16
429 0 16
430 0 16
431 0 16
432 0 16
433 0 16
434 0 16
435 0 16
436 0 16
437 0 16
438 0 16
439 0 16
440 0 16
441 0 16
442 0 16
443 0 16
444 0 16
445 0 16
446 0 16
447 0 15
448 0 15
449 0 15
450 0 15
451 0 15
452 0 15
453 0 15
454 0 15
455 0 15
456 0 15
457 0 15
458 0 15
459 0 15
460 0 15
461 0 15
462 0 15
463 0 15
464 0 15
465 0 15
466 0 15
467 0 15
468 0 15
469 0 15
470 0 15
471 0 15
472 0 15
473 1 15
474 1 15
475 1 15
476 1 14
477 1 14
478 1 14
479 1 14
480 1 14
481 1 14
482 1 14
483 1 14
484 1 14
485 1 14
486 1 14
487 1 14
488 1 14
489 1 15
490 1 15
491 1 15
492 1 15
493 1 15
494 1 14
495 1 14
496 1 14
497 1 14
498 1 14
499 1 14
500 1 14
501 1 14
502 1 14
503 1 14
504 1 14
505 1 14
506 1 14
507 1 14
508 1 14
509 1 14
510 1 14
511 1 14
512 1 14
513 1 14
514 1 14
515 1 14
516 1 14
517 1 14
518 1 14
519 1 14
520 1 14
521 1 14
522 1 14
523 1 14
524 1 14
525 1 14
526 1 14
527 1 14
528 1 14
529 1 14
530 1 14
531 1 14
532 1 13
533 1 13
534 1 13
535 1 13
536 1 13
537 1 13
538 1 13
539 1 13
540 1 13
541 1 14
542 1 14
543 1 14
544 1 14
545 1 14
546 1 14
547 1 14
548 1 14
549 1 14
550 1 14
551 1 14
552 1 14
553 1 14
554 1 14
555 1 14
556 1 14
557 1 14
558 1 14
559 1 14
560 1 13
561 1 13
562 1 13
563 1 13
564 1 13
565 1 13
566 1 13
567 1 13
568 1 13
569 1 13
570 1 14
571 1 14
572 1 13
573 1 13
574 1 13
575 1 13
576 1 13
577 1 13
578 1 13
579 1 13
580 1 13
581 1 13
582 1 13
583 1 13
584 1 13
585 1 13
586 1 13
587 1 13
588 1 13
589 1 13
590 1 13
591 1 13
592 1 13
593 1 13
594 1 13
595 1 13
596 1 13
597 1 13
598 1 12
599 1 12
600 1 12
601 1 12
602 1 12
603 1 12
604 1 12
605 1 12
606 1 12
607 1 13
608 1 13
609 1 12
610 1 12
611 1 12
612 1 12
613 1 12
614 1 12
615 1 12
616 1 12
617 1 12
618 1 12
619 1 12
620 1 12
621 1 12
622 1 12
623 1 12
624 1 12
625 1 12
626 1 12
627 1 12
628 1 12
629 1 12
630 1 12
631 1 12
632 1 11
633 1 11
634 1 11
635 1 11
636 1 12
637 1 12
638 1 12
639 1 12
640 1 12
641 1 12
642 1 12
643 1 12
644 1 12
645 1 11
646 1 12
647 1 12
648 1 12
649 1 12
650 1 12
651 1 12
652 1 12
653 1 12
654 1 12
655 1 12
656 1 12
657 1 13
658 1 13
659 1 13
660 1 13
661 1 13
662 1 13
663 1 13
664 1 13
665 1 13
666 1 13
667 1 13
668 1 13
669 1 13
670 1 13
671 1 13
672 1 13
673 1 13
674 1 13
675 1 13
676 1 14
677 1 14
678 1 14
679 1 14
680 1 14
681 1 14
682 1 14
683 1 14
684 1 14
685 1 14
686 1 14
687 1 14
688 1 14
689 1 14
690 1 14
691 1 14
692 1 14
693 1 14
694 1 14
695 1 14
696 1 14
697 1 14
698 1 14
699 1 14
700 1 14
701 1 14
702 1 14
703 1 14
704 1 14
705 1 14
706 1 14
707 1 14
708 1 14
709 1 14
710 1 14
711 1 14
712 1 14
713 1 14
714 1 13
715 1 13
716 1 13
717 1 13
718 1 13
719 1 13
720 1 13
721 1 13
722 1 13
723 1 13
724 1 13
725 1 13
726 1 13
727 1 13
728 1 13
729 1 13
730 1 13
731 1 13
732 1 13
733 1 13
734 1 13
735 1 13
736 1 13
737 1 13
738 1 13
739 1 13
740 1 13
741 1 13
742 1 13
743 1 13
744 1 13
745 1 13
746 1 13
747 1 13
748 1 13
749 1 13
750 1 13
751 1 13
752 1 13
753 1 13
754 1 14
755 1 14
756 1 14
757 1 14
758 1 14
759 1 14
760 1 14
761 1 14
762 1 14
763 1 14
764 1 14
765 1 14
766 1 14
767 1 14
768 1 14
769 1 14
770 1 14
771 1 14
772 1 14
773 1 14
774 1 14
775 1 14
776 1 14
777 1 14
778 1 14
779 1 14
780 1 14
781 1 14
782 1 15
783 1 15
784 1 15
785 1 15
786 1 15
787 1 15
788 1 15
789 1 15
790 1 15
791 1 15
792 1 15
793 1 14
794 1 14
795 1 14
796 1 14
797 1 14
798 1 14
799 1 14
800 1 14
801 1 14
802 1 14
803 1 14
804 1 14
805 1 15
806 1 14
807 1 14
808 1 14
809 1 14
810 1 14
811 1 14
812 1 14
813 1 14
814 1 15
815 1 15
816 1 15
817 1 15
818 1 15
819 1 15
820 1 15
821 1 15
822 1 15
823 2 15
824 2 15
825 2 15
826 2 15
827 2 14
828 2 14
829 2 14
830 2 14
831 2 14
832 2 14
833 2 15
834 2 15
835 2 15
836 2 14
837 2 14
838 2 14
839 2 14
840 2 14
841 2 14
842 2 14
843 2 14
844 2 14
845 2 14
846 2 14
847 2 14
848 2 14
849 2 14
850 2 14
851 2 14
852 2 14
853 2 14
854 2 14
855 2 14
856 2 14
857 2 14
858 2 14
859 2 14
860 2 14
861 2 14
862 2 14
863 2 14
864 2 14
865 2 14
866 2 14
867 2 14
868 2 14
869 2 14
870 2 14
871 2 14
872 2 14
873 2 14
874 2 14
875 2 14
876 2 15
877 2 15
878 2 15
879 2 15
880 2 15
881 2 15
882 2 15
883 2 15
884 2 15
885 2 15
886 2 15
887 2 15
888 2 15
889 2 15
890 2 15
891 2 15
892 2 15
893 2 15
894 2 15
895 2 15
896 2 15
897 2 15
898 2 15
899 2 15
900 2 15
901 2 15
902 2 15
903 2 15
904 2 15
905 2 15
906 2 15
907 2 15
908 2 15
909 2 16
910 2 16
911 2 16
912 2 16
913 2 16
914 2 16
915 2 16
916 2 16
917 2 16
918 2 16
919 2 16
920 2 16
921 2 16
922 2 16
923 2 16
924 2 16
925 2 16
926 2 16
927 2 16
928 2 15
929 2 15
930 2 15
931 2 15
932 2 15
933 2 15
934 2 15
935 2 16
936 2 16
937 2 16
938 2 16
939 2 16
940 2 16
941 2 16
942 2 16
943 2 16
944 2 16
945 2 16
946 2 16
947 2 16
948 2 16
949 2 16
950 2 16
951 2 16
952 2 16
953 2 16
954 2 16
955 2 16
956 2 16
957 2 16
958 2 16
959 2 16
960 2 16
961 2 16
962 2 16
963 2 16
964 2 16
965 2 16
966 2 16
967 2 16
968 2 16
969 2 16
970 2 16
971 2 16
972 2 16
973 2 16
974 2 16
975 2 16
976 2 16
977 2 16
978 2 16
979 2 16
980 2 16
981 2 16
982 2 16
983 2 16
984 2 16
985 2 16
986 2 16
987 2 16
988 2 16
989 2 16
990 3 17
991 3 16
992 3 16
993 3 17
994 3 17
995 3 17
996 3 17
997 3 17
998 3 17
999 3 16
1000 3 16
1001 3 16
1002 3 16
1003 3 16
1004 3 16
1005 3 17
1006 3 16
1007 3 16
1008 3 17
1009 3 17
1010 3 17
1011 3 17
1012 3 17
1013 3 17
1014 3 17
1015 3 17
1016 3 17
1017 3 17
1018 3 17
1019 3 17
1020 3 17
1021 3 17
1022 3 17
1023 3 17
1024 3 17
1025 3 17
1026 3 17
1027 3 17
1028 3 17
1029 3 18
1030 3 18
1031 3 18
1032 3 18
1033 3 18
1034 3 18
1035 3 18
1036 3 18
1037 3 18
1038 3 18
1039 3 18
1040 3 18
1041 3 18
1042 3 18
1043 3 18
1044 3 18
1045 3 18
1046 3 18
1047 3 18
1048 3 18
1049 3 18
1050 3 18
1051 3 19
1052 3 19
1053 3 19
1054 3 19
1055 3 19
1056 3 19
1057 3 19
1058 3 19
1059 3 19
1060 3 19
1061 3 19
1062 3 19
1063 3 19
1064 3 19
1065 3 19
1066 3 20
1067 3 20
1068 3 20
1069 3 20
1070 3 20
1071 3 20
1072 3 20
1073 3 20
1074 3 20
1075 3 20
1076 3 20
1077 3 20
1078 3 20
1079 3 20
1080 3 20
1081 3 20
1082 3 20
1083 3 21
1084 3 21
1085 3 21
1086 3 21
1087 3 21
1088 3 21
1089 3 21
1090 3 21
1091 3 21
1092 3 21
1093 3 21
1094 3 21
1095 3 21
1096 3 21
1097 3 21
1098 3 21
1099 3 21
1100 3 21
1101 3 22
1102 3 22
1103 3 22
1104 3 22
1105 3 22
1106 3 22
1107 3 22
1108 3 22
1109 3 22
1110 3 22
1111 3 23
1112 3 23
1113 3 23
1114 3 23
1115 3 23
1116 3 23
1117 3 23
1118 3 23
1119 3 23
1120 3 23
1121 3 23
1122 3 23
1123 3 23
1124 3 24
1125 4 24
1126 4 24
1127 4 24
1128 4 24
1129 4 24
1130 4 24
1131 4 24
1132 4 24
1133 4 24
1134 4 24
1135 4 24
1136 4 24
1137 4 24
1138 4 25
1139 4 25
1140 4 25
1141 4 25
1142 4 25
1143 4 25
1144 4 25
1145 4 25
1146 4 25
1147 4 25
1148 4 25
1149 4 25
1150 4 25
1151 4 25
1152 4 25
1153 4 25
1154 4 25
1155 4 25
1156 4 25
1157 4 25
1158 4 25
1159 4 25
1160 4 26
1161 4 26
1162 4 26
1163 4 26
1164 4 26
1165 4 26
1166 4 26
1167 4 26
1168 4 26
1169 4 26
1170 4 26
1171 4 26
1172 4 26
1173 4 26
1174 4 26
1175 4 27
1176 4 27
1177 4 27
1178 4 27
1179 4 27
1180 4 27
1181 4 27
1182 4 27
1183 4 27
1184 4 27
1185 4 27
1186 4 27
1187 4 27
1188 4 27
1189 4 27
1190 4 27
1191 4 27
1192 4 27
1193 4 27
1194 4 27
1195 4 28
1196 4 28
1197 4 28
1198 4 28
1199 4 28
1200 4 28
1201 4 28
1202 4 28
1203 4 28
1204 4 28
1205 4 28
1206 5 28
1207 5 28
1208 5 28
1209 5 28
1210 5 28
1211 5 28
1212 5 29
1213 5 29
1214 5 29
1215 5 29
1216 5 29
1217 5 29
1218 5 29
1219 5 29
1220 5 29
1221 5 29
1222 5 29
1223 5 30
1224 5 30
1225 5 30
1226 5 30
1227 5 30
1228 5 30
1229 5 30
1230 5 30
1231 6 30
1232 6 30
1233 6 30
1234 6 30
1235 6 30
1236 6 30
1237 6 30
1238 6 30
1239 6 30
1240 6 31
1241 6 31
1242 6 30
1243 6 31
1244 6 31
1245 6 31
1246 6 31
1247 6 31
1248 6 31
1249 6 31
1250 6 31
1251 6 31
1252 6 31
1253 6 31
1254 6 31
1255 6 31
1256 6 31
1257 6 31
1258 6 31
1259 6 31
1260 6 31
1261 6 31
1262 6 32
1263 6 32
1264 6 32
1265 6 32
1266 6 32
1267 6 32
1268 7 32
1269 7 32
1270 7 32
1271 7 32
1272 7 32
1273 7 33
1274 7 33
1275 7 33
1276 7 33
1277 7 33
1278 7 33
1279 7 33
1280 7 33
1281 7 33
1282 7 33
1283 7 33
1284 7 33
1285 7 33
1286 7 33
1287 7 34
1288 7 34
1289 7 34
1290 7 34
1291 7 34
1292 7 34
1293 7 34
1294 7 34
1295 7 34
1296 7 34
1297 7 34
1298 7 34
1299 8 34
1300 8 34
1301 8 34
1302 8 34
1303 8 34
1304 8 34
1305 8 35
1306 8 35
1307 8 35
1308 8 35
1309 8 35
1310 8 35
1311 9 35
1312 9 35
1313 9 35
1314 9 35
1315 9 35
1316 9 35
1317 9 35
1318 9 35
1319 9 35
1320 9 35
1321 10 35
1322 10 35
1323 10 35
1324 10 35
1325 10 36
1326 11 36
1327 11 36
1328 11 36
1329 11 36
1330 11 36
1331 11 36
1332 12 36
1333 12 36
1334 12 36
1335 12 36
1336 12 36
1337 13 37
1338 13 37
1339 13 37
1340 13 37
1341 13 37
1342 14 37
1343 14 37
1344 14 37
1345 14 37
1346 14 37
1347 14 37
1348 14 37
1349 14 37
1350 16 37
1351 17 38
1352 17 38
1353 18 38
1354 18 38
1355 18 38
1356 18 38
1357 18 38
1358 18 38
1359 18 38
1360 18 38
1361 20 38
1362 22 38
1363 22 38
1364 24 38
1365 29 39
1366 29 39
1367 32 39
1368 34 39
1369 34 39
1370 36 39
1371 36 39
1372 36 39
1373 36 39
1374 39 39
1375 99 39
1376 99 39
1377 100 39
