0 0 0
1 0 0
2 0 0
3 0 0
4 0 0
5 0 0
6 0 0
7 0 100
8 0 100
9 0 100
10 0 100
11 0 100
12 0 100
13 0 100
14 0 100
15 0 100
16 0 100
17 0 100
18 0 100
19 0 100
20 0 100
21 0 100
22 0 100
23 0 100
24 0 100
25 0 100
26 0 100
27 0 100
28 0 100
29 0 100
30 0 100
31 0 100
32 0 100
33 0 100
34 0 100
35 0 100
36 0 100
37 0 100
38 0 100
39 0 100
40 0 100
41 0 100
42 0 100
43 0 100
44 0 100
45 0 100
46 0 66
47 0 66
48 0 66
49 0 66
50 0 66
51 0 66
52 0 66
53 0 66
54 0 66
55 0 66
56 0 66
57 0 50
58 0 50
59 0 50
60 0 50
61 0 50
62 0 50
63 0 50
64 0 50
65 0 50
66 0 40
67 0 40
68 0 40
69 0 40
70 0 40
71 0 40
72 0 40
73 0 40
74 0 40
75 0 40
76 0 40
77 0 40
78 0 40
79 0 40
80 0 40
81 0 40
82 0 40
83 0 40
84 0 40
85 0 40
86 0 40
87 0 40
88 0 40
89 0 40
90 0 40
91 0 40
92 0 40
93 0 40
94 0 40
95 0 40
96 0 40
97 0 40
98 0 40
99 0 50
100 0 50
101 0 42
102 0 50
103 0 50
104 0 44
105 0 44
106 0 44
107 0 44
108 0 40
109 0 40
110 0 40
111 0 40
112 0 40
113 0 45
114 0 41
115 0 41
116 0 41
117 0 38
118 0 38
119 0 38
120 0 38
121 0 38
122 0 38
123 0 38
124 0 38
125 0 38
126 0 38
127 0 38
128 0 35
129 0 35
130 0 35
131 0 35
132 0 35
133 0 35
134 0 35
135 0 35
136 0 35
137 0 35
138 0 35
139 0 35
140 0 33
141 0 31
142 0 29
143 0 27
144 0 27
145 0 26
146 0 26
147 0 26
148 0 26
149 0 26
150 0 25
151 0 25
152 0 23
153 0 23
154 0 22
155 0 21
156 0 20
157 0 20
158 0 20
159 0 20
160 0 19
161 0 19
162 0 19
163 0 19
164 0 19
165 0 19
166 0 18
167 0 17
168 0 17
169 0 20
170 0 20
171 0 20
172 0 20
173 0 20
174 0 20
175 0 19
176 0 18
177 0 18
178 0 18
179 0 17
180 0 17
181 0 17
182 0 16
183 0 16
184 0 16
185 0 16
186 0 16
187 0 16
188 0 15
189 0 15
190 0 15
191 0 15
192 0 15
193 0 15
194 0 15
195 0 14
196 0 14
197 0 14
198 0 14
199 0 14
200 0 13
201 0 13
202 0 13
203 0 13
204 0 13
205 0 13
206 0 13
207 0 13
208 0 13
209 0 13
210 0 13
211 0 13
212 0 13
213 0 13
214 0 13
215 0 13
216 0 13
217 0 13
218 0 13
219 0 13
220 0 13
221 0 13
222 0 13
223 0 13
224 0 12
225 0 12
226 0 12
227 0 12
228 0 12
229 0 12
230 0 12
231 0 12
232 0 14
233 0 14
234 0 14
235 0 14
236 0 14
237 0 14
238 0 16
239 0 16
240 0 16
241 0 15
242 0 17
243 0 17
244 0 16
245 0 16
246 0 16
247 0 16
248 0 16
249 0 16
250 0 16
251 0 16
252 0 16
253 0 16
254 0 16
255 0 16
256 0 16
257 0 16
258 0 17
259 0 17
260 0 17
261 0 17
262 0 17
263 0 17
264 0 17
265 0 17
266 0 17
267 0 17
268 0 17
269 0 16
270 0 16
271 0 16
272 0 16
273 0 16
274 0 16
275 0 16
276 0 16
277 0 16
278 0 16
279 0 16
280 0 16
281 0 15
282 0 15
283 0 15
284 0 15
285 0 15
286 0 15
287 0 15
288 0 15
289 0 15
290 0 15
291 0 15
292 0 15
293 0 15
294 0 15
295 0 15
296 0 14
297 0 14
298 0 14
299 0 14
300 0 14
301 0 14
302 0 14
303 0 14
304 0 14
305 0 14
306 0 14
307 0 14
308 0 13
309 0 13
310 0 13
311 0 13
312 0 13
313 0 13
314 0 13
315 0 13
316 0 13
317 0 13
318 0 13
319 0 13
320 0 12
321 0 12
322 0 12
323 0 12
324 0 12
325 0 13
326 0 13
327 0 13
328 0 13
329 0 13
330 0 13
331 0 13
332 0 13
333 0 13
334 0 12
335 0 12
336 0 12
337 0 12
338 0 12
339 0 12
340 0 12
341 0 12
342 0 12
343 0 12
344 0 12
345 0 13
346 0 13
347 0 13
348 0 13
349 0 13
350 0 13
351 0 13
352 0 13
353 0 13
354 0 13
355 0 13
356 0 13
357 0 13
358 0 13
359 0 13
360 0 13
361 0 13
362 0 13
363 0 12
364 0 12
365 0 12
366 0 12
367 0 13
368 0 13
369 0 13
370 0 13
371 0 13
372 0 13
373 0 13
374 0 13
375 0 13
376 0 13
377 0 13
378 0 13
379 0 13
380 0 12
381 0 12
382 0 12
383 0 12
384 0 12
385 0 12
386 0 12
387 0 12
388 0 12
389 0 12
390 0 12
391 0 12
392 0 12
393 0 12
394 0 12
395 0 12
396 0 12
397 0 12
398 0 12
399 0 11
400 0 11
401 0 11
402 0 12
403 0 12
404 0 13
405 0 13
406 0 13
407 0 13
408 0 13
409 0 13
410 0 13
411 0 13
412 0 13
413 0 13
414 0 13
415 0 13
416 0 13
417 0 13
418 0 13
419 0 13
420 0 13
421 0 13
422 0 13
423 0 13
424 0 13
425 0 13
426 0 13
427 0 13
428 0 13
429 0 13
430 0 13
431 0 13
432 0 13
433 0 13
434 0 13
435 0 13
436 0 13
437 0 13
438 0 13
439 0 13
440 0 13
441 0 13
442 0 13
443 0 13
444 0 13
445 0 13
446 0 12
447 0 12
448 0 12
449 0 12
450 0 12
451 0 12
452 0 12
453 0 12
454 0 12
455 0 12
456 0 12
457 0 12
458 0 12
459 0 12
460 0 12
461 0 12
462 0 12
463 0 12
464 0 12
465 0 12
466 0 12
467 0 12
468 0 12
469 0 12
470 0 11
471 0 11
472 0 11
473 1 11
474 1 11
475 1 11
476 1 11
477 1 11
478 1 11
479 1 11
480 1 11
481 1 11
482 1 11
483 1 11
484 1 11
485 1 10
486 1 10
487 1 10
488 1 10
489 1 10
490 1 10
491 1 10
492 1 10
493 1 10
494 1 10
495 1 10
496 1 10
497 1 10
498 1 10
499 1 10
500 1 10
501 1 10
502 1 10
503 1 10
504 1 10
505 1 10
506 1 10
507 1 10
508 1 10
509 1 10
510 1 10
511 1 10
512 1 10
513 1 10
514 1 10
515 1 10
516 1 10
517 1 10
518 1 10
519 1 10
520 1 10
521 1 10
522 1 10
523 1 10
524 1 10
525 1 10
526 1 10
527 1 10
528 1 10
529 1 10
530 1 10
531 1 10
532 1 10
533 1 10
534 1 10
535 1 10
536 1 10
537 1 9
538 1 9
539 1 9
540 1 9
541 1 9
542 1 9
543 1 9
544 1 9
545 1 9
546 1 9
547 1 9
548 1 9
549 1 9
550 1 9
551 1 9
552 1 9
553 1 9
554 1 9
555 1 9
556 1 9
557 1 9
558 1 9
559 1 9
560 1 9
561 1 9
562 1 9
563 1 9
564 1 9
565 1 9
566 1 9
567 1 9
568 1 9
569 1 9
570 1 10
571 1 10
572 1 9
573 1 9
574 1 9
575 1 9
576 1 9
577 1 9
578 1 9
579 1 9
580 1 9
581 1 9
582 1 9
583 1 9
584 1 9
585 1 9
586 1 9
587 1 9
588 1 9
589 1 9
590 1 9
591 1 9
592 1 9
593 1 9
594 1 9
595 1 9
596 1 9
597 1 9
598 1 9
599 1 9
600 1 9
601 1 9
602 1 9
603 1 9
604 1 9
605 1 9
606 1 9
607 1 10
608 1 10
609 1 10
610 1 10
611 1 10
612 1 10
613 1 10
614 1 10
615 1 10
616 1 10
617 1 10
618 1 10
619 1 10
620 1 10
621 1 10
622 1 10
623 1 10
624 1 10
625 1 10
626 1 10
627 1 10
628 1 10
629 1 10
630 1 10
631 1 9
632 1 9
633 1 9
634 1 10
635 1 10
636 1 10
637 1 10
638 1 10
639 1 10
640 1 10
641 1 10
642 1 10
643 1 10
644 1 10
645 1 9
646 1 10
647 1 10
648 1 10
649 1 10
650 1 10
651 1 10
652 1 10
653 1 10
654 1 10
655 1 10
656 1 10
657 1 10
658 1 10
659 1 10
660 1 10
661 1 10
662 1 10
663 1 10
664 1 10
665 1 10
666 1 10
667 1 10
668 1 10
669 1 10
670 1 10
671 1 10
672 1 10
673 1 11
674 1 11
675 1 11
676 1 11
677 1 11
678 1 11
679 1 11
680 1 11
681 1 11
682 1 11
683 1 11
684 1 11
685 1 11
686 1 11
687 1 11
688 1 11
689 1 11
690 1 11
691 1 11
692 1 11
693 1 11
694 1 11
695 1 11
696 1 11
697 1 11
698 1 11
699 1 11
700 1 11
701 1 11
702 1 11
703 1 11
704 1 11
705 1 11
706 1 11
707 1 11
708 1 11
709 1 11
710 1 11
711 1 11
712 1 11
713 1 11
714 1 11
715 1 11
716 1 11
717 1 11
718 1 11
719 1 11
720 1 11
721 1 11
722 1 11
723 1 11
724 1 11
725 1 11
726 1 11
727 1 11
728 1 11
729 1 11
730 1 11
731 1 11
732 1 11
733 1 11
734 1 11
735 1 11
736 1 11
737 1 11
738 1 11
739 1 12
740 1 12
741 1 12
742 1 12
743 1 12
744 1 12
745 1 12
746 1 12
747 1 12
748 1 12
749 1 12
750 1 12
751 1 12
752 1 12
753 1 12
754 1 12
755 1 12
756 1 13
757 1 12
758 1 12
759 1 12
760 1 12
761 1 12
762 1 12
763 1 13
764 1 13
765 1 13
766 1 13
767 1 13
768 1 13
769 1 13
770 1 13
771 1 13
772 1 13
773 1 13
774 1 13
775 1 13
776 1 13
777 1 13
778 1 13
779 1 13
780 1 14
781 1 14
782 1 14
783 1 14
784 1 14
785 1 14
786 1 13
787 1 14
788 1 14
789 1 14
790 1 14
791 1 14
792 1 14
793 1 14
794 1 14
795 1 14
796 1 14
797 1 14
798 1 14
799 1 14
800 1 14
801 1 14
802 1 14
803 1 14
804 1 14
805 1 15
806 1 14
807 1 15
808 1 15
809 1 15
810 1 15
811 1 15
812 1 15
813 1 15
814 1 15
815 1 15
816 1 15
817 1 16
818 1 16
819 1 16
820 1 15
821 1 15
822 1 15
823 2 15
824 2 15
825 2 15
826 2 15
827 2 15
828 2 15
829 2 15
830 2 16
831 2 16
832 2 16
833 2 16
834 2 16
835 2 16
836 2 16
837 2 16
838 2 16
839 2 16
840 2 16
841 2 16
842 2 16
843 2 16
844 2 16
845 2 16
846 2 16
847 2 16
848 2 16
849 2 16
850 2 16
851 2 16
852 2 16
853 2 17
854 2 17
855 2 17
856 2 17
857 2 17
858 2 17
859 2 17
860 2 17
861 2 16
862 2 17
863 2 17
864 2 17
865 2 17
866 2 17
867 2 17
868 2 17
869 2 17
870 2 17
871 2 17
872 2 17
873 2 17
874 2 17
875 2 17
876 2 17
877 2 17
878 2 17
879 2 17
880 2 17
881 2 17
882 2 17
883 2 17
884 2 17
885 2 17
886 2 17
887 2 18
888 2 18
889 2 18
890 2 18
891 2 18
892 2 18
893 2 18
894 2 18
895 2 18
896 2 18
897 2 18
898 2 18
899 2 18
900 2 18
901 2 18
902 2 19
903 2 19
904 2 19
905 2 19
906 2 19
907 2 19
908 2 19
909 2 19
910 2 19
911 2 19
912 2 19
913 2 19
914 2 19
915 2 19
916 2 19
917 2 19
918 2 19
919 2 19
920 2 19
921 2 19
922 2 19
923 2 19
924 2 19
925 2 19
926 2 19
927 2 19
928 2 19
929 2 19
930 2 19
931 2 19
932 2 19
933 2 19
934 2 19
935 2 19
936 2 19
937 2 19
938 2 19
939 2 19
940 2 19
941 2 19
942 2 19
943 2 19
944 2 19
945 2 19
946 2 19
947 2 19
948 2 19
949 2 20
950 2 20
951 2 20
952 2 20
953 2 20
954 2 20
955 2 20
956 2 19
957 2 19
958 2 19
959 2 20
960 2 20
961 2 20
962 2 20
963 2 20
964 2 20
965 2 20
966 2 20
967 2 20
968 2 20
969 2 20
970 2 20
971 2 20
972 2 20
973 2 20
974 2 20
975 2 20
976 2 20
977 2 20
978 2 20
979 2 20
980 2 20
981 2 20
982 2 20
983 2 20
984 2 20
985 2 20
986 2 20
987 2 20
988 2 20
989 2 20
990 3 20
991 3 21
992 3 20
993 3 20
994 3 20
995 3 21
996 3 21
997 3 21
998 3 21
999 3 20
1000 3 21
1001 3 21
1002 3 21
1003 3 21
1004 3 21
1005 3 21
1006 3 21
1007 3 21
1008 3 21
1009 3 21
1010 3 21
1011 3 21
1012 3 21
1013 3 21
1014 3 21
1015 3 21
1016 3 21
1017 3 21
1018 3 21
1019 3 21
1020 3 22
1021 3 22
1022 3 22
1023 3 22
1024 3 22
1025 3 22
1026 3 22
1027 3 22
1028 3 22
1029 3 22
1030 3 22
1031 3 22
1032 3 22
1033 3 22
1034 3 22
1035 3 22
1036 3 22
1037 3 22
1038 3 22
1039 3 22
1040 3 22
1041 3 22
1042 3 22
1043 3 22
1044 3 23
1045 3 23
1046 3 23
1047 3 23
1048 3 23
1049 3 23
1050 3 23
1051 3 23
1052 3 23
1053 3 23
1054 3 23
1055 3 23
1056 3 23
1057 3 23
1058 3 23
1059 3 23
1060 3 23
1061 3 23
1062 3 23
1063 3 23
1064 3 23
1065 3 23
1066 3 23
1067 3 24
1068 3 24
1069 3 24
1070 3 24
1071 3 24
1072 3 24
1073 3 24
1074 3 24
1075 3 24
1076 3 24
1077 3 24
1078 3 24
1079 3 24
1080 3 24
1081 3 24
1082 3 24
1083 3 24
1084 3 24
1085 3 24
1086 3 24
1087 3 24
1088 3 24
1089 3 24
1090 3 24
1091 3 24
1092 3 24
1093 3 25
1094 3 25
1095 3 25
1096 3 24
1097 3 24
1098 3 24
1099 3 24
1100 3 24
1101 3 24
1102 3 24
1103 3 25
1104 3 25
1105 3 25
1106 3 25
1107 3 25
1108 3 25
1109 3 25
1110 3 25
1111 3 25
1112 3 25
1113 3 25
1114 3 25
1115 3 25
1116 3 25
1117 3 25
1118 3 25
1119 3 25
1120 3 25
1121 3 25
1122 3 26
1123 3 26
1124 3 25
1125 4 26
1126 4 26
1127 4 26
1128 4 26
1129 4 26
1130 4 26
1131 4 26
1132 4 26
1133 4 26
1134 4 26
1135 4 26
1136 4 26
1137 4 26
1138 4 26
1139 4 27
1140 4 27
1141 4 27
1142 4 27
1143 4 27
1144 4 27
1145 4 27
1146 4 27
1147 4 27
1148 4 27
1149 4 27
1150 4 27
1151 4 27
1152 4 27
1153 4 27
1154 4 27
1155 4 27
1156 4 27
1157 4 27
1158 4 27
1159 4 27
1160 4 27
1161 4 27
1162 4 27
1163 4 27
1164 4 27
1165 4 27
1166 4 27
1167 4 27
1168 4 27
1169 4 27
1170 4 27
1171 4 27
1172 4 27
1173 4 27
1174 4 27
1175 4 27
1176 4 28
1177 4 28
1178 4 28
1179 4 28
1180 4 28
1181 4 28
1182 4 28
1183 4 28
1184 4 28
1185 4 28
1186 4 28
1187 4 28
1188 4 28
1189 4 28
1190 4 29
1191 4 29
1192 4 29
1193 4 29
1194 4 29
1195 4 29
1196 4 29
1197 4 29
1198 4 29
1199 4 29
1200 4 29
1201 4 29
1202 4 29
1203 4 29
1204 4 29
1205 4 29
1206 5 29
1207 5 29
1208 5 29
1209 5 30
1210 5 30
1211 5 30
1212 5 30
1213 5 30
1214 5 30
1215 5 30
1216 5 30
1217 5 30
1218 5 30
1219 5 30
1220 5 30
1221 5 30
1222 5 30
1223 5 30
1224 5 31
1225 5 31
1226 5 31
1227 5 31
1228 5 31
1229 5 31
1230 5 31
1231 6 31
1232 6 31
1233 6 31
1234 6 31
1235 6 31
1236 6 31
1237 6 31
1238 6 31
1239 6 31
1240 6 31
1241 6 31
1242 6 31
1243 6 31
1244 6 31
1245 6 31
1246 6 31
1247 6 31
1248 6 31
1249 6 31
1250 6 31
1251 6 31
1252 6 31
1253 6 31
1254 6 31
1255 6 31
1256 6 31
1257 6 31
1258 6 31
1259 6 31
1260 6 31
1261 6 31
1262 6 32
1263 6 32
1264 6 32
1265 6 32
1266 6 32
1267 6 32
1268 7 32
1269 7 32
1270 7 32
1271 7 32
1272 7 32
1273 7 32
1274 7 32
1275 7 32
1276 7 32
1277 7 32
1278 7 32
1279 7 33
1280 7 33
1281 7 33
1282 7 33
1283 7 33
1284 7 33
1285 7 33
1286 7 33
1287 7 33
1288 7 33
1289 7 33
1290 7 33
1291 7 33
1292 7 33
1293 7 33
1294 7 33
1295 7 33
1296 7 33
1297 7 33
1298 7 33
1299 8 33
1300 8 33
1301 8 33
1302 8 33
1303 8 33
1304 8 33
1305 8 33
1306 8 33
1307 8 33
1308 8 33
1309 8 33
1310 8 33
1311 9 33
1312 9 33
1313 9 33
1314 9 33
1315 9 33
1316 9 33
1317 9 33
1318 9 33
1319 9 33
1320 9 33
1321 10 33
1322 10 33
1323 10 33
1324 10 34
1325 10 34
1326 11 34
1327 11 34
1328 11 34
1329 11 34
1330 11 34
1331 11 34
1332 12 34
1333 12 34
1334 12 34
1335 12 34
1336 12 34
1337 13 34
1338 13 34
1339 13 34
1340 13 34
1341 13 34
1342 14 34
1343 14 34
1344 14 34
1345 14 34
1346 14 34
1347 14 34
1348 14 34
1349 14 34
1350 16 34
1351 17 34
1352 17 34
1353 18 35
1354 18 35
1355 18 35
1356 18 35
1357 18 35
1358 18 35
1359 18 35
1360 18 35
1361 20 35
1362 22 35
1363 22 35
1364 24 35
1365 29 35
1366 29 35
1367 32 35
1368 34 35
1369 34 36
1370 36 35
1371 36 35
1372 36 36
1373 36 36
1374 39 36
1375 99 36
1376 99 36
1377 100 36
