0 0 0
1 0 0
2 0 0
3 0 0
4 0 0
5 0 0
6 0 0
7 0 100
8 0 100
9 0 100
10 0 100
11 0 100
12 0 100
13 0 100
14 0 100
15 0 100
16 0 100
17 0 100
18 0 100
19 0 100
20 0 100
21 0 100
22 0 100
23 0 100
24 0 100
25 0 100
26 0 100
27 0 100
28 0 100
29 0 100
30 0 100
31 0 100
32 0 100
33 0 100
34 0 100
35 0 100
36 0 100
37 0 100
38 0 100
39 0 100
40 0 100
41 0 100
42 0 100
43 0 100
44 0 100
45 0 100
46 0 66
47 0 66
48 0 66
49 0 66
50 0 66
51 0 66
52 0 66
53 0 66
54 0 66
55 0 66
56 0 66
57 0 50
58 0 50
59 0 50
60 0 50
61 0 50
62 0 50
63 0 50
64 0 50
65 0 50
66 0 40
67 0 40
68 0 40
69 0 40
70 0 40
71 0 40
72 0 40
73 0 40
74 0 40
75 0 40
76 0 40
77 0 40
78 0 40
79 0 40
80 0 40
81 0 40
82 0 40
83 0 40
84 0 40
85 0 40
86 0 40
87 0 40
88 0 40
89 0 40
90 0 40
91 0 40
92 0 40
93 0 40
94 0 40
95 0 40
96 0 40
97 0 40
98 0 40
99 0 33
100 0 33
101 0 28
102 0 25
103 0 25
104 0 22
105 0 22
106 0 22
107 0 22
108 0 20
109 0 20
110 0 20
111 0 20
112 0 20
113 0 18
114 0 16
115 0 16
116 0 16
117 0 15
118 0 15
119 0 15
120 0 15
121 0 15
122 0 15
123 0 15
124 0 15
125 0 15
126 0 15
127 0 15
128 0 14
129 0 14
130 0 14
131 0 14
132 0 14
133 0 14
134 0 14
135 0 14
136 0 14
137 0 14
138 0 14
139 0 14
140 0 13
141 0 12
142 0 11
143 0 11
144 0 11
145 0 10
146 0 10
147 0 10
148 0 10
149 0 10
150 0 10
151 0 10
152 0 9
153 0 9
154 0 9
155 0 8
156 0 8
157 0 8
158 0 8
159 0 8
160 0 7
161 0 7
162 0 7
163 0 7
164 0 7
165 0 7
166 0 7
167 0 7
168 0 6
169 0 6
170 0 6
171 0 6
172 0 6
173 0 6
174 0 6
175 0 6
176 0 6
177 0 6
178 0 6
179 0 5
180 0 5
181 0 5
182 0 5
183 0 5
184 0 5
185 0 5
186 0 5
187 0 5
188 0 5
189 0 5
190 0 5
191 0 5
192 0 5
193 0 5
194 0 5
195 0 4
196 0 4
197 0 4
198 0 4
199 0 4
200 0 4
201 0 4
202 0 4
203 0 4
204 0 4
205 0 4
206 0 4
207 0 4
208 0 4
209 0 4
210 0 4
211 0 4
212 0 4
213 0 4
214 0 4
215 0 4
216 0 4
217 0 4
218 0 4
219 0 4
220 0 4
221 0 4
222 0 4
223 0 4
224 0 4
225 0 4
226 0 4
227 0 4
228 0 4
229 0 4
230 0 4
231 0 4
232 0 6
233 0 6
234 0 6
235 0 6
236 0 6
237 0 6
238 0 8
239 0 8
240 0 8
241 0 7
242 0 9
243 0 9
244 0 9
245 0 9
246 0 9
247 0 9
248 0 9
249 0 9
250 0 9
251 0 9
252 0 9
253 0 9
254 0 9
255 0 9
256 0 9
257 0 8
258 0 10
259 0 10
260 0 10
261 0 10
262 0 10
263 0 10
264 0 10
265 0 10
266 0 10
267 0 10
268 0 10
269 0 10
270 0 10
271 0 10
272 0 10
273 0 10
274 0 10
275 0 10
276 0 10
277 0 10
278 0 9
279 0 9
280 0 9
281 0 9
282 0 9
283 0 9
284 0 9
285 0 9
286 0 9
287 0 9
288 0 9
289 0 9
290 0 9
291 0 9
292 0 9
293 0 9
294 0 9
295 0 9
296 0 8
297 0 8
298 0 8
299 0 8
300 0 8
301 0 8
302 0 8
303 0 8
304 0 8
305 0 8
306 0 8
307 0 8
308 0 8
309 0 8
310 0 8
311 0 8
312 0 8
313 0 8
314 0 8
315 0 8
316 0 8
317 0 8
318 0 8
319 0 7
320 0 7
321 0 7
322 0 7
323 0 7
324 0 7
325 0 8
326 0 8
327 0 8
328 0 8
329 0 8
330 0 8
331 0 8
332 0 8
333 0 8
334 0 8
335 0 8
336 0 8
337 0 8
338 0 8
339 0 8
340 0 8
341 0 8
342 0 7
343 0 7
344 0 7
345 0 8
346 0 8
347 0 8
348 0 8
349 0 8
350 0 8
351 0 8
352 0 8
353 0 8
354 0 8
355 0 8
356 0 8
357 0 8
358 0 8
359 0 8
360 0 8
361 0 8
362 0 8
363 0 7
364 0 7
365 0 7
366 0 7
367 0 8
368 0 8
369 0 8
370 0 8
371 0 8
372 0 8
373 0 8
374 0 8
375 0 8
376 0 8
377 0 8
378 0 8
379 0 8
380 0 8
381 0 8
382 0 8
383 0 8
384 0 8
385 0 8
386 0 8
387 0 8
388 0 8
389 0 8
390 0 8
391 0 7
392 0 7
393 0 7
394 0 7
395 0 7
396 0 7
397 0 7
398 0 7
399 0 7
400 0 7
401 0 7
402 0 8
403 0 8
404 0 9
405 0 9
406 0 9
407 0 9
408 0 9
409 0 9
410 0 9
411 0 9
412 0 9
413 0 9
414 0 9
415 0 9
416 0 9
417 0 9
418 0 9
419 0 9
420 0 9
421 0 9
422 0 9
423 0 9
424 0 9
425 0 9
426 0 9
427 0 9
428 0 9
429 0 9
430 0 9
431 0 9
432 0 9
433 0 9
434 0 9
435 0 9
436 0 9
437 0 9
438 0 9
439 0 9
440 0 9
441 0 9
442 0 9
443 0 9
444 0 9
445 0 9
446 0 9
447 0 9
448 0 9
449 0 8
450 0 8
451 0 8
452 0 8
453 0 8
454 0 8
455 0 8
456 0 8
457 0 8
458 0 8
459 0 8
460 0 8
461 0 8
462 0 8
463 0 8
464 0 8
465 0 8
466 0 8
467 0 8
468 0 8
469 0 8
470 0 8
471 0 8
472 0 8
473 1 8
474 1 8
475 1 8
476 1 8
477 1 8
478 1 8
479 1 8
480 1 8
481 1 7
482 1 7
483 1 7
484 1 7
485 1 7
486 1 7
487 1 7
488 1 7
489 1 7
490 1 7
491 1 7
492 1 7
493 1 7
494 1 7
495 1 7
496 1 7
497 1 7
498 1 7
499 1 7
500 1 7
501 1 7
502 1 7
503 1 7
504 1 7
505 1 7
506 1 7
507 1 7
508 1 7
509 1 7
510 1 7
511 1 7
512 1 7
513 1 7
514 1 7
515 1 7
516 1 7
517 1 7
518 1 7
519 1 7
520 1 7
521 1 7
522 1 7
523 1 7
524 1 7
525 1 7
526 1 7
527 1 7
528 1 7
529 1 7
530 1 7
531 1 7
532 1 7
533 1 7
534 1 7
535 1 7
536 1 7
537 1 7
538 1 7
539 1 7
540 1 7
541 1 7
542 1 7
543 1 7
544 1 7
545 1 7
546 1 7
547 1 7
548 1 7
549 1 7
550 1 7
551 1 7
552 1 7
553 1 7
554 1 7
555 1 7
556 1 7
557 1 7
558 1 7
559 1 7
560 1 7
561 1 7
562 1 7
563 1 7
564 1 7
565 1 7
566 1 7
567 1 7
568 1 7
569 1 7
570 1 8
571 1 8
572 1 7
573 1 7
574 1 7
575 1 7
576 1 7
577 1 7
578 1 7
579 1 7
580 1 7
581 1 7
582 1 7
583 1 7
584 1 7
585 1 7
586 1 7
587 1 7
588 1 7
589 1 7
590 1 7
591 1 7
592 1 7
593 1 7
594 1 7
595 1 7
596 1 7
597 1 7
598 1 7
599 1 7
600 1 7
601 1 7
602 1 7
603 1 7
604 1 7
605 1 7
606 1 8
607 1 8
608 1 8
609 1 8
610 1 8
611 1 8
612 1 8
613 1 8
614 1 8
615 1 8
616 1 8
617 1 8
618 1 8
619 1 8
620 1 8
621 1 8
622 1 8
623 1 8
624 1 8
625 1 8
626 1 8
627 1 8
628 1 8
629 1 8
630 1 8
631 1 8
632 1 8
633 1 8
634 1 8
635 1 8
636 1 8
637 1 8
638 1 8
639 1 8
640 1 8
641 1 8
642 1 8
643 1 8
644 1 8
645 1 8
646 1 8
647 1 8
648 1 8
649 1 8
650 1 8
651 1 8
652 1 8
653 1 8
654 1 8
655 1 8
656 1 8
657 1 8
658 1 8
659 1 8
660 1 8
661 1 8
662 1 8
663 1 8
664 1 8
665 1 8
666 1 9
667 1 9
668 1 9
669 1 9
670 1 9
671 1 9
672 1 9
673 1 9
674 1 10
675 1 10
676 1 10
677 1 10
678 1 10
679 1 10
680 1 10
681 1 10
682 1 10
683 1 10
684 1 10
685 1 10
686 1 10
687 1 10
688 1 10
689 1 10
690 1 10
691 1 10
692 1 10
693 1 10
694 1 10
695 1 10
696 1 10
697 1 10
698 1 10
699 1 10
700 1 10
701 1 10
702 1 10
703 1 10
704 1 10
705 1 10
706 1 10
707 1 10
708 1 10
709 1 10
710 1 10
711 1 10
712 1 10
713 1 10
714 1 10
715 1 10
716 1 10
717 1 10
718 1 10
719 1 10
720 1 10
721 1 10
722 1 10
723 1 10
724 1 10
725 1 10
726 1 10
727 1 10
728 1 10
729 1 10
730 1 10
731 1 10
732 1 10
733 1 11
734 1 11
735 1 11
736 1 11
737 1 11
738 1 11
739 1 11
740 1 11
741 1 11
742 1 11
743 1 11
744 1 11
745 1 11
746 1 11
747 1 11
748 1 11
749 1 11
750 1 11
751 1 11
752 1 11
753 1 11
754 1 12
755 1 12
756 1 12
757 1 12
758 1 12
759 1 12
760 1 12
761 1 12
762 1 12
763 1 12
764 1 12
765 1 12
766 1 12
767 1 12
768 1 12
769 1 13
770 1 13
771 1 13
772 1 13
773 1 13
774 1 13
775 1 13
776 1 13
777 1 13
778 1 13
779 1 13
780 1 13
781 1 13
782 1 13
783 1 13
784 1 14
785 1 14
786 1 13
787 1 14
788 1 14
789 1 14
790 1 14
791 1 14
792 1 14
793 1 14
794 1 14
795 1 14
796 1 14
797 1 14
798 1 14
799 1 14
800 1 14
801 1 14
802 1 14
803 1 14
804 1 14
805 1 15
806 1 14
807 1 15
808 1 15
809 1 15
810 1 15
811 1 15
812 1 15
813 1 15
814 1 15
815 1 15
816 1 15
817 1 16
818 1 16
819 1 16
820 1 15
821 1 15
822 1 15
823 2 15
824 2 15
825 2 15
826 2 15
827 2 15
828 2 15
829 2 15
830 2 16
831 2 16
832 2 16
833 2 16
834 2 16
835 2 16
836 2 16
837 2 16
838 2 16
839 2 16
840 2 16
841 2 16
842 2 16
843 2 16
844 2 16
845 2 16
846 2 17
847 2 17
848 2 16
849 2 16
850 2 16
851 2 17
852 2 17
853 2 17
854 2 17
855 2 17
856 2 17
857 2 17
858 2 17
859 2 17
860 2 17
861 2 17
862 2 17
863 2 17
864 2 17
865 2 18
866 2 18
867 2 18
868 2 18
869 2 18
870 2 17
871 2 17
872 2 17
873 2 17
874 2 18
875 2 18
876 2 18
877 2 18
878 2 18
879 2 18
880 2 18
881 2 18
882 2 18
883 2 18
884 2 18
885 2 18
886 2 18
887 2 18
888 2 18
889 2 18
890 2 19
891 2 18
892 2 18
893 2 19
894 2 19
895 2 19
896 2 19
897 2 19
898 2 19
899 2 19
900 2 19
901 2 19
902 2 19
903 2 19
904 2 19
905 2 19
906 2 19
907 2 19
908 2 19
909 2 20
910 2 20
911 2 20
912 2 20
913 2 20
914 2 20
915 2 20
916 2 19
917 2 19
918 2 19
919 2 19
920 2 19
921 2 19
922 2 19
923 2 19
924 2 19
925 2 19
926 2 19
927 2 19
928 2 20
929 2 20
930 2 20
931 2 20
932 2 20
933 2 20
934 2 20
935 2 20
936 2 20
937 2 20
938 2 20
939 2 20
940 2 20
941 2 20
942 2 20
943 2 20
944 2 20
945 2 20
946 2 20
947 2 20
948 2 20
949 2 20
950 2 20
951 2 20
952 2 20
953 2 20
954 2 20
955 2 20
956 2 20
957 2 20
958 2 20
959 2 20
960 2 20
961 2 20
962 2 20
963 2 20
964 2 20
965 2 20
966 2 20
967 2 20
968 2 21
969 2 21
970 2 21
971 2 20
972 2 20
973 2 21
974 2 21
975 2 21
976 2 21
977 2 20
978 2 20
979 2 20
980 2 20
981 2 21
982 2 21
983 2 21
984 2 21
985 2 21
986 2 21
987 2 21
988 2 21
989 2 21
990 3 21
991 3 21
992 3 21
993 3 21
994 3 21
995 3 21
996 3 21
997 3 21
998 3 21
999 3 21
1000 3 21
1001 3 21
1002 3 22
1003 3 22
1004 3 21
1005 3 22
1006 3 22
1007 3 22
1008 3 22
1009 3 22
1010 3 22
1011 3 22
1012 3 22
1013 3 22
1014 3 22
1015 3 22
1016 3 22
1017 3 22
1018 3 22
1019 3 22
1020 3 23
1021 3 23
1022 3 23
1023 3 23
1024 3 23
1025 3 23
1026 3 23
1027 3 23
1028 3 23
1029 3 23
1030 3 23
1031 3 23
1032 3 23
1033 3 23
1034 3 23
1035 3 23
1036 3 23
1037 3 23
1038 3 24
1039 3 24
1040 3 24
1041 3 24
1042 3 24
1043 3 24
1044 3 23
1045 3 24
1046 3 24
1047 3 24
1048 3 24
1049 3 24
1050 3 24
1051 3 24
1052 3 24
1053 3 24
1054 3 24
1055 3 24
1056 3 24
1057 3 24
1058 3 24
1059 3 24
1060 3 24
1061 3 24
1062 3 24
1063 3 25
1064 3 25
1065 3 24
1066 3 24
1067 3 25
1068 3 25
1069 3 25
1070 3 25
1071 3 25
1072 3 25
1073 3 25
1074 3 25
1075 3 25
1076 3 25
1077 3 25
1078 3 25
1079 3 25
1080 3 25
1081 3 25
1082 3 25
1083 3 25
1084 3 25
1085 3 25
1086 3 25
1087 3 25
1088 3 25
1089 3 25
1090 3 25
1091 3 25
1092 3 25
1093 3 26
1094 3 26
1095 3 25
1096 3 25
1097 3 25
1098 3 25
1099 3 25
1100 3 25
1101 3 25
1102 3 25
1103 3 26
1104 3 26
1105 3 26
1106 3 26
1107 3 26
1108 3 26
1109 3 26
1110 3 26
1111 3 26
1112 3 26
1113 3 26
1114 3 26
1115 3 26
1116 3 26
1117 3 26
1118 3 26
1119 3 26
1120 3 27
1121 3 27
1122 3 27
1123 3 27
1124 3 27
1125 4 27
1126 4 27
1127 4 27
1128 4 27
1129 4 27
1130 4 27
1131 4 27
1132 4 27
1133 4 27
1134 4 27
1135 4 27
1136 4 27
1137 4 27
1138 4 27
1139 4 27
1140 4 27
1141 4 27
1142 4 27
1143 4 28
1144 4 28
1145 4 28
1146 4 28
1147 4 28
1148 4 28
1149 4 28
1150 4 28
1151 4 28
1152 4 28
1153 4 28
1154 4 28
1155 4 28
1156 4 28
1157 4 28
1158 4 28
1159 4 28
1160 4 28
1161 4 28
1162 4 28
1163 4 28
1164 4 28
1165 4 28
1166 4 28
1167 4 28
1168 4 28
1169 4 28
1170 4 28
1171 4 28
1172 4 28
1173 4 28
1174 4 28
1175 4 28
1176 4 28
1177 4 28
1178 4 29
1179 4 29
1180 4 29
1181 4 29
1182 4 29
1183 4 29
1184 4 29
1185 4 29
1186 4 29
1187 4 29
1188 4 29
1189 4 29
1190 4 29
1191 4 30
1192 4 30
1193 4 30
1194 4 30
1195 4 30
1196 4 30
1197 4 30
1198 4 30
1199 4 30
1200 4 30
1201 4 30
1202 4 30
1203 4 30
1204 4 30
1205 4 30
1206 5 30
1207 5 30
1208 5 30
1209 5 30
1210 5 30
1211 5 30
1212 5 30
1213 5 31
1214 5 31
1215 5 31
1216 5 31
1217 5 31
1218 5 31
1219 5 31
1220 5 31
1221 5 31
1222 5 31
1223 5 31
1224 5 31
1225 5 31
1226 5 31
1227 5 31
1228 5 31
1229 5 31
1230 5 31
1231 6 32
1232 6 32
1233 6 32
1234 6 32
1235 6 32
1236 6 32
1237 6 32
1238 6 32
1239 6 32
1240 6 32
1241 6 32
1242 6 32
1243 6 32
1244 6 32
1245 6 32
1246 6 32
1247 6 32
1248 6 32
1249 6 32
1250 6 32
1251 6 32
1252 6 32
1253 6 32
1254 6 32
1255 6 32
1256 6 32
1257 6 32
1258 6 32
1259 6 32
1260 6 32
1261 6 32
1262 6 32
1263 6 32
1264 6 32
1265 6 32
1266 6 32
1267 6 32
1268 7 32
1269 7 32
1270 7 32
1271 7 32
1272 7 33
1273 7 33
1274 7 33
1275 7 33
1276 7 33
1277 7 33
1278 7 33
1279 7 33
1280 7 33
1281 7 33
1282 7 33
1283 7 33
1284 7 33
1285 7 33
1286 7 33
1287 7 33
1288 7 33
1289 7 33
1290 7 33
1291 7 33
1292 7 33
1293 7 34
1294 7 34
1295 7 34
1296 7 34
1297 7 34
1298 7 34
1299 8 34
1300 8 34
1301 8 34
1302 8 34
1303 8 34
1304 8 33
1305 8 34
1306 8 34
1307 8 34
1308 8 34
1309 8 34
1310 8 34
1311 9 34
1312 9 34
1313 9 34
1314 9 34
1315 9 34
1316 9 34
1317 9 34
1318 9 34
1319 9 34
1320 9 34
1321 10 34
1322 10 34
1323 10 34
1324 10 34
1325 10 34
1326 11 34
1327 11 34
1328 11 34
1329 11 34
1330 11 34
1331 11 34
1332 12 35
1333 12 35
1334 12 35
1335 12 35
1336 12 35
1337 13 35
1338 13 35
1339 13 35
1340 13 35
1341 13 35
1342 14 35
1343 14 35
1344 14 35
1345 14 35
1346 14 35
1347 14 35
1348 14 35
1349 14 35
1350 16 35
1351 17 35
1352 17 35
1353 18 35
1354 18 35
1355 18 35
1356 18 35
1357 18 35
1358 18 36
1359 18 36
1360 18 36
1361 20 36
1362 22 36
1363 22 36
1364 24 36
1365 29 36
1366 29 36
1367 32 36
1368 34 36
1369 34 36
1370 36 36
1371 36 36
1372 36 37
1373 36 37
1374 39 37
1375 99 37
1376 99 37
1377 100 37
