0 0 0
1 0 0
2 0 0
3 0 0
4 0 0
5 0 0
6 0 0
7 0 100
8 0 100
9 0 100
10 0 100
11 0 100
12 0 100
13 0 100
14 0 100
15 0 100
16 0 100
17 0 100
18 0 100
19 0 100
20 0 100
21 0 100
22 0 100
23 0 100
24 0 100
25 0 100
26 0 100
27 0 100
28 0 100
29 0 100
30 0 100
31 0 100
32 0 100
33 0 100
34 0 100
35 0 100
36 0 100
37 0 100
38 0 100
39 0 100
40 0 100
41 0 100
42 0 100
43 0 100
44 0 100
45 0 100
46 0 66
47 0 66
48 0 66
49 0 66
50 0 66
51 0 66
52 0 66
53 0 66
54 0 66
55 0 66
56 0 66
57 0 50
58 0 50
59 0 50
60 0 50
61 0 50
62 0 50
63 0 50
64 0 50
65 0 50
66 0 40
67 0 40
68 0 40
69 0 40
70 0 40
71 0 40
72 0 40
73 0 40
74 0 40
75 0 40
76 0 40
77 0 40
78 0 40
79 0 40
80 0 40
81 0 40
82 0 40
83 0 40
84 0 40
85 0 40
86 0 40
87 0 40
88 0 40
89 0 40
90 0 40
91 0 40
92 0 40
93 0 40
94 0 40
95 0 40
96 0 40
97 0 40
98 0 40
99 0 50
100 0 50
101 0 42
102 0 37
103 0 37
104 0 33
105 0 33
106 0 33
107 0 33
108 0 30
109 0 30
110 0 30
111 0 30
112 0 30
113 0 36
114 0 33
115 0 33
116 0 33
117 0 30
118 0 30
119 0 30
120 0 30
121 0 30
122 0 30
123 0 30
124 0 30
125 0 30
126 0 30
127 0 30
128 0 28
129 0 28
130 0 28
131 0 28
132 0 28
133 0 28
134 0 28
135 0 28
136 0 28
137 0 28
138 0 28
139 0 28
140 0 26
141 0 25
142 0 23
143 0 22
144 0 22
145 0 21
146 0 21
147 0 21
148 0 21
149 0 21
150 0 20
151 0 20
152 0 19
153 0 19
154 0 18
155 0 17
156 0 16
157 0 16
158 0 16
159 0 16
160 0 15
161 0 15
162 0 15
163 0 15
164 0 15
165 0 15
166 0 14
167 0 14
168 0 13
169 0 13
170 0 13
171 0 13
172 0 13
173 0 13
174 0 13
175 0 12
176 0 12
177 0 12
178 0 12
179 0 11
180 0 11
181 0 11
182 0 11
183 0 11
184 0 11
185 0 11
186 0 11
187 0 10
188 0 10
189 0 10
190 0 10
191 0 10
192 0 10
193 0 10
194 0 10
195 0 9
196 0 9
197 0 9
198 0 9
199 0 9
200 0 9
201 0 9
202 0 9
203 0 8
204 0 8
205 0 8
206 0 8
207 0 8
208 0 8
209 0 8
210 0 8
211 0 8
212 0 8
213 0 8
214 0 8
215 0 8
216 0 8
217 0 8
218 0 8
219 0 8
220 0 8
221 0 8
222 0 8
223 0 8
224 0 8
225 0 8
226 0 8
227 0 8
228 0 8
229 0 8
230 0 8
231 0 8
232 0 10
233 0 10
234 0 10
235 0 10
236 0 10
237 0 10
238 0 10
239 0 10
240 0 10
241 0 9
242 0 9
243 0 9
244 0 9
245 0 9
246 0 9
247 0 9
248 0 9
249 0 9
250 0 9
251 0 9
252 0 9
253 0 9
254 0 9
255 0 9
256 0 9
257 0 8
258 0 10
259 0 10
260 0 10
261 0 10
262 0 10
263 0 10
264 0 10
265 0 10
266 0 10
267 0 10
268 0 10
269 0 10
270 0 10
271 0 10
272 0 10
273 0 10
274 0 10
275 0 10
276 0 10
277 0 10
278 0 9
279 0 9
280 0 9
281 0 9
282 0 9
283 0 9
284 0 9
285 0 9
286 0 9
287 0 9
288 0 9
289 0 9
290 0 9
291 0 9
292 0 9
293 0 9
294 0 9
295 0 9
296 0 8
297 0 8
298 0 8
299 0 8
300 0 8
301 0 8
302 0 8
303 0 8
304 0 8
305 0 8
306 0 8
307 0 8
308 0 8
309 0 8
310 0 8
311 0 8
312 0 8
313 0 8
314 0 8
315 0 8
316 0 8
317 0 8
318 0 8
319 0 7
320 0 7
321 0 7
322 0 7
323 0 7
324 0 7
325 0 7
326 0 7
327 0 7
328 0 7
329 0 7
330 0 7
331 0 7
332 0 7
333 0 7
334 0 7
335 0 7
336 0 7
337 0 7
338 0 6
339 0 6
340 0 6
341 0 6
342 0 6
343 0 6
344 0 6
345 0 7
346 0 7
347 0 7
348 0 7
349 0 7
350 0 7
351 0 7
352 0 7
353 0 8
354 0 8
355 0 8
356 0 8
357 0 8
358 0 8
359 0 8
360 0 8
361 0 8
362 0 8
363 0 7
364 0 7
365 0 7
366 0 7
367 0 8
368 0 8
369 0 9
370 0 9
371 0 9
372 0 9
373 0 9
374 0 9
375 0 9
376 0 9
377 0 9
378 0 9
379 0 9
380 0 9
381 0 9
382 0 9
383 0 9
384 0 9
385 0 9
386 0 9
387 0 9
388 0 9
389 0 9
390 0 8
391 0 8
392 0 8
393 0 8
394 0 8
395 0 8
396 0 8
397 0 8
398 0 8
399 0 8
400 0 8
401 0 8
402 0 8
403 0 8
404 0 8
405 0 8
406 0 8
407 0 8
408 0 8
409 0 8
410 0 8
411 0 8
412 0 8
413 0 9
414 0 9
415 0 9
416 0 9
417 0 9
418 0 9
419 0 9
420 0 9
421 0 9
422 0 9
423 0 9
424 0 9
425 0 9
426 0 8
427 0 8
428 0 8
429 0 8
430 0 8
431 0 8
432 0 8
433 0 8
434 0 8
435 0 8
436 0 8
437 0 8
438 0 8
439 0 8
440 0 8
441 0 8
442 0 8
443 0 8
444 0 8
445 0 8
446 0 8
447 0 8
448 0 8
449 0 8
450 0 8
451 0 8
452 0 8
453 0 8
454 0 8
455 0 8
456 0 8
457 0 8
458 0 8
459 0 8
460 0 8
461 0 8
462 0 8
463 0 7
464 0 7
465 0 7
466 0 7
467 0 7
468 0 7
469 0 7
470 0 7
471 0 7
472 0 7
473 1 7
474 1 7
475 1 7
476 1 7
477 1 7
478 1 7
479 1 7
480 1 7
481 1 7
482 1 7
483 1 7
484 1 7
485 1 7
486 1 7
487 1 7
488 1 7
489 1 6
490 1 6
491 1 6
492 1 6
493 1 6
494 1 6
495 1 6
496 1 6
497 1 6
498 1 6
499 1 6
500 1 6
501 1 6
502 1 6
503 1 6
504 1 6
505 1 6
506 1 6
507 1 6
508 1 6
509 1 6
510 1 6
511 1 6
512 1 6
513 1 6
514 1 6
515 1 6
516 1 6
517 1 6
518 1 6
519 1 6
520 1 6
521 1 6
522 1 6
523 1 6
524 1 6
525 1 6
526 1 6
527 1 6
528 1 6
529 1 6
530 1 6
531 1 6
532 1 6
533 1 6
534 1 6
535 1 6
536 1 6
537 1 6
538 1 6
539 1 6
540 1 6
541 1 6
542 1 6
543 1 6
544 1 5
545 1 5
546 1 5
547 1 5
548 1 5
549 1 5
550 1 5
551 1 5
552 1 5
553 1 5
554 1 5
555 1 5
556 1 5
557 1 5
558 1 5
559 1 5
560 1 5
561 1 5
562 1 5
563 1 5
564 1 6
565 1 6
566 1 6
567 1 6
568 1 6
569 1 6
570 1 6
571 1 6
572 1 6
573 1 6
574 1 6
575 1 6
576 1 6
577 1 6
578 1 6
579 1 6
580 1 6
581 1 6
582 1 6
583 1 6
584 1 6
585 1 6
586 1 6
587 1 6
588 1 6
589 1 6
590 1 6
591 1 6
592 1 6
593 1 6
594 1 6
595 1 6
596 1 6
597 1 6
598 1 6
599 1 5
600 1 5
601 1 5
602 1 5
603 1 5
604 1 5
605 1 5
606 1 6
607 1 6
608 1 6
609 1 7
610 1 7
611 1 7
612 1 7
613 1 7
614 1 7
615 1 7
616 1 6
617 1 6
618 1 6
619 1 6
620 1 6
621 1 6
622 1 6
623 1 6
624 1 6
625 1 6
626 1 6
627 1 6
628 1 6
629 1 6
630 1 6
631 1 6
632 1 6
633 1 6
634 1 6
635 1 6
636 1 6
637 1 6
638 1 6
639 1 6
640 1 6
641 1 6
642 1 6
643 1 6
644 1 6
645 1 6
646 1 6
647 1 6
648 1 6
649 1 6
650 1 6
651 1 6
652 1 6
653 1 6
654 1 6
655 1 6
656 1 6
657 1 6
658 1 6
659 1 6
660 1 6
661 1 6
662 1 6
663 1 6
664 1 6
665 1 6
666 1 7
667 1 7
668 1 7
669 1 7
670 1 7
671 1 7
672 1 7
673 1 7
674 1 7
675 1 7
676 1 7
677 1 7
678 1 7
679 1 7
680 1 7
681 1 7
682 1 7
683 1 7
684 1 7
685 1 7
686 1 7
687 1 7
688 1 7
689 1 7
690 1 7
691 1 7
692 1 7
693 1 7
694 1 7
695 1 7
696 1 7
697 1 7
698 1 7
699 1 7
700 1 7
701 1 7
702 1 7
703 1 7
704 1 7
705 1 7
706 1 7
707 1 7
708 1 7
709 1 7
710 1 7
711 1 7
712 1 7
713 1 7
714 1 7
715 1 7
716 1 7
717 1 7
718 1 7
719 1 7
720 1 7
721 1 7
722 1 7
723 1 7
724 1 7
725 1 7
726 1 7
727 1 7
728 1 7
729 1 7
730 1 7
731 1 7
732 1 7
733 1 8
734 1 8
735 1 8
736 1 8
737 1 8
738 1 8
739 1 9
740 1 9
741 1 9
742 1 9
743 1 9
744 1 9
745 1 9
746 1 9
747 1 9
748 1 9
749 1 9
750 1 9
751 1 9
752 1 9
753 1 9
754 1 9
755 1 9
756 1 10
757 1 10
758 1 10
759 1 10
760 1 10
761 1 10
762 1 10
763 1 10
764 1 10
765 1 10
766 1 10
767 1 10
768 1 10
769 1 10
770 1 10
771 1 10
772 1 10
773 1 10
774 1 10
775 1 10
776 1 10
777 1 10
778 1 10
779 1 10
780 1 11
781 1 11
782 1 10
783 1 10
784 1 11
785 1 11
786 1 11
787 1 11
788 1 11
789 1 11
790 1 11
791 1 11
792 1 11
793 1 11
794 1 11
795 1 12
796 1 12
797 1 12
798 1 12
799 1 12
800 1 12
801 1 12
802 1 12
803 1 12
804 1 12
805 1 12
806 1 12
807 1 12
808 1 12
809 1 12
810 1 12
811 1 12
812 1 12
813 1 12
814 1 12
815 1 12
816 1 12
817 1 13
818 1 13
819 1 13
820 1 13
821 1 13
822 1 13
823 2 13
824 2 13
825 2 13
826 2 13
827 2 12
828 2 12
829 2 12
830 2 13
831 2 13
832 2 13
833 2 13
834 2 13
835 2 13
836 2 13
837 2 13
838 2 13
839 2 13
840 2 13
841 2 13
842 2 13
843 2 13
844 2 13
845 2 14
846 2 13
847 2 13
848 2 13
849 2 13
850 2 13
851 2 14
852 2 14
853 2 14
854 2 14
855 2 14
856 2 14
857 2 14
858 2 14
859 2 14
860 2 14
861 2 14
862 2 14
863 2 14
864 2 14
865 2 15
866 2 15
867 2 15
868 2 15
869 2 15
870 2 15
871 2 15
872 2 14
873 2 14
874 2 15
875 2 15
876 2 15
877 2 15
878 2 15
879 2 15
880 2 15
881 2 15
882 2 15
883 2 15
884 2 15
885 2 15
886 2 15
887 2 15
888 2 15
889 2 15
890 2 15
891 2 16
892 2 16
893 2 16
894 2 16
895 2 16
896 2 16
897 2 16
898 2 16
899 2 16
900 2 16
901 2 16
902 2 16
903 2 17
904 2 17
905 2 16
906 2 16
907 2 17
908 2 17
909 2 17
910 2 17
911 2 17
912 2 17
913 2 17
914 2 17
915 2 17
916 2 17
917 2 17
918 2 17
919 2 17
920 2 17
921 2 17
922 2 17
923 2 17
924 2 17
925 2 17
926 2 17
927 2 17
928 2 17
929 2 17
930 2 17
931 2 17
932 2 17
933 2 17
934 2 17
935 2 17
936 2 17
937 2 17
938 2 17
939 2 17
940 2 17
941 2 17
942 2 17
943 2 17
944 2 17
945 2 17
946 2 17
947 2 17
948 2 17
949 2 17
950 2 17
951 2 17
952 2 17
953 2 17
954 2 17
955 2 17
956 2 17
957 2 17
958 2 17
959 2 17
960 2 18
961 2 18
962 2 18
963 2 18
964 2 18
965 2 18
966 2 18
967 2 18
968 2 18
969 2 18
970 2 18
971 2 18
972 2 18
973 2 18
974 2 18
975 2 18
976 2 18
977 2 18
978 2 18
979 2 18
980 2 18
981 2 19
982 2 19
983 2 19
984 2 19
985 2 19
986 2 19
987 2 19
988 2 19
989 2 19
990 3 19
991 3 19
992 3 19
993 3 19
994 3 19
995 3 19
996 3 19
997 3 19
998 3 19
999 3 20
1000 3 20
1001 3 20
1002 3 20
1003 3 20
1004 3 20
1005 3 20
1006 3 20
1007 3 20
1008 3 20
1009 3 20
1010 3 20
1011 3 21
1012 3 21
1013 3 21
1014 3 21
1015 3 21
1016 3 21
1017 3 21
1018 3 21
1019 3 21
1020 3 22
1021 3 22
1022 3 22
1023 3 22
1024 3 22
1025 3 22
1026 3 22
1027 3 22
1028 3 22
1029 3 22
1030 3 22
1031 3 22
1032 3 22
1033 3 22
1034 3 22
1035 3 22
1036 3 22
1037 3 22
1038 3 22
1039 3 22
1040 3 22
1041 3 22
1042 3 22
1043 3 22
1044 3 23
1045 3 23
1046 3 23
1047 3 23
1048 3 23
1049 3 23
1050 3 23
1051 3 23
1052 3 23
1053 3 23
1054 3 23
1055 3 23
1056 3 24
1057 3 23
1058 3 23
1059 3 24
1060 3 24
1061 3 24
1062 3 24
1063 3 24
1064 3 24
1065 3 24
1066 3 24
1067 3 24
1068 3 24
1069 3 24
1070 3 24
1071 3 24
1072 3 24
1073 3 24
1074 3 24
1075 3 24
1076 3 24
1077 3 24
1078 3 24
1079 3 24
1080 3 24
1081 3 25
1082 3 25
1083 3 25
1084 3 25
1085 3 25
1086 3 25
1087 3 25
1088 3 25
1089 3 25
1090 3 25
1091 3 25
1092 3 25
1093 3 25
1094 3 26
1095 3 25
1096 3 26
1097 3 26
1098 3 26
1099 3 26
1100 3 26
1101 3 26
1102 3 26
1103 3 26
1104 3 26
1105 3 27
1106 3 27
1107 3 27
1108 3 27
1109 3 27
1110 3 27
1111 3 27
1112 3 27
1113 3 27
1114 3 27
1115 3 27
1116 3 27
1117 3 27
1118 3 27
1119 3 27
1120 3 27
1121 3 27
1122 3 27
1123 3 27
1124 3 28
1125 4 28
1126 4 28
1127 4 28
1128 4 28
1129 4 28
1130 4 28
1131 4 28
1132 4 28
1133 4 28
1134 4 28
1135 4 28
1136 4 28
1137 4 28
1138 4 29
1139 4 29
1140 4 29
1141 4 29
1142 4 29
1143 4 29
1144 4 29
1145 4 29
1146 4 29
1147 4 29
1148 4 29
1149 4 29
1150 4 29
1151 4 29
1152 4 29
1153 4 29
1154 4 29
1155 4 29
1156 4 29
1157 4 29
1158 4 29
1159 4 29
1160 4 29
1161 4 29
1162 4 29
1163 4 29
1164 4 29
1165 4 29
1166 4 30
1167 4 30
1168 4 30
1169 4 30
1170 4 30
1171 4 30
1172 4 30
1173 4 30
1174 4 30
1175 4 30
1176 4 30
1177 4 30
1178 4 30
1179 4 31
1180 4 31
1181 4 31
1182 4 31
1183 4 31
1184 4 31
1185 4 31
1186 4 31
1187 4 31
1188 4 31
1189 4 31
1190 4 31
1191 4 31
1192 4 32
1193 4 32
1194 4 32
1195 4 32
1196 4 32
1197 4 32
1198 4 32
1199 4 32
1200 4 32
1201 4 32
1202 4 32
1203 4 32
1204 4 33
1205 4 33
1206 5 33
1207 5 33
1208 5 33
1209 5 33
1210 5 33
1211 5 33
1212 5 33
1213 5 33
1214 5 33
1215 5 34
1216 5 34
1217 5 34
1218 5 34
1219 5 34
1220 5 34
1221 5 34
1222 5 34
1223 5 34
1224 5 34
1225 5 34
1226 5 34
1227 5 34
1228 5 34
1229 5 34
1230 5 35
1231 6 35
1232 6 35
1233 6 35
1234 6 35
1235 6 35
1236 6 35
1237 6 35
1238 6 35
1239 6 35
1240 6 35
1241 6 35
1242 6 36
1243 6 36
1244 6 36
1245 6 36
1246 6 36
1247 6 36
1248 6 36
1249 6 36
1250 6 36
1251 6 36
1252 6 36
1253 6 36
1254 6 36
1255 6 36
1256 6 36
1257 6 36
1258 6 36
1259 6 36
1260 6 37
1261 6 37
1262 6 37
1263 6 37
1264 6 37
1265 6 37
1266 6 37
1267 6 37
1268 7 37
1269 7 37
1270 7 37
1271 7 37
1272 7 37
1273 7 38
1274 7 38
1275 7 38
1276 7 38
1277 7 38
1278 7 38
1279 7 38
1280 7 38
1281 7 38
1282 7 38
1283 7 38
1284 7 38
1285 7 38
1286 7 38
1287 7 39
1288 7 39
1289 7 39
1290 7 39
1291 7 39
1292 7 39
1293 7 39
1294 7 39
1295 7 39
1296 7 39
1297 7 39
1298 7 39
1299 8 39
1300 8 39
1301 8 39
1302 8 39
1303 8 39
1304 8 39
1305 8 40
1306 8 40
1307 8 40
1308 8 40
1309 8 40
1310 8 40
1311 9 40
1312 9 40
1313 9 40
1314 9 40
1315 9 40
1316 9 40
1317 9 40
1318 9 40
1319 9 40
1320 9 40
1321 10 40
1322 10 40
1323 10 40
1324 10 40
1325 10 41
1326 11 41
1327 11 41
1328 11 41
1329 11 41
1330 11 41
1331 11 41
1332 12 41
1333 12 41
1334 12 41
1335 12 41
1336 12 41
1337 13 41
1338 13 42
1339 13 42
1340 13 42
1341 13 42
1342 14 42
1343 14 42
1344 14 42
1345 14 42
1346 14 42
1347 14 42
1348 14 42
1349 14 42
1350 16 42
1351 17 42
1352 17 42
1353 18 43
1354 18 43
1355 18 43
1356 18 43
1357 18 43
1358 18 43
1359 18 43
1360 18 43
1361 20 43
1362 22 43
1363 22 43
1364 24 43
1365 29 43
1366 29 43
1367 32 43
1368 34 43
1369 34 44
1370 36 44
1371 36 44
1372 36 44
1373 36 44
1374 39 44
1375 99 44
1376 99 44
1377 100 44
