0 0 0
1 0 0
2 0 0
3 0 0
4 0 0
5 0 0
6 0 0
7 0 100
8 0 100
9 0 100
10 0 100
11 0 100
12 0 100
13 0 100
14 0 100
15 0 100
16 0 100
17 0 100
18 0 100
19 0 100
20 0 100
21 0 100
22 0 100
23 0 100
24 0 100
25 0 100
26 0 100
27 0 100
28 0 100
29 0 100
30 0 100
31 0 100
32 0 100
33 0 100
34 0 100
35 0 100
36 0 100
37 0 100
38 0 100
39 0 100
40 0 100
41 0 100
42 0 100
43 0 100
44 0 100
45 0 100
46 0 66
47 0 66
48 0 66
49 0 66
50 0 66
51 0 66
52 0 66
53 0 66
54 0 66
55 0 66
56 0 66
57 0 50
58 0 50
59 0 50
60 0 50
61 0 50
62 0 50
63 0 50
64 0 50
65 0 50
66 0 40
67 0 40
68 0 40
69 0 40
70 0 40
71 0 40
72 0 40
73 0 40
74 0 40
75 0 40
76 0 40
77 0 40
78 0 40
79 0 40
80 0 40
81 0 40
82 0 40
83 0 40
84 0 40
85 0 40
86 0 40
87 0 40
88 0 40
89 0 40
90 0 40
91 0 40
92 0 40
93 0 40
94 0 40
95 0 40
96 0 40
97 0 40
98 0 40
99 0 50
100 0 50
101 0 42
102 0 37
103 0 37
104 0 33
105 0 33
106 0 33
107 0 33
108 0 30
109 0 30
110 0 30
111 0 30
112 0 30
113 0 36
114 0 33
115 0 33
116 0 33
117 0 30
118 0 30
119 0 30
120 0 30
121 0 30
122 0 30
123 0 30
124 0 30
125 0 30
126 0 30
127 0 30
128 0 28
129 0 28
130 0 28
131 0 28
132 0 28
133 0 28
134 0 28
135 0 28
136 0 28
137 0 28
138 0 28
139 0 28
140 0 26
141 0 25
142 0 23
143 0 22
144 0 22
145 0 21
146 0 21
147 0 21
148 0 21
149 0 21
150 0 20
151 0 20
152 0 19
153 0 19
154 0 18
155 0 17
156 0 16
157 0 16
158 0 16
159 0 16
160 0 15
161 0 15
162 0 15
163 0 15
164 0 15
165 0 15
166 0 14
167 0 14
168 0 17
169 0 16
170 0 16
171 0 16
172 0 16
173 0 16
174 0 16
175 0 16
176 0 15
177 0 15
178 0 15
179 0 14
180 0 14
181 0 14
182 0 16
183 0 16
184 0 16
185 0 16
186 0 16
187 0 16
188 0 15
189 0 15
190 0 15
191 0 15
192 0 15
193 0 15
194 0 15
195 0 14
196 0 14
197 0 14
198 0 14
199 0 14
200 0 16
201 0 16
202 0 15
203 0 17
204 0 17
205 0 17
206 0 17
207 0 17
208 0 17
209 0 17
210 0 17
211 0 17
212 0 17
213 0 17
214 0 17
215 0 17
216 0 17
217 0 17
218 0 17
219 0 17
220 0 17
221 0 17
222 0 17
223 0 17
224 0 17
225 0 17
226 0 17
227 0 16
228 0 16
229 0 16
230 0 16
231 0 16
232 0 18
233 0 18
234 0 18
235 0 18
236 0 18
237 0 18
238 0 18
239 0 18
240 0 18
241 0 17
242 0 17
243 0 17
244 0 16
245 0 16
246 0 16
247 0 16
248 0 16
249 0 16
250 0 16
251 0 16
252 0 16
253 0 16
254 0 16
255 0 16
256 0 16
257 0 16
258 0 15
259 0 15
260 0 15
261 0 15
262 0 15
263 0 15
264 0 15
265 0 15
266 0 15
267 0 15
268 0 15
269 0 16
270 0 18
271 0 18
272 0 18
273 0 18
274 0 18
275 0 18
276 0 18
277 0 18
278 0 18
279 0 17
280 0 17
281 0 17
282 0 17
283 0 17
284 0 17
285 0 18
286 0 18
287 0 19
288 0 19
289 0 19
290 0 19
291 0 19
292 0 19
293 0 19
294 0 19
295 0 19
296 0 19
297 0 19
298 0 19
299 0 18
300 0 18
301 0 18
302 0 18
303 0 18
304 0 18
305 0 18
306 0 18
307 0 18
308 0 18
309 0 18
310 0 17
311 0 17
312 0 17
313 0 17
314 0 17
315 0 17
316 0 17
317 0 17
318 0 17
319 0 17
320 0 16
321 0 16
322 0 16
323 0 16
324 0 16
325 0 16
326 0 16
327 0 16
328 0 16
329 0 16
330 0 15
331 0 15
332 0 15
333 0 15
334 0 15
335 0 15
336 0 15
337 0 15
338 0 15
339 0 15
340 0 14
341 0 14
342 0 14
343 0 14
344 0 14
345 0 15
346 0 15
347 0 15
348 0 15
349 0 15
350 0 16
351 0 16
352 0 16
353 0 17
354 0 17
355 0 17
356 0 16
357 0 16
358 0 16
359 0 16
360 0 16
361 0 17
362 0 17
363 0 16
364 0 16
365 0 16
366 0 16
367 0 17
368 0 18
369 0 19
370 0 19
371 0 19
372 0 19
373 0 19
374 0 19
375 0 19
376 0 19
377 0 19
378 0 19
379 0 19
380 0 19
381 0 19
382 0 19
383 0 19
384 0 19
385 0 19
386 0 19
387 0 20
388 0 20
389 0 19
390 0 20
391 0 21
392 0 21
393 0 21
394 0 21
395 0 21
396 0 21
397 0 21
398 0 21
399 0 22
400 0 22
401 0 22
402 0 22
403 0 22
404 0 21
405 0 21
406 0 21
407 0 21
408 0 21
409 0 21
410 0 21
411 0 21
412 0 21
413 0 22
414 0 22
415 0 22
416 0 22
417 0 22
418 0 22
419 0 22
420 0 22
421 0 22
422 0 22
423 0 22
424 0 22
425 0 22
426 0 22
427 0 23
428 0 23
429 0 23
430 0 23
431 0 23
432 0 23
433 0 22
434 0 22
435 0 22
436 0 22
437 0 23
438 0 23
439 0 23
440 0 23
441 0 23
442 0 23
443 0 23
444 0 23
445 0 23
446 0 24
447 0 25
448 0 25
449 0 26
450 0 26
451 0 27
452 0 27
453 0 27
454 0 27
455 0 27
456 0 27
457 0 27
458 0 27
459 0 27
460 0 27
461 0 27
462 0 27
463 0 28
464 0 28
465 0 27
466 0 27
467 0 27
468 0 27
469 0 27
470 0 27
471 0 27
472 0 27
473 1 27
474 1 28
475 1 28
476 1 29
477 1 29
478 1 29
479 1 29
480 1 30
481 1 30
482 1 30
483 1 30
484 1 30
485 1 30
486 1 30
487 1 30
488 1 30
489 1 30
490 1 30
491 1 30
492 1 30
493 1 30
494 1 31
495 1 31
496 1 31
497 1 31
498 1 31
499 1 32
500 1 32
501 1 32
502 1 32
503 1 32
504 1 32
505 1 32
506 1 33
507 1 33
508 1 33
509 1 34
510 1 34
511 1 34
512 1 34
513 1 34
514 1 34
515 1 34
516 1 34
517 1 34
518 1 34
519 1 35
520 1 35
521 1 35
522 1 35
523 1 36
524 1 36
525 1 36
526 1 36
527 1 36
528 1 36
529 1 36
530 1 36
531 1 35
532 1 35
533 1 35
534 1 35
535 1 35
536 1 35
537 1 35
538 1 35
539 1 35
540 1 35
541 1 35
542 1 34
543 1 34
544 1 35
545 1 35
546 1 35
547 1 35
548 1 35
549 1 36
550 1 36
551 1 36
552 1 36
553 1 37
554 1 37
555 1 37
556 1 37
557 1 37
558 1 37
559 1 37
560 1 37
561 1 37
562 1 37
563 1 36
564 1 36
565 1 36
566 1 36
567 1 36
568 1 36
569 1 36
570 1 36
571 1 36
572 1 36
573 1 37
574 1 37
575 1 36
576 1 36
577 1 36
578 1 36
579 1 36
580 1 36
581 1 36
582 1 36
583 1 36
584 1 36
585 1 36
586 1 36
587 1 36
588 1 36
589 1 36
590 1 36
591 1 36
592 1 36
593 1 36
594 1 35
595 1 35
596 1 35
597 1 35
598 1 35
599 1 35
600 1 35
601 1 35
602 1 35
603 1 35
604 1 35
605 1 35
606 1 34
607 1 34
608 1 34
609 1 35
610 1 35
611 1 35
612 1 35
613 1 35
614 1 35
615 1 35
616 1 35
617 1 35
618 1 35
619 1 35
620 1 35
621 1 35
622 1 35
623 1 35
624 1 35
625 1 35
626 1 35
627 1 36
628 1 36
629 1 36
630 1 36
631 1 36
632 1 36
633 1 36
634 1 36
635 1 36
636 1 36
637 1 36
638 1 36
639 1 36
640 1 36
641 1 36
642 1 36
643 1 36
644 1 36
645 1 37
646 1 36
647 1 36
648 1 36
649 1 37
650 1 37
651 1 37
652 1 37
653 1 37
654 1 37
655 1 36
656 1 37
657 1 37
658 1 36
659 1 36
660 1 36
661 1 36
662 1 36
663 1 36
664 1 36
665 1 36
666 1 36
667 1 36
668 1 36
669 1 36
670 1 36
671 1 36
672 1 36
673 1 36
674 1 36
675 1 36
676 1 36
677 1 36
678 1 36
679 1 36
680 1 36
681 1 36
682 1 36
683 1 36
684 1 36
685 1 36
686 1 36
687 1 36
688 1 36
689 1 36
690 1 36
691 1 36
692 1 36
693 1 36
694 1 36
695 1 36
696 1 36
697 1 35
698 1 36
699 1 36
700 1 36
701 1 36
702 1 36
703 1 36
704 1 36
705 1 36
706 1 36
707 1 36
708 1 36
709 1 36
710 1 36
711 1 36
712 1 36
713 1 36
714 1 36
715 1 36
716 1 36
717 1 36
718 1 36
719 1 36
720 1 36
721 1 36
722 1 36
723 1 35
724 1 35
725 1 36
726 1 36
727 1 36
728 1 36
729 1 36
730 1 36
731 1 36
732 1 36
733 1 36
734 1 36
735 1 36
736 1 36
737 1 36
738 1 36
739 1 36
740 1 37
741 1 37
742 1 37
743 1 36
744 1 36
745 1 36
746 1 36
747 1 36
748 1 36
749 1 36
750 1 36
751 1 36
752 1 36
753 1 36
754 1 36
755 1 36
756 1 36
757 1 36
758 1 36
759 1 36
760 1 36
761 1 36
762 1 36
763 1 36
764 1 36
765 1 36
766 1 36
767 1 36
768 1 36
769 1 36
770 1 36
771 1 36
772 1 36
773 1 36
774 1 36
775 1 36
776 1 36
777 1 36
778 1 36
779 1 36
780 1 36
781 1 36
782 1 36
783 1 35
784 1 36
785 1 36
786 1 36
787 1 36
788 1 36
789 1 36
790 1 36
791 1 36
792 1 36
793 1 36
794 1 36
795 1 36
796 1 36
797 1 36
798 1 36
799 1 36
800 1 36
801 1 36
802 1 36
803 1 36
804 1 36
805 1 36
806 1 36
807 1 36
808 1 36
809 1 36
810 1 36
811 1 36
812 1 36
813 1 36
814 1 36
815 1 36
816 1 36
817 1 36
818 1 36
819 1 36
820 1 36
821 1 36
822 1 36
823 2 36
824 2 36
825 2 36
826 2 36
827 2 36
828 2 36
829 2 36
830 2 36
831 2 36
832 2 36
833 2 36
834 2 36
835 2 36
836 2 37
837 2 37
838 2 36
839 2 36
840 2 36
841 2 36
842 2 36
843 2 36
844 2 37
845 2 36
846 2 36
847 2 36
848 2 36
849 2 36
850 2 36
851 2 36
852 2 36
853 2 36
854 2 36
855 2 36
856 2 36
857 2 36
858 2 36
859 2 36
860 2 36
861 2 36
862 2 36
863 2 36
864 2 36
865 2 36
866 2 36
867 2 36
868 2 36
869 2 36
870 2 36
871 2 36
872 2 36
873 2 36
874 2 36
875 2 36
876 2 36
877 2 36
878 2 36
879 2 36
880 2 36
881 2 36
882 2 36
883 2 36
884 2 36
885 2 36
886 2 36
887 2 36
888 2 36
889 2 36
890 2 36
891 2 36
892 2 36
893 2 37
894 2 36
895 2 37
896 2 37
897 2 37
898 2 36
899 2 37
900 2 37
901 2 37
902 2 37
903 2 37
904 2 37
905 2 37
906 2 37
907 2 37
908 2 37
909 2 37
910 2 37
911 2 37
912 2 37
913 2 37
914 2 37
915 2 37
916 2 37
917 2 37
918 2 37
919 2 37
920 2 37
921 2 37
922 2 37
923 2 37
924 2 37
925 2 37
926 2 37
927 2 37
928 2 37
929 2 37
930 2 37
931 2 37
932 2 37
933 2 37
934 2 37
935 2 37
936 2 37
937 2 37
938 2 37
939 2 37
940 2 37
941 2 37
942 2 37
943 2 37
944 2 38
945 2 37
946 2 38
947 2 38
948 2 38
949 2 38
950 2 38
951 2 38
952 2 38
953 2 38
954 2 38
955 2 38
956 2 38
957 2 38
958 2 38
959 2 38
960 2 38
961 2 38
962 2 38
963 2 38
964 2 38
965 2 38
966 2 38
967 2 38
968 2 38
969 2 38
970 2 38
971 2 38
972 2 38
973 2 38
974 2 38
975 2 38
976 2 39
977 2 38
978 2 38
979 2 38
980 2 38
981 2 38
982 2 38
983 2 38
984 2 38
985 2 38
986 2 38
987 2 38
988 2 38
989 2 38
990 3 39
991 3 39
992 3 39
993 3 39
994 3 39
995 3 39
996 3 39
997 3 39
998 3 39
999 3 39
1000 3 39
1001 3 39
1002 3 39
1003 3 39
1004 3 39
1005 3 39
1006 3 39
1007 3 39
1008 3 39
1009 3 39
1010 3 39
1011 3 39
1012 3 39
1013 3 39
1014 3 39
1015 3 39
1016 3 39
1017 3 39
1018 3 39
1019 3 39
1020 3 39
1021 3 39
1022 3 39
1023 3 39
1024 3 39
1025 3 39
1026 3 39
1027 3 39
1028 3 39
1029 3 39
1030 3 39
1031 3 39
1032 3 39
1033 3 39
1034 3 39
1035 3 39
1036 3 39
1037 3 39
1038 3 39
1039 3 39
1040 3 39
1041 3 39
1042 3 39
1043 3 39
1044 3 39
1045 3 39
1046 3 39
1047 3 39
1048 3 39
1049 3 39
1050 3 39
1051 3 39
1052 3 39
1053 3 39
1054 3 39
1055 3 39
1056 3 39
1057 3 39
1058 3 39
1059 3 39
1060 3 39
1061 3 40
1062 3 39
1063 3 39
1064 3 39
1065 3 39
1066 3 39
1067 3 39
1068 3 39
1069 3 39
1070 3 39
1071 3 40
1072 3 39
1073 3 39
1074 3 39
1075 3 39
1076 3 39
1077 3 39
1078 3 39
1079 3 39
1080 3 39
1081 3 39
1082 3 39
1083 3 39
1084 3 39
1085 3 39
1086 3 39
1087 3 39
1088 3 39
1089 3 40
1090 3 40
1091 3 40
1092 3 40
1093 3 40
1094 3 40
1095 3 40
1096 3 40
1097 3 40
1098 3 40
1099 3 40
1100 3 40
1101 3 40
1102 3 40
1103 3 41
1104 3 41
1105 3 41
1106 3 41
1107 3 41
1108 3 41
1109 3 41
1110 3 41
1111 3 41
1112 3 41
1113 3 41
1114 3 41
1115 3 41
1116 3 41
1117 3 41
1118 3 41
1119 3 41
1120 3 41
1121 3 41
1122 3 41
1123 3 41
1124 3 41
1125 4 41
1126 4 41
1127 4 41
1128 4 41
1129 4 41
1130 4 41
1131 4 41
1132 4 41
1133 4 41
1134 4 41
1135 4 41
1136 4 42
1137 4 42
1138 4 42
1139 4 42
1140 4 42
1141 4 42
1142 4 42
1143 4 42
1144 4 42
1145 4 42
1146 4 42
1147 4 42
1148 4 42
1149 4 42
1150 4 42
1151 4 42
1152 4 42
1153 4 42
1154 4 42
1155 4 42
1156 4 42
1157 4 42
1158 4 42
1159 4 42
1160 4 42
1161 4 42
1162 4 42
1163 4 42
1164 4 42
1165 4 42
1166 4 42
1167 4 42
1168 4 42
1169 4 42
1170 4 42
1171 4 42
1172 4 42
1173 4 42
1174 4 42
1175 4 42
1176 4 42
1177 4 42
1178 4 42
1179 4 42
1180 4 42
1181 4 42
1182 4 42
1183 4 42
1184 4 42
1185 4 42
1186 4 42
1187 4 42
1188 4 42
1189 4 42
1190 4 42
1191 4 42
1192 4 42
1193 4 42
1194 4 42
1195 4 42
1196 4 42
1197 4 42
1198 4 42
1199 4 42
1200 4 42
1201 4 42
1202 4 42
1203 4 42
1204 4 42
1205 4 42
1206 5 42
1207 5 42
1208 5 42
1209 5 42
1210 5 42
1211 5 42
1212 5 42
1213 5 42
1214 5 42
1215 5 42
1216 5 42
1217 5 42
1218 5 42
1219 5 42
1220 5 43
1221 5 43
1222 5 43
1223 5 43
1224 5 43
1225 5 43
1226 5 43
1227 5 43
1228 5 43
1229 5 43
1230 5 43
1231 6 43
1232 6 43
1233 6 43
1234 6 43
1235 6 43
1236 6 43
1237 6 43
1238 6 43
1239 6 43
1240 6 43
1241 6 43
1242 6 43
1243 6 43
1244 6 44
1245 6 43
1246 6 43
1247 6 43
1248 6 43
1249 6 43
1250 6 43
1251 6 43
1252 6 43
1253 6 44
1254 6 44
1255 6 43
1256 6 44
1257 6 44
1258 6 44
1259 6 44
1260 6 44
1261 6 44
1262 6 44
1263 6 44
1264 6 44
1265 6 44
1266 6 44
1267 6 44
1268 7 44
1269 7 44
1270 7 44
1271 7 44
1272 7 44
1273 7 44
1274 7 44
1275 7 44
1276 7 44
1277 7 44
1278 7 44
1279 7 44
1280 7 44
1281 7 44
1282 7 44
1283 7 44
1284 7 44
1285 7 44
1286 7 44
1287 7 44
1288 7 44
1289 7 44
1290 7 44
1291 7 44
1292 7 44
1293 7 44
1294 7 44
1295 7 44
1296 7 44
1297 7 44
1298 7 44
1299 8 44
1300 8 44
1301 8 44
1302 8 44
1303 8 44
1304 8 44
1305 8 44
1306 8 44
1307 8 44
1308 8 44
1309 8 44
1310 8 44
1311 9 44
1312 9 44
1313 9 44
1314 9 44
1315 9 44
1316 9 44
1317 9 44
1318 9 44
1319 9 44
1320 9 44
1321 10 44
1322 10 44
1323 10 44
1324 10 44
1325 10 44
1326 11 44
1327 11 44
1328 11 44
1329 11 44
1330 11 44
1331 11 44
1332 12 44
1333 12 44
1334 12 44
1335 12 44
1336 12 44
1337 13 44
1338 13 44
1339 13 44
1340 13 44
1341 13 44
1342 14 44
1343 14 44
1344 14 44
1345 14 44
1346 14 44
1347 14 44
1348 14 44
1349 14 44
1350 16 44
1351 17 44
1352 17 44
1353 18 44
1354 18 44
1355 18 44
1356 18 44
1357 18 44
1358 18 44
1359 18 44
1360 18 44
1361 20 44
1362 22 44
1363 22 44
1364 24 44
1365 29 44
1366 29 44
1367 32 44
1368 34 44
1369 34 44
1370 36 44
1371 36 44
1372 36 44
1373 36 44
1374 39 44
1375 99 44
1376 99 44
1377 100 44
